,sequence,dataid,local_15min,solar_total,grid,sequence_reset,local_15min_localize
1105057,1105057,5679,2019-05-01 00:00:00-05,0.009,0.38,1,2019-05-01 00:00:00
1105058,1105058,5679,2019-05-01 00:15:00-05,0.009,0.315,2,2019-05-01 00:15:00
1105059,1105059,5679,2019-05-01 00:30:00-05,0.009,0.166,3,2019-05-01 00:30:00
1105060,1105060,5679,2019-05-01 00:45:00-05,0.009,0.155,4,2019-05-01 00:45:00
1105061,1105061,5679,2019-05-01 01:00:00-05,0.009,0.155,5,2019-05-01 01:00:00
1105062,1105062,5679,2019-05-01 01:15:00-05,0.009,0.157,6,2019-05-01 01:15:00
1105063,1105063,5679,2019-05-01 01:30:00-05,0.009,0.155,7,2019-05-01 01:30:00
1105064,1105064,5679,2019-05-01 01:45:00-05,0.009,0.206,8,2019-05-01 01:45:00
1105065,1105065,5679,2019-05-01 02:00:00-05,0.009,0.263,9,2019-05-01 02:00:00
1105066,1105066,5679,2019-05-01 02:15:00-05,0.009,0.253,10,2019-05-01 02:15:00
1105067,1105067,5679,2019-05-01 02:30:00-05,0.009,0.266,11,2019-05-01 02:30:00
1105068,1105068,5679,2019-05-01 02:45:00-05,0.009,0.277,12,2019-05-01 02:45:00
1105069,1105069,5679,2019-05-01 03:00:00-05,0.009,0.374,13,2019-05-01 03:00:00
1105070,1105070,5679,2019-05-01 03:15:00-05,0.009,0.41,14,2019-05-01 03:15:00
1105071,1105071,5679,2019-05-01 03:30:00-05,0.009,0.304,15,2019-05-01 03:30:00
1105072,1105072,5679,2019-05-01 03:45:00-05,0.009,0.472,16,2019-05-01 03:45:00
1105073,1105073,5679,2019-05-01 04:00:00-05,0.009,0.485,17,2019-05-01 04:00:00
1105074,1105074,5679,2019-05-01 04:15:00-05,0.009,0.378,18,2019-05-01 04:15:00
1105075,1105075,5679,2019-05-01 04:30:00-05,0.008,1.046,19,2019-05-01 04:30:00
1105076,1105076,5679,2019-05-01 04:45:00-05,0.008,0.912,20,2019-05-01 04:45:00
1105077,1105077,5679,2019-05-01 05:00:00-05,0.007,1.797,21,2019-05-01 05:00:00
1105078,1105078,5679,2019-05-01 05:15:00-05,0.006,2.53,22,2019-05-01 05:15:00
1105079,1105079,5679,2019-05-01 05:30:00-05,0.007,2.087,23,2019-05-01 05:30:00
1105080,1105080,5679,2019-05-01 05:45:00-05,0.028,1.573,24,2019-05-01 05:45:00
1105081,1105081,5679,2019-05-01 06:00:00-05,0.051,1.587,25,2019-05-01 06:00:00
1105082,1105082,5679,2019-05-01 06:15:00-05,0.08,1.17,26,2019-05-01 06:15:00
1105083,1105083,5679,2019-05-01 06:30:00-05,0.111,0.758,27,2019-05-01 06:30:00
1105084,1105084,5679,2019-05-01 06:45:00-05,0.122,1.311,28,2019-05-01 06:45:00
1105085,1105085,5679,2019-05-01 07:00:00-05,0.198,0.536,29,2019-05-01 07:00:00
1105086,1105086,5679,2019-05-01 07:15:00-05,0.258,0.893,30,2019-05-01 07:15:00
1105087,1105087,5679,2019-05-01 07:30:00-05,0.29,1.318,31,2019-05-01 07:30:00
1105088,1105088,5679,2019-05-01 07:45:00-05,0.362,1.405,32,2019-05-01 07:45:00
1105089,1105089,5679,2019-05-01 08:00:00-05,0.402,1.265,33,2019-05-01 08:00:00
1105090,1105090,5679,2019-05-01 08:15:00-05,0.411,1.105,34,2019-05-01 08:15:00
1105091,1105091,5679,2019-05-01 08:30:00-05,0.502,0.251,35,2019-05-01 08:30:00
1105092,1105092,5679,2019-05-01 08:45:00-05,0.578,0.766,36,2019-05-01 08:45:00
1105093,1105093,5679,2019-05-01 09:00:00-05,0.643,0.93,37,2019-05-01 09:00:00
1105094,1105094,5679,2019-05-01 09:15:00-05,0.593,0.673,38,2019-05-01 09:15:00
1105095,1105095,5679,2019-05-01 09:30:00-05,0.792,0.833,39,2019-05-01 09:30:00
1105096,1105096,5679,2019-05-01 09:45:00-05,0.995,0.304,40,2019-05-01 09:45:00
1105097,1105097,5679,2019-05-01 10:00:00-05,1.114,0.127,41,2019-05-01 10:00:00
1105098,1105098,5679,2019-05-01 10:15:00-05,1.142,0.098,42,2019-05-01 10:15:00
1105099,1105099,5679,2019-05-01 10:30:00-05,1.518,-0.793,43,2019-05-01 10:30:00
1105100,1105100,5679,2019-05-01 10:45:00-05,1.054,0.204,44,2019-05-01 10:45:00
1105101,1105101,5679,2019-05-01 11:00:00-05,1.991,0.198,45,2019-05-01 11:00:00
1105102,1105102,5679,2019-05-01 11:15:00-05,1.844,0.344,46,2019-05-01 11:15:00
1105103,1105103,5679,2019-05-01 11:30:00-05,2.258,-0.962,47,2019-05-01 11:30:00
1105104,1105104,5679,2019-05-01 11:45:00-05,2.75,-1.571,48,2019-05-01 11:45:00
1105105,1105105,5679,2019-05-01 12:00:00-05,2.2,-1.17,49,2019-05-01 12:00:00
1105106,1105106,5679,2019-05-01 12:15:00-05,3.345,-2.43,50,2019-05-01 12:15:00
1105107,1105107,5679,2019-05-01 12:30:00-05,3.545,-2.711,51,2019-05-01 12:30:00
1105108,1105108,5679,2019-05-01 12:45:00-05,4.59,-3.503,52,2019-05-01 12:45:00
1105109,1105109,5679,2019-05-01 13:00:00-05,4.246,-3.392,53,2019-05-01 13:00:00
1105110,1105110,5679,2019-05-01 13:15:00-05,3.781,-3.044,54,2019-05-01 13:15:00
1105111,1105111,5679,2019-05-01 13:30:00-05,3.383,-2.91,55,2019-05-01 13:30:00
1105112,1105112,5679,2019-05-01 13:45:00-05,3.211,-2.831,56,2019-05-01 13:45:00
1105113,1105113,5679,2019-05-01 14:00:00-05,2.495,-2.216,57,2019-05-01 14:00:00
1105114,1105114,5679,2019-05-01 14:15:00-05,1.147,-0.891,58,2019-05-01 14:15:00
1105115,1105115,5679,2019-05-01 14:30:00-05,1.2,-1.003,59,2019-05-01 14:30:00
1105116,1105116,5679,2019-05-01 14:45:00-05,1.71,-1.544,60,2019-05-01 14:45:00
1105117,1105117,5679,2019-05-01 15:00:00-05,1.534,-1.264,61,2019-05-01 15:00:00
1105118,1105118,5679,2019-05-01 15:15:00-05,1.342,-0.981,62,2019-05-01 15:15:00
1105119,1105119,5679,2019-05-01 15:30:00-05,1.311,-0.808,63,2019-05-01 15:30:00
1105120,1105120,5679,2019-05-01 15:45:00-05,0.903,-0.345,64,2019-05-01 15:45:00
1105121,1105121,5679,2019-05-01 16:00:00-05,0.788,-0.264,65,2019-05-01 16:00:00
1105122,1105122,5679,2019-05-01 16:15:00-05,0.665,0.079,66,2019-05-01 16:15:00
1105123,1105123,5679,2019-05-01 16:30:00-05,0.511,0.142,67,2019-05-01 16:30:00
1105124,1105124,5679,2019-05-01 16:45:00-05,0.558,0.085,68,2019-05-01 16:45:00
1105125,1105125,5679,2019-05-01 17:00:00-05,0.42,0.032,69,2019-05-01 17:00:00
1105126,1105126,5679,2019-05-01 17:15:00-05,0.278,0.128,70,2019-05-01 17:15:00
1105127,1105127,5679,2019-05-01 17:30:00-05,0.167,0.209,71,2019-05-01 17:30:00
1105128,1105128,5679,2019-05-01 17:45:00-05,0.154,0.225,72,2019-05-01 17:45:00
1105129,1105129,5679,2019-05-01 18:00:00-05,0.107,0.313,73,2019-05-01 18:00:00
1105130,1105130,5679,2019-05-01 18:15:00-05,0.076,0.243,74,2019-05-01 18:15:00
1105131,1105131,5679,2019-05-01 18:30:00-05,0.039,0.267,75,2019-05-01 18:30:00
1105132,1105132,5679,2019-05-01 18:45:00-05,0.019,0.289,76,2019-05-01 18:45:00
1105133,1105133,5679,2019-05-01 19:00:00-05,0.007,0.764,77,2019-05-01 19:00:00
1105134,1105134,5679,2019-05-01 19:15:00-05,0.0,7.445,78,2019-05-01 19:15:00
1105135,1105135,5679,2019-05-01 19:30:00-05,-0.001,7.401,79,2019-05-01 19:30:00
1105136,1105136,5679,2019-05-01 19:45:00-05,-0.001,7.39,80,2019-05-01 19:45:00
1105137,1105137,5679,2019-05-01 20:00:00-05,0.0,7.255,81,2019-05-01 20:00:00
1105138,1105138,5679,2019-05-01 20:15:00-05,0.0,7.244,82,2019-05-01 20:15:00
1105139,1105139,5679,2019-05-01 20:30:00-05,0.0,7.257,83,2019-05-01 20:30:00
1105140,1105140,5679,2019-05-01 20:45:00-05,0.006,1.835,84,2019-05-01 20:45:00
1105141,1105141,5679,2019-05-01 21:00:00-05,0.007,0.408,85,2019-05-01 21:00:00
1105142,1105142,5679,2019-05-01 21:15:00-05,0.007,0.326,86,2019-05-01 21:15:00
1105143,1105143,5679,2019-05-01 21:30:00-05,0.008,0.239,87,2019-05-01 21:30:00
1105144,1105144,5679,2019-05-01 21:45:00-05,0.008,0.239,88,2019-05-01 21:45:00
1105145,1105145,5679,2019-05-01 22:00:00-05,0.008,0.194,89,2019-05-01 22:00:00
1105146,1105146,5679,2019-05-01 22:15:00-05,0.008,0.161,90,2019-05-01 22:15:00
1105147,1105147,5679,2019-05-01 22:30:00-05,0.008,0.223,91,2019-05-01 22:30:00
1105148,1105148,5679,2019-05-01 22:45:00-05,0.008,0.44,92,2019-05-01 22:45:00
1105149,1105149,5679,2019-05-01 23:00:00-05,0.008,0.482,93,2019-05-01 23:00:00
1105150,1105150,5679,2019-05-01 23:15:00-05,0.008,0.278,94,2019-05-01 23:15:00
1105151,1105151,5679,2019-05-01 23:30:00-05,0.008,0.266,95,2019-05-01 23:30:00
1105152,1105152,5679,2019-05-01 23:45:00-05,0.008,0.248,96,2019-05-01 23:45:00
1105153,1105153,5679,2019-05-02 00:00:00-05,0.008,0.19,97,2019-05-02 00:00:00
1105154,1105154,5679,2019-05-02 00:15:00-05,0.008,0.272,98,2019-05-02 00:15:00
1105155,1105155,5679,2019-05-02 00:30:00-05,0.008,0.172,99,2019-05-02 00:30:00
1105156,1105156,5679,2019-05-02 00:45:00-05,0.008,0.158,100,2019-05-02 00:45:00
1105157,1105157,5679,2019-05-02 01:00:00-05,0.008,0.159,101,2019-05-02 01:00:00
1105158,1105158,5679,2019-05-02 01:15:00-05,0.008,0.158,102,2019-05-02 01:15:00
1105159,1105159,5679,2019-05-02 01:30:00-05,0.008,0.181,103,2019-05-02 01:30:00
1105160,1105160,5679,2019-05-02 01:45:00-05,0.008,0.319,104,2019-05-02 01:45:00
1105161,1105161,5679,2019-05-02 02:00:00-05,0.008,0.38,105,2019-05-02 02:00:00
1105162,1105162,5679,2019-05-02 02:15:00-05,0.008,0.269,106,2019-05-02 02:15:00
1105163,1105163,5679,2019-05-02 02:30:00-05,0.008,0.265,107,2019-05-02 02:30:00
1105164,1105164,5679,2019-05-02 02:45:00-05,0.008,0.264,108,2019-05-02 02:45:00
1105165,1105165,5679,2019-05-02 03:00:00-05,0.008,0.222,109,2019-05-02 03:00:00
1105166,1105166,5679,2019-05-02 03:15:00-05,0.008,0.274,110,2019-05-02 03:15:00
1105167,1105167,5679,2019-05-02 03:30:00-05,0.008,0.18,111,2019-05-02 03:30:00
1105168,1105168,5679,2019-05-02 03:45:00-05,0.008,0.157,112,2019-05-02 03:45:00
1105169,1105169,5679,2019-05-02 04:00:00-05,0.008,0.157,113,2019-05-02 04:00:00
1105170,1105170,5679,2019-05-02 04:15:00-05,0.008,0.159,114,2019-05-02 04:15:00
1105171,1105171,5679,2019-05-02 04:30:00-05,0.008,0.22,115,2019-05-02 04:30:00
1105172,1105172,5679,2019-05-02 04:45:00-05,0.006,2.316,116,2019-05-02 04:45:00
1105173,1105173,5679,2019-05-02 05:00:00-05,0.005,3.303,117,2019-05-02 05:00:00
1105174,1105174,5679,2019-05-02 05:15:00-05,0.019,2.517,118,2019-05-02 05:15:00
1105175,1105175,5679,2019-05-02 05:30:00-05,0.041,1.588,119,2019-05-02 05:30:00
1105176,1105176,5679,2019-05-02 05:45:00-05,0.096,1.379,120,2019-05-02 05:45:00
1105177,1105177,5679,2019-05-02 06:00:00-05,0.109,0.295,121,2019-05-02 06:00:00
1105178,1105178,5679,2019-05-02 06:15:00-05,0.148,0.281,122,2019-05-02 06:15:00
1105179,1105179,5679,2019-05-02 06:30:00-05,0.066,0.264,123,2019-05-02 06:30:00
1105180,1105180,5679,2019-05-02 06:45:00-05,0.099,0.885,124,2019-05-02 06:45:00
1105181,1105181,5679,2019-05-02 07:00:00-05,0.146,1.2,125,2019-05-02 07:00:00
1105182,1105182,5679,2019-05-02 07:15:00-05,0.258,1.129,126,2019-05-02 07:15:00
1105183,1105183,5679,2019-05-02 07:30:00-05,0.226,0.769,127,2019-05-02 07:30:00
1105184,1105184,5679,2019-05-02 07:45:00-05,0.131,0.399,128,2019-05-02 07:45:00
1105185,1105185,5679,2019-05-02 08:00:00-05,0.182,0.409,129,2019-05-02 08:00:00
1105186,1105186,5679,2019-05-02 08:15:00-05,0.273,1.455,130,2019-05-02 08:15:00
1105187,1105187,5679,2019-05-02 08:30:00-05,0.315,1.286,131,2019-05-02 08:30:00
1105188,1105188,5679,2019-05-02 08:45:00-05,0.354,0.726,132,2019-05-02 08:45:00
1105189,1105189,5679,2019-05-02 09:00:00-05,0.548,-0.118,133,2019-05-02 09:00:00
1105190,1105190,5679,2019-05-02 09:15:00-05,0.383,0.106,134,2019-05-02 09:15:00
1105191,1105191,5679,2019-05-02 09:30:00-05,0.3,0.276,135,2019-05-02 09:30:00
1105192,1105192,5679,2019-05-02 09:45:00-05,0.544,0.848,136,2019-05-02 09:45:00
1105193,1105193,5679,2019-05-02 10:00:00-05,0.878,0.617,137,2019-05-02 10:00:00
1105194,1105194,5679,2019-05-02 10:15:00-05,1.039,0.018,138,2019-05-02 10:15:00
1105195,1105195,5679,2019-05-02 10:30:00-05,1.063,-0.372,139,2019-05-02 10:30:00
1105196,1105196,5679,2019-05-02 10:45:00-05,0.754,-0.252,140,2019-05-02 10:45:00
1105197,1105197,5679,2019-05-02 11:00:00-05,0.848,-0.319,141,2019-05-02 11:00:00
1105198,1105198,5679,2019-05-02 11:15:00-05,1.306,-0.075,142,2019-05-02 11:15:00
1105199,1105199,5679,2019-05-02 11:30:00-05,0.9,0.466,143,2019-05-02 11:30:00
1105200,1105200,5679,2019-05-02 11:45:00-05,0.915,0.575,144,2019-05-02 11:45:00
1105201,1105201,5679,2019-05-02 12:00:00-05,0.91,0.192,145,2019-05-02 12:00:00
1105202,1105202,5679,2019-05-02 12:15:00-05,1.389,-0.733,146,2019-05-02 12:15:00
1105203,1105203,5679,2019-05-02 12:30:00-05,1.819,-1.576,147,2019-05-02 12:30:00
1105204,1105204,5679,2019-05-02 12:45:00-05,2.915,-2.759,148,2019-05-02 12:45:00
1105205,1105205,5679,2019-05-02 13:00:00-05,3.572,-3.414,149,2019-05-02 13:00:00
1105206,1105206,5679,2019-05-02 13:15:00-05,3.854,-3.695,150,2019-05-02 13:15:00
1105207,1105207,5679,2019-05-02 13:30:00-05,3.466,-3.311,151,2019-05-02 13:30:00
1105208,1105208,5679,2019-05-02 13:45:00-05,3.176,-3.033,152,2019-05-02 13:45:00
1105209,1105209,5679,2019-05-02 14:00:00-05,2.716,-2.407,153,2019-05-02 14:00:00
1105210,1105210,5679,2019-05-02 14:15:00-05,2.258,-1.895,154,2019-05-02 14:15:00
1105211,1105211,5679,2019-05-02 14:30:00-05,1.845,-1.585,155,2019-05-02 14:30:00
1105212,1105212,5679,2019-05-02 14:45:00-05,1.662,-1.301,156,2019-05-02 14:45:00
1105213,1105213,5679,2019-05-02 15:00:00-05,1.3,-0.612,157,2019-05-02 15:00:00
1105214,1105214,5679,2019-05-02 15:15:00-05,1.098,-0.289,158,2019-05-02 15:15:00
1105215,1105215,5679,2019-05-02 15:30:00-05,0.889,-0.12,159,2019-05-02 15:30:00
1105216,1105216,5679,2019-05-02 15:45:00-05,0.665,-0.023,160,2019-05-02 15:45:00
1105217,1105217,5679,2019-05-02 16:00:00-05,0.501,0.028,161,2019-05-02 16:00:00
1105218,1105218,5679,2019-05-02 16:15:00-05,0.439,0.474,162,2019-05-02 16:15:00
1105219,1105219,5679,2019-05-02 16:30:00-05,0.446,-0.136,163,2019-05-02 16:30:00
1105220,1105220,5679,2019-05-02 16:45:00-05,0.456,0.125,164,2019-05-02 16:45:00
1105221,1105221,5679,2019-05-02 17:00:00-05,0.43,-0.114,165,2019-05-02 17:00:00
1105222,1105222,5679,2019-05-02 17:15:00-05,0.421,-0.068,166,2019-05-02 17:15:00
1105223,1105223,5679,2019-05-02 17:30:00-05,0.293,0.188,167,2019-05-02 17:30:00
1105224,1105224,5679,2019-05-02 17:45:00-05,0.224,0.233,168,2019-05-02 17:45:00
1105225,1105225,5679,2019-05-02 18:00:00-05,0.2,0.205,169,2019-05-02 18:00:00
1105226,1105226,5679,2019-05-02 18:15:00-05,0.154,0.288,170,2019-05-02 18:15:00
1105227,1105227,5679,2019-05-02 18:30:00-05,0.106,0.335,171,2019-05-02 18:30:00
1105228,1105228,5679,2019-05-02 18:45:00-05,0.048,0.307,172,2019-05-02 18:45:00
1105229,1105229,5679,2019-05-02 19:00:00-05,0.013,0.459,173,2019-05-02 19:00:00
1105230,1105230,5679,2019-05-02 19:15:00-05,0.008,0.398,174,2019-05-02 19:15:00
1105231,1105231,5679,2019-05-02 19:30:00-05,0.008,0.344,175,2019-05-02 19:30:00
1105232,1105232,5679,2019-05-02 19:45:00-05,0.008,0.339,176,2019-05-02 19:45:00
1105233,1105233,5679,2019-05-02 20:00:00-05,0.008,0.434,177,2019-05-02 20:00:00
1105234,1105234,5679,2019-05-02 20:15:00-05,0.008,0.466,178,2019-05-02 20:15:00
1105235,1105235,5679,2019-05-02 20:30:00-05,0.008,0.565,179,2019-05-02 20:30:00
1105236,1105236,5679,2019-05-02 20:45:00-05,0.008,0.578,180,2019-05-02 20:45:00
1105237,1105237,5679,2019-05-02 21:00:00-05,0.008,0.572,181,2019-05-02 21:00:00
1105238,1105238,5679,2019-05-02 21:15:00-05,0.008,0.497,182,2019-05-02 21:15:00
1105239,1105239,5679,2019-05-02 21:30:00-05,0.008,0.505,183,2019-05-02 21:30:00
1105240,1105240,5679,2019-05-02 21:45:00-05,0.008,0.373,184,2019-05-02 21:45:00
1105241,1105241,5679,2019-05-02 22:00:00-05,0.008,0.313,185,2019-05-02 22:00:00
1105242,1105242,5679,2019-05-02 22:15:00-05,0.008,0.156,186,2019-05-02 22:15:00
1105243,1105243,5679,2019-05-02 22:30:00-05,0.008,0.254,187,2019-05-02 22:30:00
1105244,1105244,5679,2019-05-02 22:45:00-05,0.008,0.236,188,2019-05-02 22:45:00
1105245,1105245,5679,2019-05-02 23:00:00-05,0.009,0.157,189,2019-05-02 23:00:00
1105246,1105246,5679,2019-05-02 23:15:00-05,0.009,0.177,190,2019-05-02 23:15:00
1105247,1105247,5679,2019-05-02 23:30:00-05,0.008,0.272,191,2019-05-02 23:30:00
1105248,1105248,5679,2019-05-02 23:45:00-05,0.008,0.265,192,2019-05-02 23:45:00
1105249,1105249,5679,2019-05-03 00:00:00-05,0.008,0.263,193,2019-05-03 00:00:00
1105250,1105250,5679,2019-05-03 00:15:00-05,0.008,0.398,194,2019-05-03 00:15:00
1105251,1105251,5679,2019-05-03 00:30:00-05,0.008,0.423,195,2019-05-03 00:30:00
1105252,1105252,5679,2019-05-03 00:45:00-05,0.009,0.259,196,2019-05-03 00:45:00
1105253,1105253,5679,2019-05-03 01:00:00-05,0.009,0.156,197,2019-05-03 01:00:00
1105254,1105254,5679,2019-05-03 01:15:00-05,0.009,0.158,198,2019-05-03 01:15:00
1105255,1105255,5679,2019-05-03 01:30:00-05,0.009,0.158,199,2019-05-03 01:30:00
1105256,1105256,5679,2019-05-03 01:45:00-05,0.009,0.157,200,2019-05-03 01:45:00
1105257,1105257,5679,2019-05-03 02:00:00-05,0.009,0.211,201,2019-05-03 02:00:00
1105258,1105258,5679,2019-05-03 02:15:00-05,0.008,0.355,202,2019-05-03 02:15:00
1105259,1105259,5679,2019-05-03 02:30:00-05,0.009,0.276,203,2019-05-03 02:30:00
1105260,1105260,5679,2019-05-03 02:45:00-05,0.009,0.265,204,2019-05-03 02:45:00
1105261,1105261,5679,2019-05-03 03:00:00-05,0.009,0.265,205,2019-05-03 03:00:00
1105262,1105262,5679,2019-05-03 03:15:00-05,0.009,0.274,206,2019-05-03 03:15:00
1105263,1105263,5679,2019-05-03 03:30:00-05,0.009,0.247,207,2019-05-03 03:30:00
1105264,1105264,5679,2019-05-03 03:45:00-05,0.007,1.343,208,2019-05-03 03:45:00
1105265,1105265,5679,2019-05-03 04:00:00-05,0.008,0.825,209,2019-05-03 04:00:00
1105266,1105266,5679,2019-05-03 04:15:00-05,0.008,0.439,210,2019-05-03 04:15:00
1105267,1105267,5679,2019-05-03 04:30:00-05,0.007,1.377,211,2019-05-03 04:30:00
1105268,1105268,5679,2019-05-03 04:45:00-05,0.008,0.875,212,2019-05-03 04:45:00
1105269,1105269,5679,2019-05-03 05:00:00-05,0.008,0.845,213,2019-05-03 05:00:00
1105270,1105270,5679,2019-05-03 05:15:00-05,0.013,1.425,214,2019-05-03 05:15:00
1105271,1105271,5679,2019-05-03 05:30:00-05,0.048,1.513,215,2019-05-03 05:30:00
1105272,1105272,5679,2019-05-03 05:45:00-05,0.054,1.621,216,2019-05-03 05:45:00
1105273,1105273,5679,2019-05-03 06:00:00-05,0.085,1.733,217,2019-05-03 06:00:00
1105274,1105274,5679,2019-05-03 06:15:00-05,0.111,1.202,218,2019-05-03 06:15:00
1105275,1105275,5679,2019-05-03 06:30:00-05,0.108,0.651,219,2019-05-03 06:30:00
1105276,1105276,5679,2019-05-03 06:45:00-05,0.165,0.958,220,2019-05-03 06:45:00
1105277,1105277,5679,2019-05-03 07:00:00-05,0.456,0.991,221,2019-05-03 07:00:00
1105278,1105278,5679,2019-05-03 07:15:00-05,0.525,1.06,222,2019-05-03 07:15:00
1105279,1105279,5679,2019-05-03 07:30:00-05,0.625,0.862,223,2019-05-03 07:30:00
1105280,1105280,5679,2019-05-03 07:45:00-05,0.664,-0.324,224,2019-05-03 07:45:00
1105281,1105281,5679,2019-05-03 08:00:00-05,1.516,-1.193,225,2019-05-03 08:00:00
1105282,1105282,5679,2019-05-03 08:15:00-05,1.274,-0.756,226,2019-05-03 08:15:00
1105283,1105283,5679,2019-05-03 08:30:00-05,1.039,-0.195,227,2019-05-03 08:30:00
1105284,1105284,5679,2019-05-03 08:45:00-05,1.391,-1.003,228,2019-05-03 08:45:00
1105285,1105285,5679,2019-05-03 09:00:00-05,1.609,-1.241,229,2019-05-03 09:00:00
1105286,1105286,5679,2019-05-03 09:15:00-05,3.027,-2.667,230,2019-05-03 09:15:00
1105287,1105287,5679,2019-05-03 09:30:00-05,1.61,-1.161,231,2019-05-03 09:30:00
1105288,1105288,5679,2019-05-03 09:45:00-05,2.05,-1.675,232,2019-05-03 09:45:00
1105289,1105289,5679,2019-05-03 10:00:00-05,1.575,-1.316,233,2019-05-03 10:00:00
1105290,1105290,5679,2019-05-03 10:15:00-05,2.084,-1.892,234,2019-05-03 10:15:00
1105291,1105291,5679,2019-05-03 10:30:00-05,2.973,-2.822,235,2019-05-03 10:30:00
1105292,1105292,5679,2019-05-03 10:45:00-05,2.018,-1.655,236,2019-05-03 10:45:00
1105293,1105293,5679,2019-05-03 11:00:00-05,0.651,4.406,237,2019-05-03 11:00:00
1105294,1105294,5679,2019-05-03 11:15:00-05,0.902,6.681,238,2019-05-03 11:15:00
1105295,1105295,5679,2019-05-03 11:30:00-05,0.928,6.231,239,2019-05-03 11:30:00
1105296,1105296,5679,2019-05-03 11:45:00-05,3.634,-1.203,240,2019-05-03 11:45:00
1105297,1105297,5679,2019-05-03 12:00:00-05,1.045,-0.654,241,2019-05-03 12:00:00
1105298,1105298,5679,2019-05-03 12:15:00-05,1.063,-0.606,242,2019-05-03 12:15:00
1105299,1105299,5679,2019-05-03 12:30:00-05,2.835,-2.485,243,2019-05-03 12:30:00
1105300,1105300,5679,2019-05-03 12:45:00-05,1.392,-0.967,244,2019-05-03 12:45:00
1105301,1105301,5679,2019-05-03 13:00:00-05,1.06,-0.734,245,2019-05-03 13:00:00
1105302,1105302,5679,2019-05-03 13:15:00-05,0.48,-0.215,246,2019-05-03 13:15:00
1105303,1105303,5679,2019-05-03 13:30:00-05,0.654,-0.391,247,2019-05-03 13:30:00
1105304,1105304,5679,2019-05-03 13:45:00-05,0.653,-0.352,248,2019-05-03 13:45:00
1105305,1105305,5679,2019-05-03 14:00:00-05,0.475,-0.101,249,2019-05-03 14:00:00
1105306,1105306,5679,2019-05-03 14:15:00-05,0.348,-0.086,250,2019-05-03 14:15:00
1105307,1105307,5679,2019-05-03 14:30:00-05,0.279,-0.062,251,2019-05-03 14:30:00
1105308,1105308,5679,2019-05-03 14:45:00-05,0.317,-0.16,252,2019-05-03 14:45:00
1105309,1105309,5679,2019-05-03 15:00:00-05,0.355,-0.199,253,2019-05-03 15:00:00
1105310,1105310,5679,2019-05-03 15:15:00-05,0.643,-0.386,254,2019-05-03 15:15:00
1105311,1105311,5679,2019-05-03 15:30:00-05,0.466,4.426,255,2019-05-03 15:30:00
1105312,1105312,5679,2019-05-03 15:45:00-05,0.529,6.587,256,2019-05-03 15:45:00
1105313,1105313,5679,2019-05-03 16:00:00-05,1.182,5.93,257,2019-05-03 16:00:00
1105314,1105314,5679,2019-05-03 16:15:00-05,0.585,6.682,258,2019-05-03 16:15:00
1105315,1105315,5679,2019-05-03 16:30:00-05,0.469,5.006,259,2019-05-03 16:30:00
1105316,1105316,5679,2019-05-03 16:45:00-05,0.204,0.398,260,2019-05-03 16:45:00
1105317,1105317,5679,2019-05-03 17:00:00-05,0.144,0.307,261,2019-05-03 17:00:00
1105318,1105318,5679,2019-05-03 17:15:00-05,0.118,0.521,262,2019-05-03 17:15:00
1105319,1105319,5679,2019-05-03 17:30:00-05,0.076,0.484,263,2019-05-03 17:30:00
1105320,1105320,5679,2019-05-03 17:45:00-05,0.193,0.481,264,2019-05-03 17:45:00
1105321,1105321,5679,2019-05-03 18:00:00-05,0.159,0.14,265,2019-05-03 18:00:00
1105322,1105322,5679,2019-05-03 18:15:00-05,0.054,0.349,266,2019-05-03 18:15:00
1105323,1105323,5679,2019-05-03 18:30:00-05,0.013,0.471,267,2019-05-03 18:30:00
1105324,1105324,5679,2019-05-03 18:45:00-05,0.007,0.441,268,2019-05-03 18:45:00
1105325,1105325,5679,2019-05-03 19:00:00-05,0.007,0.418,269,2019-05-03 19:00:00
1105326,1105326,5679,2019-05-03 19:15:00-05,0.007,0.545,270,2019-05-03 19:15:00
1105327,1105327,5679,2019-05-03 19:30:00-05,0.007,0.455,271,2019-05-03 19:30:00
1105328,1105328,5679,2019-05-03 19:45:00-05,0.007,0.453,272,2019-05-03 19:45:00
1105329,1105329,5679,2019-05-03 20:00:00-05,0.007,0.564,273,2019-05-03 20:00:00
1105330,1105330,5679,2019-05-03 20:15:00-05,0.007,0.578,274,2019-05-03 20:15:00
1105331,1105331,5679,2019-05-03 20:30:00-05,0.007,0.341,275,2019-05-03 20:30:00
1105332,1105332,5679,2019-05-03 20:45:00-05,0.008,0.245,276,2019-05-03 20:45:00
1105333,1105333,5679,2019-05-03 21:00:00-05,0.008,0.244,277,2019-05-03 21:00:00
1105334,1105334,5679,2019-05-03 21:15:00-05,0.008,0.232,278,2019-05-03 21:15:00
1105335,1105335,5679,2019-05-03 21:30:00-05,0.008,0.212,279,2019-05-03 21:30:00
1105336,1105336,5679,2019-05-03 21:45:00-05,0.008,0.282,280,2019-05-03 21:45:00
1105337,1105337,5679,2019-05-03 22:00:00-05,0.008,0.169,281,2019-05-03 22:00:00
1105338,1105338,5679,2019-05-03 22:15:00-05,0.008,0.253,282,2019-05-03 22:15:00
1105339,1105339,5679,2019-05-03 22:30:00-05,0.008,0.272,283,2019-05-03 22:30:00
1105340,1105340,5679,2019-05-03 22:45:00-05,0.008,0.296,284,2019-05-03 22:45:00
1105341,1105341,5679,2019-05-03 23:00:00-05,0.008,0.386,285,2019-05-03 23:00:00
1105342,1105342,5679,2019-05-03 23:15:00-05,0.008,0.351,286,2019-05-03 23:15:00
1105343,1105343,5679,2019-05-03 23:30:00-05,0.008,0.361,287,2019-05-03 23:30:00
1105344,1105344,5679,2019-05-03 23:45:00-05,0.008,0.201,288,2019-05-03 23:45:00
1105345,1105345,5679,2019-05-04 00:00:00-05,0.008,0.19,289,2019-05-04 00:00:00
1105346,1105346,5679,2019-05-04 00:15:00-05,0.008,0.267,290,2019-05-04 00:15:00
1105347,1105347,5679,2019-05-04 00:30:00-05,0.008,0.161,291,2019-05-04 00:30:00
1105348,1105348,5679,2019-05-04 00:45:00-05,0.008,0.158,292,2019-05-04 00:45:00
1105349,1105349,5679,2019-05-04 01:00:00-05,0.008,0.158,293,2019-05-04 01:00:00
1105350,1105350,5679,2019-05-04 01:15:00-05,0.008,0.159,294,2019-05-04 01:15:00
1105351,1105351,5679,2019-05-04 01:30:00-05,0.008,0.271,295,2019-05-04 01:30:00
1105352,1105352,5679,2019-05-04 01:45:00-05,0.008,0.379,296,2019-05-04 01:45:00
1105353,1105353,5679,2019-05-04 02:00:00-05,0.008,0.304,297,2019-05-04 02:00:00
1105354,1105354,5679,2019-05-04 02:15:00-05,0.008,0.264,298,2019-05-04 02:15:00
1105355,1105355,5679,2019-05-04 02:30:00-05,0.008,0.264,299,2019-05-04 02:30:00
1105356,1105356,5679,2019-05-04 02:45:00-05,0.009,0.226,300,2019-05-04 02:45:00
1105357,1105357,5679,2019-05-04 03:00:00-05,0.008,0.27,301,2019-05-04 03:00:00
1105358,1105358,5679,2019-05-04 03:15:00-05,0.008,0.75,302,2019-05-04 03:15:00
1105359,1105359,5679,2019-05-04 03:30:00-05,0.008,0.784,303,2019-05-04 03:30:00
1105360,1105360,5679,2019-05-04 03:45:00-05,0.008,0.676,304,2019-05-04 03:45:00
1105361,1105361,5679,2019-05-04 04:00:00-05,0.008,0.906,305,2019-05-04 04:00:00
1105362,1105362,5679,2019-05-04 04:15:00-05,0.008,1.085,306,2019-05-04 04:15:00
1105363,1105363,5679,2019-05-04 04:30:00-05,0.007,1.221,307,2019-05-04 04:30:00
1105364,1105364,5679,2019-05-04 04:45:00-05,0.006,2.164,308,2019-05-04 04:45:00
1105365,1105365,5679,2019-05-04 05:00:00-05,0.007,1.687,309,2019-05-04 05:00:00
1105366,1105366,5679,2019-05-04 05:15:00-05,0.01,1.673,310,2019-05-04 05:15:00
1105367,1105367,5679,2019-05-04 05:30:00-05,0.024,1.95,311,2019-05-04 05:30:00
1105368,1105368,5679,2019-05-04 05:45:00-05,0.042,1.701,312,2019-05-04 05:45:00
1105369,1105369,5679,2019-05-04 06:00:00-05,0.056,1.123,313,2019-05-04 06:00:00
1105370,1105370,5679,2019-05-04 06:15:00-05,0.089,0.332,314,2019-05-04 06:15:00
1105371,1105371,5679,2019-05-04 06:30:00-05,0.139,0.319,315,2019-05-04 06:30:00
1105372,1105372,5679,2019-05-04 06:45:00-05,0.217,1.583,316,2019-05-04 06:45:00
1105373,1105373,5679,2019-05-04 07:00:00-05,0.307,1.182,317,2019-05-04 07:00:00
1105374,1105374,5679,2019-05-04 07:15:00-05,0.401,0.678,318,2019-05-04 07:15:00
1105375,1105375,5679,2019-05-04 07:30:00-05,0.373,0.639,319,2019-05-04 07:30:00
1105376,1105376,5679,2019-05-04 07:45:00-05,0.475,0.818,320,2019-05-04 07:45:00
1105377,1105377,5679,2019-05-04 08:00:00-05,0.502,0.548,321,2019-05-04 08:00:00
1105378,1105378,5679,2019-05-04 08:15:00-05,0.578,0.529,322,2019-05-04 08:15:00
1105379,1105379,5679,2019-05-04 08:30:00-05,0.523,0.537,323,2019-05-04 08:30:00
1105380,1105380,5679,2019-05-04 08:45:00-05,0.74,0.242,324,2019-05-04 08:45:00
1105381,1105381,5679,2019-05-04 09:00:00-05,0.999,-0.023,325,2019-05-04 09:00:00
1105382,1105382,5679,2019-05-04 09:15:00-05,1.061,-0.062,326,2019-05-04 09:15:00
1105383,1105383,5679,2019-05-04 09:30:00-05,0.851,0.214,327,2019-05-04 09:30:00
1105384,1105384,5679,2019-05-04 09:45:00-05,1.001,0.048,328,2019-05-04 09:45:00
1105385,1105385,5679,2019-05-04 10:00:00-05,1.117,-0.216,329,2019-05-04 10:00:00
1105386,1105386,5679,2019-05-04 10:15:00-05,1.355,-0.998,330,2019-05-04 10:15:00
1105387,1105387,5679,2019-05-04 10:30:00-05,1.535,-1.135,331,2019-05-04 10:30:00
1105388,1105388,5679,2019-05-04 10:45:00-05,2.166,-1.792,332,2019-05-04 10:45:00
1105389,1105389,5679,2019-05-04 11:00:00-05,2.425,-2.159,333,2019-05-04 11:00:00
1105390,1105390,5679,2019-05-04 11:15:00-05,2.089,-1.823,334,2019-05-04 11:15:00
1105391,1105391,5679,2019-05-04 11:30:00-05,2.195,-1.929,335,2019-05-04 11:30:00
1105392,1105392,5679,2019-05-04 11:45:00-05,1.962,-1.559,336,2019-05-04 11:45:00
1105393,1105393,5679,2019-05-04 12:00:00-05,1.764,-0.817,337,2019-05-04 12:00:00
1105394,1105394,5679,2019-05-04 12:15:00-05,1.912,-1.451,338,2019-05-04 12:15:00
1105395,1105395,5679,2019-05-04 12:30:00-05,1.675,-1.265,339,2019-05-04 12:30:00
1105396,1105396,5679,2019-05-04 12:45:00-05,1.611,-1.223,340,2019-05-04 12:45:00
1105397,1105397,5679,2019-05-04 13:00:00-05,1.65,-1.06,341,2019-05-04 13:00:00
1105398,1105398,5679,2019-05-04 13:15:00-05,1.954,-1.7,342,2019-05-04 13:15:00
1105399,1105399,5679,2019-05-04 13:30:00-05,1.69,-1.486,343,2019-05-04 13:30:00
1105400,1105400,5679,2019-05-04 13:45:00-05,1.23,-0.95,344,2019-05-04 13:45:00
1105401,1105401,5679,2019-05-04 14:00:00-05,0.866,-0.198,345,2019-05-04 14:00:00
1105402,1105402,5679,2019-05-04 14:15:00-05,0.62,-0.183,346,2019-05-04 14:15:00
1105403,1105403,5679,2019-05-04 14:30:00-05,0.846,-0.226,347,2019-05-04 14:30:00
1105404,1105404,5679,2019-05-04 14:45:00-05,1.134,-0.697,348,2019-05-04 14:45:00
1105405,1105405,5679,2019-05-04 15:00:00-05,1.518,-1.119,349,2019-05-04 15:00:00
1105406,1105406,5679,2019-05-04 15:15:00-05,0.827,-0.523,350,2019-05-04 15:15:00
1105407,1105407,5679,2019-05-04 15:30:00-05,0.353,-0.081,351,2019-05-04 15:30:00
1105408,1105408,5679,2019-05-04 15:45:00-05,0.55,-0.357,352,2019-05-04 15:45:00
1105409,1105409,5679,2019-05-04 16:00:00-05,0.65,-0.474,353,2019-05-04 16:00:00
1105410,1105410,5679,2019-05-04 16:15:00-05,0.5,-0.235,354,2019-05-04 16:15:00
1105411,1105411,5679,2019-05-04 16:30:00-05,0.548,-0.189,355,2019-05-04 16:30:00
1105412,1105412,5679,2019-05-04 16:45:00-05,0.75,-0.466,356,2019-05-04 16:45:00
1105413,1105413,5679,2019-05-04 17:00:00-05,0.443,-0.156,357,2019-05-04 17:00:00
1105414,1105414,5679,2019-05-04 17:15:00-05,0.577,-0.296,358,2019-05-04 17:15:00
1105415,1105415,5679,2019-05-04 17:30:00-05,0.353,-0.07,359,2019-05-04 17:30:00
1105416,1105416,5679,2019-05-04 17:45:00-05,0.172,0.156,360,2019-05-04 17:45:00
1105417,1105417,5679,2019-05-04 18:00:00-05,0.063,0.327,361,2019-05-04 18:00:00
1105418,1105418,5679,2019-05-04 18:15:00-05,0.06,0.23,362,2019-05-04 18:15:00
1105419,1105419,5679,2019-05-04 18:30:00-05,0.031,0.481,363,2019-05-04 18:30:00
1105420,1105420,5679,2019-05-04 18:45:00-05,0.01,0.278,364,2019-05-04 18:45:00
1105421,1105421,5679,2019-05-04 19:00:00-05,0.008,0.296,365,2019-05-04 19:00:00
1105422,1105422,5679,2019-05-04 19:15:00-05,0.008,0.288,366,2019-05-04 19:15:00
1105423,1105423,5679,2019-05-04 19:30:00-05,0.008,0.392,367,2019-05-04 19:30:00
1105424,1105424,5679,2019-05-04 19:45:00-05,0.008,0.339,368,2019-05-04 19:45:00
1105425,1105425,5679,2019-05-04 20:00:00-05,0.008,0.393,369,2019-05-04 20:00:00
1105426,1105426,5679,2019-05-04 20:15:00-05,0.004,3.986,370,2019-05-04 20:15:00
1105427,1105427,5679,2019-05-04 20:30:00-05,0.0,7.289,371,2019-05-04 20:30:00
1105428,1105428,5679,2019-05-04 20:45:00-05,0.0,7.312,372,2019-05-04 20:45:00
1105429,1105429,5679,2019-05-04 21:00:00-05,0.0,7.385,373,2019-05-04 21:00:00
1105430,1105430,5679,2019-05-04 21:15:00-05,0.0,7.309,374,2019-05-04 21:15:00
1105431,1105431,5679,2019-05-04 21:30:00-05,0.0,7.25,375,2019-05-04 21:30:00
1105432,1105432,5679,2019-05-04 21:45:00-05,0.001,6.716,376,2019-05-04 21:45:00
1105433,1105433,5679,2019-05-04 22:00:00-05,0.007,0.997,377,2019-05-04 22:00:00
1105434,1105434,5679,2019-05-04 22:15:00-05,0.008,0.317,378,2019-05-04 22:15:00
1105435,1105435,5679,2019-05-04 22:30:00-05,0.008,0.378,379,2019-05-04 22:30:00
1105436,1105436,5679,2019-05-04 22:45:00-05,0.008,0.414,380,2019-05-04 22:45:00
1105437,1105437,5679,2019-05-04 23:00:00-05,0.008,0.346,381,2019-05-04 23:00:00
1105438,1105438,5679,2019-05-04 23:15:00-05,0.008,0.257,382,2019-05-04 23:15:00
1105439,1105439,5679,2019-05-04 23:30:00-05,0.008,0.276,383,2019-05-04 23:30:00
1105440,1105440,5679,2019-05-04 23:45:00-05,0.008,0.289,384,2019-05-04 23:45:00
1105441,1105441,5679,2019-05-05 00:00:00-05,0.008,0.381,385,2019-05-05 00:00:00
1105442,1105442,5679,2019-05-05 00:15:00-05,0.008,0.288,386,2019-05-05 00:15:00
1105443,1105443,5679,2019-05-05 00:30:00-05,0.009,0.215,387,2019-05-05 00:30:00
1105444,1105444,5679,2019-05-05 00:45:00-05,0.009,0.159,388,2019-05-05 00:45:00
1105445,1105445,5679,2019-05-05 01:00:00-05,0.009,0.157,389,2019-05-05 01:00:00
1105446,1105446,5679,2019-05-05 01:15:00-05,0.009,0.241,390,2019-05-05 01:15:00
1105447,1105447,5679,2019-05-05 01:30:00-05,0.009,0.218,391,2019-05-05 01:30:00
1105448,1105448,5679,2019-05-05 01:45:00-05,0.009,0.157,392,2019-05-05 01:45:00
1105449,1105449,5679,2019-05-05 02:00:00-05,0.009,0.158,393,2019-05-05 02:00:00
1105450,1105450,5679,2019-05-05 02:15:00-05,0.009,0.201,394,2019-05-05 02:15:00
1105451,1105451,5679,2019-05-05 02:30:00-05,0.009,0.269,395,2019-05-05 02:30:00
1105452,1105452,5679,2019-05-05 02:45:00-05,0.009,0.313,396,2019-05-05 02:45:00
1105453,1105453,5679,2019-05-05 03:00:00-05,0.008,0.375,397,2019-05-05 03:00:00
1105454,1105454,5679,2019-05-05 03:15:00-05,0.009,0.264,398,2019-05-05 03:15:00
1105455,1105455,5679,2019-05-05 03:30:00-05,0.009,0.262,399,2019-05-05 03:30:00
1105456,1105456,5679,2019-05-05 03:45:00-05,0.009,0.203,400,2019-05-05 03:45:00
1105457,1105457,5679,2019-05-05 04:00:00-05,0.009,0.323,401,2019-05-05 04:00:00
1105458,1105458,5679,2019-05-05 04:15:00-05,0.008,0.809,402,2019-05-05 04:15:00
1105459,1105459,5679,2019-05-05 04:30:00-05,0.009,0.506,403,2019-05-05 04:30:00
1105460,1105460,5679,2019-05-05 04:45:00-05,0.008,0.751,404,2019-05-05 04:45:00
1105461,1105461,5679,2019-05-05 05:00:00-05,0.008,1.219,405,2019-05-05 05:00:00
1105462,1105462,5679,2019-05-05 05:15:00-05,0.019,1.052,406,2019-05-05 05:15:00
1105463,1105463,5679,2019-05-05 05:30:00-05,0.038,1.208,407,2019-05-05 05:30:00
1105464,1105464,5679,2019-05-05 05:45:00-05,0.069,1.663,408,2019-05-05 05:45:00
1105465,1105465,5679,2019-05-05 06:00:00-05,0.102,3.212,409,2019-05-05 06:00:00
1105466,1105466,5679,2019-05-05 06:15:00-05,0.154,6.213,410,2019-05-05 06:15:00
1105467,1105467,5679,2019-05-05 06:30:00-05,0.187,5.14,411,2019-05-05 06:30:00
1105468,1105468,5679,2019-05-05 06:45:00-05,0.175,2.56,412,2019-05-05 06:45:00
1105469,1105469,5679,2019-05-05 07:00:00-05,0.21,0.656,413,2019-05-05 07:00:00
1105470,1105470,5679,2019-05-05 07:15:00-05,0.294,4.068,414,2019-05-05 07:15:00
1105471,1105471,5679,2019-05-05 07:30:00-05,0.343,5.146,415,2019-05-05 07:30:00
1105472,1105472,5679,2019-05-05 07:45:00-05,0.383,4.83,416,2019-05-05 07:45:00
1105473,1105473,5679,2019-05-05 08:00:00-05,0.387,2.286,417,2019-05-05 08:00:00
1105474,1105474,5679,2019-05-05 08:15:00-05,0.447,0.718,418,2019-05-05 08:15:00
1105475,1105475,5679,2019-05-05 08:30:00-05,0.497,0.641,419,2019-05-05 08:30:00
1105476,1105476,5679,2019-05-05 08:45:00-05,0.75,0.69,420,2019-05-05 08:45:00
1105477,1105477,5679,2019-05-05 09:00:00-05,0.918,0.649,421,2019-05-05 09:00:00
1105478,1105478,5679,2019-05-05 09:15:00-05,1.001,0.198,422,2019-05-05 09:15:00
1105479,1105479,5679,2019-05-05 09:30:00-05,0.905,-0.402,423,2019-05-05 09:30:00
1105480,1105480,5679,2019-05-05 09:45:00-05,0.855,-0.577,424,2019-05-05 09:45:00
1105481,1105481,5679,2019-05-05 10:00:00-05,0.775,0.396,425,2019-05-05 10:00:00
1105482,1105482,5679,2019-05-05 10:15:00-05,0.875,0.363,426,2019-05-05 10:15:00
1105483,1105483,5679,2019-05-05 10:30:00-05,0.98,0.472,427,2019-05-05 10:30:00
1105484,1105484,5679,2019-05-05 10:45:00-05,0.863,-0.106,428,2019-05-05 10:45:00
1105485,1105485,5679,2019-05-05 11:00:00-05,0.783,-0.592,429,2019-05-05 11:00:00
1105486,1105486,5679,2019-05-05 11:15:00-05,0.788,-0.06,430,2019-05-05 11:15:00
1105487,1105487,5679,2019-05-05 11:30:00-05,0.735,0.419,431,2019-05-05 11:30:00
1105488,1105488,5679,2019-05-05 11:45:00-05,0.824,0.553,432,2019-05-05 11:45:00
1105489,1105489,5679,2019-05-05 12:00:00-05,0.581,0.358,433,2019-05-05 12:00:00
1105490,1105490,5679,2019-05-05 12:15:00-05,0.589,0.481,434,2019-05-05 12:15:00
1105491,1105491,5679,2019-05-05 12:30:00-05,0.578,0.196,435,2019-05-05 12:30:00
1105492,1105492,5679,2019-05-05 12:45:00-05,0.715,-0.382,436,2019-05-05 12:45:00
1105493,1105493,5679,2019-05-05 13:00:00-05,0.665,0.259,437,2019-05-05 13:00:00
1105494,1105494,5679,2019-05-05 13:15:00-05,0.486,1.64,438,2019-05-05 13:15:00
1105495,1105495,5679,2019-05-05 13:30:00-05,0.552,0.658,439,2019-05-05 13:30:00
1105496,1105496,5679,2019-05-05 13:45:00-05,0.476,0.022,440,2019-05-05 13:45:00
1105497,1105497,5679,2019-05-05 14:00:00-05,0.491,-0.117,441,2019-05-05 14:00:00
1105498,1105498,5679,2019-05-05 14:15:00-05,0.372,0.893,442,2019-05-05 14:15:00
1105499,1105499,5679,2019-05-05 14:30:00-05,0.354,0.774,443,2019-05-05 14:30:00
1105500,1105500,5679,2019-05-05 14:45:00-05,0.36,0.727,444,2019-05-05 14:45:00
1105501,1105501,5679,2019-05-05 15:00:00-05,0.235,0.603,445,2019-05-05 15:00:00
1105502,1105502,5679,2019-05-05 15:15:00-05,0.259,0.14,446,2019-05-05 15:15:00
1105503,1105503,5679,2019-05-05 15:30:00-05,0.388,0.075,447,2019-05-05 15:30:00
1105504,1105504,5679,2019-05-05 15:45:00-05,0.535,0.866,448,2019-05-05 15:45:00
1105505,1105505,5679,2019-05-05 16:00:00-05,0.378,0.659,449,2019-05-05 16:00:00
1105506,1105506,5679,2019-05-05 16:15:00-05,0.291,0.907,450,2019-05-05 16:15:00
1105507,1105507,5679,2019-05-05 16:30:00-05,0.257,0.299,451,2019-05-05 16:30:00
1105508,1105508,5679,2019-05-05 16:45:00-05,0.184,0.141,452,2019-05-05 16:45:00
1105509,1105509,5679,2019-05-05 17:00:00-05,0.128,0.331,453,2019-05-05 17:00:00
1105510,1105510,5679,2019-05-05 17:15:00-05,0.143,0.332,454,2019-05-05 17:15:00
1105511,1105511,5679,2019-05-05 17:30:00-05,0.103,0.398,455,2019-05-05 17:30:00
1105512,1105512,5679,2019-05-05 17:45:00-05,0.073,0.446,456,2019-05-05 17:45:00
1105513,1105513,5679,2019-05-05 18:00:00-05,0.043,0.464,457,2019-05-05 18:00:00
1105514,1105514,5679,2019-05-05 18:15:00-05,0.029,0.571,458,2019-05-05 18:15:00
1105515,1105515,5679,2019-05-05 18:30:00-05,0.022,0.475,459,2019-05-05 18:30:00
1105516,1105516,5679,2019-05-05 18:45:00-05,0.012,0.472,460,2019-05-05 18:45:00
1105517,1105517,5679,2019-05-05 19:00:00-05,0.008,0.511,461,2019-05-05 19:00:00
1105518,1105518,5679,2019-05-05 19:15:00-05,0.009,0.519,462,2019-05-05 19:15:00
1105519,1105519,5679,2019-05-05 19:30:00-05,0.008,0.539,463,2019-05-05 19:30:00
1105520,1105520,5679,2019-05-05 19:45:00-05,0.009,0.306,464,2019-05-05 19:45:00
1105521,1105521,5679,2019-05-05 20:00:00-05,0.009,0.261,465,2019-05-05 20:00:00
1105522,1105522,5679,2019-05-05 20:15:00-05,0.009,0.29,466,2019-05-05 20:15:00
1105523,1105523,5679,2019-05-05 20:30:00-05,0.009,0.264,467,2019-05-05 20:30:00
1105524,1105524,5679,2019-05-05 20:45:00-05,0.009,0.328,468,2019-05-05 20:45:00
1105525,1105525,5679,2019-05-05 21:00:00-05,0.008,0.59,469,2019-05-05 21:00:00
1105526,1105526,5679,2019-05-05 21:15:00-05,0.009,0.421,470,2019-05-05 21:15:00
1105527,1105527,5679,2019-05-05 21:30:00-05,0.009,0.358,471,2019-05-05 21:30:00
1105528,1105528,5679,2019-05-05 21:45:00-05,0.009,0.344,472,2019-05-05 21:45:00
1105529,1105529,5679,2019-05-05 22:00:00-05,0.009,0.403,473,2019-05-05 22:00:00
1105530,1105530,5679,2019-05-05 22:15:00-05,0.009,0.353,474,2019-05-05 22:15:00
1105531,1105531,5679,2019-05-05 22:30:00-05,0.009,0.173,475,2019-05-05 22:30:00
1105532,1105532,5679,2019-05-05 22:45:00-05,0.009,0.155,476,2019-05-05 22:45:00
1105533,1105533,5679,2019-05-05 23:00:00-05,0.009,0.155,477,2019-05-05 23:00:00
1105534,1105534,5679,2019-05-05 23:15:00-05,0.009,0.17,478,2019-05-05 23:15:00
1105535,1105535,5679,2019-05-05 23:30:00-05,0.009,0.283,479,2019-05-05 23:30:00
1105536,1105536,5679,2019-05-05 23:45:00-05,0.009,0.385,480,2019-05-05 23:45:00
1105537,1105537,5679,2019-05-06 00:00:00-05,0.009,0.317,481,2019-05-06 00:00:00
1105538,1105538,5679,2019-05-06 00:15:00-05,0.009,0.376,482,2019-05-06 00:15:00
1105539,1105539,5679,2019-05-06 00:30:00-05,0.009,0.378,483,2019-05-06 00:30:00
1105540,1105540,5679,2019-05-06 00:45:00-05,0.008,0.483,484,2019-05-06 00:45:00
1105541,1105541,5679,2019-05-06 01:00:00-05,0.008,0.598,485,2019-05-06 01:00:00
1105542,1105542,5679,2019-05-06 01:15:00-05,0.008,0.396,486,2019-05-06 01:15:00
1105543,1105543,5679,2019-05-06 01:30:00-05,0.009,0.261,487,2019-05-06 01:30:00
1105544,1105544,5679,2019-05-06 01:45:00-05,0.009,0.261,488,2019-05-06 01:45:00
1105545,1105545,5679,2019-05-06 02:00:00-05,0.009,0.26,489,2019-05-06 02:00:00
1105546,1105546,5679,2019-05-06 02:15:00-05,0.009,0.292,490,2019-05-06 02:15:00
1105547,1105547,5679,2019-05-06 02:30:00-05,0.009,0.376,491,2019-05-06 02:30:00
1105548,1105548,5679,2019-05-06 02:45:00-05,0.009,0.26,492,2019-05-06 02:45:00
1105549,1105549,5679,2019-05-06 03:00:00-05,0.009,0.276,493,2019-05-06 03:00:00
1105550,1105550,5679,2019-05-06 03:15:00-05,0.009,0.37,494,2019-05-06 03:15:00
1105551,1105551,5679,2019-05-06 03:30:00-05,0.009,0.764,495,2019-05-06 03:30:00
1105552,1105552,5679,2019-05-06 03:45:00-05,0.008,0.764,496,2019-05-06 03:45:00
1105553,1105553,5679,2019-05-06 04:00:00-05,0.008,0.643,497,2019-05-06 04:00:00
1105554,1105554,5679,2019-05-06 04:15:00-05,0.008,0.97,498,2019-05-06 04:15:00
1105555,1105555,5679,2019-05-06 04:30:00-05,0.009,0.23,499,2019-05-06 04:30:00
1105556,1105556,5679,2019-05-06 04:45:00-05,0.008,1.127,500,2019-05-06 04:45:00
1105557,1105557,5679,2019-05-06 05:00:00-05,0.012,1.451,501,2019-05-06 05:00:00
1105558,1105558,5679,2019-05-06 05:15:00-05,0.035,2.062,502,2019-05-06 05:15:00
1105559,1105559,5679,2019-05-06 05:30:00-05,0.079,1.698,503,2019-05-06 05:30:00
1105560,1105560,5679,2019-05-06 05:45:00-05,0.112,0.124,504,2019-05-06 05:45:00
1105561,1105561,5679,2019-05-06 06:00:00-05,0.132,0.442,505,2019-05-06 06:00:00
1105562,1105562,5679,2019-05-06 06:15:00-05,0.508,0.049,506,2019-05-06 06:15:00
1105563,1105563,5679,2019-05-06 06:30:00-05,0.337,0.992,507,2019-05-06 06:30:00
1105564,1105564,5679,2019-05-06 06:45:00-05,0.275,1.156,508,2019-05-06 06:45:00
1105565,1105565,5679,2019-05-06 07:00:00-05,0.385,1.197,509,2019-05-06 07:00:00
1105566,1105566,5679,2019-05-06 07:15:00-05,0.487,0.875,510,2019-05-06 07:15:00
1105567,1105567,5679,2019-05-06 07:30:00-05,0.689,-0.166,511,2019-05-06 07:30:00
1105568,1105568,5679,2019-05-06 07:45:00-05,1.316,-0.999,512,2019-05-06 07:45:00
1105569,1105569,5679,2019-05-06 08:00:00-05,1.56,-0.59,513,2019-05-06 08:00:00
1105570,1105570,5679,2019-05-06 08:15:00-05,1.942,-0.62,514,2019-05-06 08:15:00
1105571,1105571,5679,2019-05-06 08:30:00-05,2.374,-1.824,515,2019-05-06 08:30:00
1105572,1105572,5679,2019-05-06 08:45:00-05,2.601,-2.122,516,2019-05-06 08:45:00
1105573,1105573,5679,2019-05-06 09:00:00-05,2.544,-2.153,517,2019-05-06 09:00:00
1105574,1105574,5679,2019-05-06 09:15:00-05,2.82,-2.458,518,2019-05-06 09:15:00
1105575,1105575,5679,2019-05-06 09:30:00-05,2.654,-2.225,519,2019-05-06 09:30:00
1105576,1105576,5679,2019-05-06 09:45:00-05,2.462,-1.992,520,2019-05-06 09:45:00
1105577,1105577,5679,2019-05-06 10:00:00-05,3.456,-3.097,521,2019-05-06 10:00:00
1105578,1105578,5679,2019-05-06 10:15:00-05,4.125,-3.731,522,2019-05-06 10:15:00
1105579,1105579,5679,2019-05-06 10:30:00-05,4.146,-3.899,523,2019-05-06 10:30:00
1105580,1105580,5679,2019-05-06 10:45:00-05,4.36,-4.061,524,2019-05-06 10:45:00
1105581,1105581,5679,2019-05-06 11:00:00-05,4.451,-3.861,525,2019-05-06 11:00:00
1105582,1105582,5679,2019-05-06 11:15:00-05,4.531,-4.397,526,2019-05-06 11:15:00
1105583,1105583,5679,2019-05-06 11:30:00-05,4.554,-4.412,527,2019-05-06 11:30:00
1105584,1105584,5679,2019-05-06 11:45:00-05,4.524,-3.972,528,2019-05-06 11:45:00
1105585,1105585,5679,2019-05-06 12:00:00-05,4.55,-4.269,529,2019-05-06 12:00:00
1105586,1105586,5679,2019-05-06 12:15:00-05,4.524,-4.279,530,2019-05-06 12:15:00
1105587,1105587,5679,2019-05-06 12:30:00-05,4.393,-4.216,531,2019-05-06 12:30:00
1105588,1105588,5679,2019-05-06 12:45:00-05,4.256,-3.868,532,2019-05-06 12:45:00
1105589,1105589,5679,2019-05-06 13:00:00-05,3.985,-3.65,533,2019-05-06 13:00:00
1105590,1105590,5679,2019-05-06 13:15:00-05,3.729,-3.428,534,2019-05-06 13:15:00
1105591,1105591,5679,2019-05-06 13:30:00-05,3.433,-3.116,535,2019-05-06 13:30:00
1105592,1105592,5679,2019-05-06 13:45:00-05,3.005,-2.723,536,2019-05-06 13:45:00
1105593,1105593,5679,2019-05-06 14:00:00-05,2.631,-2.342,537,2019-05-06 14:00:00
1105594,1105594,5679,2019-05-06 14:15:00-05,2.161,-1.615,538,2019-05-06 14:15:00
1105595,1105595,5679,2019-05-06 14:30:00-05,1.797,-1.363,539,2019-05-06 14:30:00
1105596,1105596,5679,2019-05-06 14:45:00-05,1.503,-1.072,540,2019-05-06 14:45:00
1105597,1105597,5679,2019-05-06 15:00:00-05,1.149,-0.718,541,2019-05-06 15:00:00
1105598,1105598,5679,2019-05-06 15:15:00-05,0.949,0.354,542,2019-05-06 15:15:00
1105599,1105599,5679,2019-05-06 15:30:00-05,0.762,-0.285,543,2019-05-06 15:30:00
1105600,1105600,5679,2019-05-06 15:45:00-05,0.576,0.14,544,2019-05-06 15:45:00
1105601,1105601,5679,2019-05-06 16:00:00-05,0.386,0.008,545,2019-05-06 16:00:00
1105602,1105602,5679,2019-05-06 16:15:00-05,0.323,0.052,546,2019-05-06 16:15:00
1105603,1105603,5679,2019-05-06 16:30:00-05,0.316,0.353,547,2019-05-06 16:30:00
1105604,1105604,5679,2019-05-06 16:45:00-05,0.3,0.972,548,2019-05-06 16:45:00
1105605,1105605,5679,2019-05-06 17:00:00-05,0.282,0.938,549,2019-05-06 17:00:00
1105606,1105606,5679,2019-05-06 17:15:00-05,0.262,0.548,550,2019-05-06 17:15:00
1105607,1105607,5679,2019-05-06 17:30:00-05,0.237,1.037,551,2019-05-06 17:30:00
1105608,1105608,5679,2019-05-06 17:45:00-05,0.2,0.428,552,2019-05-06 17:45:00
1105609,1105609,5679,2019-05-06 18:00:00-05,0.159,0.236,553,2019-05-06 18:00:00
1105610,1105610,5679,2019-05-06 18:15:00-05,0.121,0.315,554,2019-05-06 18:15:00
1105611,1105611,5679,2019-05-06 18:30:00-05,0.082,0.358,555,2019-05-06 18:30:00
1105612,1105612,5679,2019-05-06 18:45:00-05,0.034,5.192,556,2019-05-06 18:45:00
1105613,1105613,5679,2019-05-06 19:00:00-05,0.004,7.389,557,2019-05-06 19:00:00
1105614,1105614,5679,2019-05-06 19:15:00-05,-0.001,7.477,558,2019-05-06 19:15:00
1105615,1105615,5679,2019-05-06 19:30:00-05,-0.001,7.288,559,2019-05-06 19:30:00
1105616,1105616,5679,2019-05-06 19:45:00-05,0.0,6.98,560,2019-05-06 19:45:00
1105617,1105617,5679,2019-05-06 20:00:00-05,0.005,1.263,561,2019-05-06 20:00:00
1105618,1105618,5679,2019-05-06 20:15:00-05,0.006,0.361,562,2019-05-06 20:15:00
1105619,1105619,5679,2019-05-06 20:30:00-05,0.007,0.345,563,2019-05-06 20:30:00
1105620,1105620,5679,2019-05-06 20:45:00-05,0.007,0.344,564,2019-05-06 20:45:00
1105621,1105621,5679,2019-05-06 21:00:00-05,0.007,0.347,565,2019-05-06 21:00:00
1105622,1105622,5679,2019-05-06 21:15:00-05,0.007,0.368,566,2019-05-06 21:15:00
1105623,1105623,5679,2019-05-06 21:30:00-05,0.007,0.47,567,2019-05-06 21:30:00
1105624,1105624,5679,2019-05-06 21:45:00-05,0.007,0.342,568,2019-05-06 21:45:00
1105625,1105625,5679,2019-05-06 22:00:00-05,0.007,0.274,569,2019-05-06 22:00:00
1105626,1105626,5679,2019-05-06 22:15:00-05,0.007,0.271,570,2019-05-06 22:15:00
1105627,1105627,5679,2019-05-06 22:30:00-05,0.007,0.354,571,2019-05-06 22:30:00
1105628,1105628,5679,2019-05-06 22:45:00-05,0.007,0.314,572,2019-05-06 22:45:00
1105629,1105629,5679,2019-05-06 23:00:00-05,0.007,0.265,573,2019-05-06 23:00:00
1105630,1105630,5679,2019-05-06 23:15:00-05,0.007,0.206,574,2019-05-06 23:15:00
1105631,1105631,5679,2019-05-06 23:30:00-05,0.007,0.216,575,2019-05-06 23:30:00
1105632,1105632,5679,2019-05-06 23:45:00-05,0.007,0.231,576,2019-05-06 23:45:00
1105633,1105633,5679,2019-05-07 00:00:00-05,0.007,0.157,577,2019-05-07 00:00:00
1105634,1105634,5679,2019-05-07 00:15:00-05,0.008,0.157,578,2019-05-07 00:15:00
1105635,1105635,5679,2019-05-07 00:30:00-05,0.008,0.159,579,2019-05-07 00:30:00
1105636,1105636,5679,2019-05-07 00:45:00-05,0.008,0.16,580,2019-05-07 00:45:00
1105637,1105637,5679,2019-05-07 01:00:00-05,0.008,0.226,581,2019-05-07 01:00:00
1105638,1105638,5679,2019-05-07 01:15:00-05,0.008,0.351,582,2019-05-07 01:15:00
1105639,1105639,5679,2019-05-07 01:30:00-05,0.008,0.389,583,2019-05-07 01:30:00
1105640,1105640,5679,2019-05-07 01:45:00-05,0.008,0.277,584,2019-05-07 01:45:00
1105641,1105641,5679,2019-05-07 02:00:00-05,0.008,0.269,585,2019-05-07 02:00:00
1105642,1105642,5679,2019-05-07 02:15:00-05,0.007,0.382,586,2019-05-07 02:15:00
1105643,1105643,5679,2019-05-07 02:30:00-05,0.008,0.278,587,2019-05-07 02:30:00
1105644,1105644,5679,2019-05-07 02:45:00-05,0.008,0.263,588,2019-05-07 02:45:00
1105645,1105645,5679,2019-05-07 03:00:00-05,0.008,0.201,589,2019-05-07 03:00:00
1105646,1105646,5679,2019-05-07 03:15:00-05,0.008,0.273,590,2019-05-07 03:15:00
1105647,1105647,5679,2019-05-07 03:30:00-05,0.008,0.194,591,2019-05-07 03:30:00
1105648,1105648,5679,2019-05-07 03:45:00-05,0.008,0.157,592,2019-05-07 03:45:00
1105649,1105649,5679,2019-05-07 04:00:00-05,0.008,0.156,593,2019-05-07 04:00:00
1105650,1105650,5679,2019-05-07 04:15:00-05,0.008,0.16,594,2019-05-07 04:15:00
1105651,1105651,5679,2019-05-07 04:30:00-05,0.008,0.159,595,2019-05-07 04:30:00
1105652,1105652,5679,2019-05-07 04:45:00-05,0.009,0.245,596,2019-05-07 04:45:00
1105653,1105653,5679,2019-05-07 05:00:00-05,0.031,0.227,597,2019-05-07 05:00:00
1105654,1105654,5679,2019-05-07 05:15:00-05,0.09,0.187,598,2019-05-07 05:15:00
1105655,1105655,5679,2019-05-07 05:30:00-05,0.168,0.107,599,2019-05-07 05:30:00
1105656,1105656,5679,2019-05-07 05:45:00-05,0.201,0.126,600,2019-05-07 05:45:00
1105657,1105657,5679,2019-05-07 06:00:00-05,0.177,1.889,601,2019-05-07 06:00:00
1105658,1105658,5679,2019-05-07 06:15:00-05,0.247,0.429,602,2019-05-07 06:15:00
1105659,1105659,5679,2019-05-07 06:30:00-05,0.32,0.523,603,2019-05-07 06:30:00
1105660,1105660,5679,2019-05-07 06:45:00-05,0.393,0.403,604,2019-05-07 06:45:00
1105661,1105661,5679,2019-05-07 07:00:00-05,0.658,-0.313,605,2019-05-07 07:00:00
1105662,1105662,5679,2019-05-07 07:15:00-05,0.685,-0.312,606,2019-05-07 07:15:00
1105663,1105663,5679,2019-05-07 07:30:00-05,0.436,0.268,607,2019-05-07 07:30:00
1105664,1105664,5679,2019-05-07 07:45:00-05,0.585,0.671,608,2019-05-07 07:45:00
1105665,1105665,5679,2019-05-07 08:00:00-05,0.644,0.743,609,2019-05-07 08:00:00
1105666,1105666,5679,2019-05-07 08:15:00-05,0.682,0.372,610,2019-05-07 08:15:00
1105667,1105667,5679,2019-05-07 08:30:00-05,0.872,-0.483,611,2019-05-07 08:30:00
1105668,1105668,5679,2019-05-07 08:45:00-05,0.788,-0.325,612,2019-05-07 08:45:00
1105669,1105669,5679,2019-05-07 09:00:00-05,0.731,-0.272,613,2019-05-07 09:00:00
1105670,1105670,5679,2019-05-07 09:15:00-05,0.832,-0.428,614,2019-05-07 09:15:00
1105671,1105671,5679,2019-05-07 09:30:00-05,0.619,-0.19,615,2019-05-07 09:30:00
1105672,1105672,5679,2019-05-07 09:45:00-05,1.048,-0.549,616,2019-05-07 09:45:00
1105673,1105673,5679,2019-05-07 10:00:00-05,1.204,-0.817,617,2019-05-07 10:00:00
1105674,1105674,5679,2019-05-07 10:15:00-05,1.54,-1.17,618,2019-05-07 10:15:00
1105675,1105675,5679,2019-05-07 10:30:00-05,1.804,-1.53,619,2019-05-07 10:30:00
1105676,1105676,5679,2019-05-07 10:45:00-05,1.442,-1.022,620,2019-05-07 10:45:00
1105677,1105677,5679,2019-05-07 11:00:00-05,1.151,-0.707,621,2019-05-07 11:00:00
1105678,1105678,5679,2019-05-07 11:15:00-05,1.764,-1.429,622,2019-05-07 11:15:00
1105679,1105679,5679,2019-05-07 11:30:00-05,2.69,-1.805,623,2019-05-07 11:30:00
1105680,1105680,5679,2019-05-07 11:45:00-05,2.3,-2.006,624,2019-05-07 11:45:00
1105681,1105681,5679,2019-05-07 12:00:00-05,1.02,-0.688,625,2019-05-07 12:00:00
1105682,1105682,5679,2019-05-07 12:15:00-05,0.396,0.104,626,2019-05-07 12:15:00
1105683,1105683,5679,2019-05-07 12:30:00-05,0.216,0.69,627,2019-05-07 12:30:00
1105684,1105684,5679,2019-05-07 12:45:00-05,0.206,1.47,628,2019-05-07 12:45:00
1105685,1105685,5679,2019-05-07 13:00:00-05,0.307,1.149,629,2019-05-07 13:00:00
1105686,1105686,5679,2019-05-07 13:15:00-05,0.297,0.647,630,2019-05-07 13:15:00
1105687,1105687,5679,2019-05-07 13:30:00-05,0.232,0.179,631,2019-05-07 13:30:00
1105688,1105688,5679,2019-05-07 13:45:00-05,0.243,0.039,632,2019-05-07 13:45:00
1105689,1105689,5679,2019-05-07 14:00:00-05,0.258,0.016,633,2019-05-07 14:00:00
1105690,1105690,5679,2019-05-07 14:15:00-05,0.472,0.215,634,2019-05-07 14:15:00
1105691,1105691,5679,2019-05-07 14:30:00-05,0.705,0.609,635,2019-05-07 14:30:00
1105692,1105692,5679,2019-05-07 14:45:00-05,0.631,0.328,636,2019-05-07 14:45:00
1105693,1105693,5679,2019-05-07 15:00:00-05,0.759,-0.484,637,2019-05-07 15:00:00
1105694,1105694,5679,2019-05-07 15:15:00-05,0.649,-0.186,638,2019-05-07 15:15:00
1105695,1105695,5679,2019-05-07 15:30:00-05,0.597,0.252,639,2019-05-07 15:30:00
1105696,1105696,5679,2019-05-07 15:45:00-05,0.247,0.541,640,2019-05-07 15:45:00
1105697,1105697,5679,2019-05-07 16:00:00-05,0.348,1.162,641,2019-05-07 16:00:00
1105698,1105698,5679,2019-05-07 16:15:00-05,0.378,1.383,642,2019-05-07 16:15:00
1105699,1105699,5679,2019-05-07 16:30:00-05,0.305,0.341,643,2019-05-07 16:30:00
1105700,1105700,5679,2019-05-07 16:45:00-05,0.174,0.202,644,2019-05-07 16:45:00
1105701,1105701,5679,2019-05-07 17:00:00-05,0.201,0.196,645,2019-05-07 17:00:00
1105702,1105702,5679,2019-05-07 17:15:00-05,0.189,0.18,646,2019-05-07 17:15:00
1105703,1105703,5679,2019-05-07 17:30:00-05,0.207,0.212,647,2019-05-07 17:30:00
1105704,1105704,5679,2019-05-07 17:45:00-05,0.145,1.081,648,2019-05-07 17:45:00
1105705,1105705,5679,2019-05-07 18:00:00-05,0.1,1.314,649,2019-05-07 18:00:00
1105706,1105706,5679,2019-05-07 18:15:00-05,0.114,1.108,650,2019-05-07 18:15:00
1105707,1105707,5679,2019-05-07 18:30:00-05,0.088,1.494,651,2019-05-07 18:30:00
1105708,1105708,5679,2019-05-07 18:45:00-05,0.045,1.307,652,2019-05-07 18:45:00
1105709,1105709,5679,2019-05-07 19:00:00-05,0.01,0.541,653,2019-05-07 19:00:00
1105710,1105710,5679,2019-05-07 19:15:00-05,0.008,0.447,654,2019-05-07 19:15:00
1105711,1105711,5679,2019-05-07 19:30:00-05,0.007,1.078,655,2019-05-07 19:30:00
1105712,1105712,5679,2019-05-07 19:45:00-05,0.008,0.928,656,2019-05-07 19:45:00
1105713,1105713,5679,2019-05-07 20:00:00-05,0.008,0.544,657,2019-05-07 20:00:00
1105714,1105714,5679,2019-05-07 20:15:00-05,0.008,0.375,658,2019-05-07 20:15:00
1105715,1105715,5679,2019-05-07 20:30:00-05,0.008,0.353,659,2019-05-07 20:30:00
1105716,1105716,5679,2019-05-07 20:45:00-05,0.008,0.35,660,2019-05-07 20:45:00
1105717,1105717,5679,2019-05-07 21:00:00-05,0.008,0.311,661,2019-05-07 21:00:00
1105718,1105718,5679,2019-05-07 21:15:00-05,0.008,0.256,662,2019-05-07 21:15:00
1105719,1105719,5679,2019-05-07 21:30:00-05,0.008,0.333,663,2019-05-07 21:30:00
1105720,1105720,5679,2019-05-07 21:45:00-05,0.008,0.474,664,2019-05-07 21:45:00
1105721,1105721,5679,2019-05-07 22:00:00-05,0.008,0.342,665,2019-05-07 22:00:00
1105722,1105722,5679,2019-05-07 22:15:00-05,0.008,0.384,666,2019-05-07 22:15:00
1105723,1105723,5679,2019-05-07 22:30:00-05,0.008,0.386,667,2019-05-07 22:30:00
1105724,1105724,5679,2019-05-07 22:45:00-05,0.009,0.293,668,2019-05-07 22:45:00
1105725,1105725,5679,2019-05-07 23:00:00-05,0.008,0.32,669,2019-05-07 23:00:00
1105726,1105726,5679,2019-05-07 23:15:00-05,0.008,0.367,670,2019-05-07 23:15:00
1105727,1105727,5679,2019-05-07 23:30:00-05,0.009,0.166,671,2019-05-07 23:30:00
1105728,1105728,5679,2019-05-07 23:45:00-05,0.009,0.156,672,2019-05-07 23:45:00
1105729,1105729,5679,2019-05-08 00:00:00-05,0.009,0.155,673,2019-05-08 00:00:00
1105730,1105730,5679,2019-05-08 00:15:00-05,0.009,0.157,674,2019-05-08 00:15:00
1105731,1105731,5679,2019-05-08 00:30:00-05,0.009,0.156,675,2019-05-08 00:30:00
1105732,1105732,5679,2019-05-08 00:45:00-05,0.009,0.267,676,2019-05-08 00:45:00
1105733,1105733,5679,2019-05-08 01:00:00-05,0.009,0.199,677,2019-05-08 01:00:00
1105734,1105734,5679,2019-05-08 01:15:00-05,0.009,0.155,678,2019-05-08 01:15:00
1105735,1105735,5679,2019-05-08 01:30:00-05,0.009,0.161,679,2019-05-08 01:30:00
1105736,1105736,5679,2019-05-08 01:45:00-05,0.009,0.273,680,2019-05-08 01:45:00
1105737,1105737,5679,2019-05-08 02:00:00-05,0.009,0.267,681,2019-05-08 02:00:00
1105738,1105738,5679,2019-05-08 02:15:00-05,0.009,0.342,682,2019-05-08 02:15:00
1105739,1105739,5679,2019-05-08 02:30:00-05,0.009,0.369,683,2019-05-08 02:30:00
1105740,1105740,5679,2019-05-08 02:45:00-05,0.009,0.376,684,2019-05-08 02:45:00
1105741,1105741,5679,2019-05-08 03:00:00-05,0.009,0.361,685,2019-05-08 03:00:00
1105742,1105742,5679,2019-05-08 03:15:00-05,0.009,0.241,686,2019-05-08 03:15:00
1105743,1105743,5679,2019-05-08 03:30:00-05,0.009,0.214,687,2019-05-08 03:30:00
1105744,1105744,5679,2019-05-08 03:45:00-05,0.009,0.263,688,2019-05-08 03:45:00
1105745,1105745,5679,2019-05-08 04:00:00-05,0.009,0.156,689,2019-05-08 04:00:00
1105746,1105746,5679,2019-05-08 04:15:00-05,0.009,0.251,690,2019-05-08 04:15:00
1105747,1105747,5679,2019-05-08 04:30:00-05,0.009,0.272,691,2019-05-08 04:30:00
1105748,1105748,5679,2019-05-08 04:45:00-05,0.01,0.269,692,2019-05-08 04:45:00
1105749,1105749,5679,2019-05-08 05:00:00-05,0.039,0.388,693,2019-05-08 05:00:00
1105750,1105750,5679,2019-05-08 05:15:00-05,0.088,0.517,694,2019-05-08 05:15:00
1105751,1105751,5679,2019-05-08 05:30:00-05,0.134,0.648,695,2019-05-08 05:30:00
1105752,1105752,5679,2019-05-08 05:45:00-05,0.148,1.063,696,2019-05-08 05:45:00
1105753,1105753,5679,2019-05-08 06:00:00-05,0.155,0.751,697,2019-05-08 06:00:00
1105754,1105754,5679,2019-05-08 06:15:00-05,0.135,0.25,698,2019-05-08 06:15:00
1105755,1105755,5679,2019-05-08 06:30:00-05,0.217,1.38,699,2019-05-08 06:30:00
1105756,1105756,5679,2019-05-08 06:45:00-05,0.234,1.426,700,2019-05-08 06:45:00
1105757,1105757,5679,2019-05-08 07:00:00-05,0.316,1.867,701,2019-05-08 07:00:00
1105758,1105758,5679,2019-05-08 07:15:00-05,0.379,1.738,702,2019-05-08 07:15:00
1105759,1105759,5679,2019-05-08 07:30:00-05,0.527,1.1,703,2019-05-08 07:30:00
1105760,1105760,5679,2019-05-08 07:45:00-05,0.496,1.206,704,2019-05-08 07:45:00
1105761,1105761,5679,2019-05-08 08:00:00-05,0.761,0.419,705,2019-05-08 08:00:00
1105762,1105762,5679,2019-05-08 08:15:00-05,0.93,-0.448,706,2019-05-08 08:15:00
1105763,1105763,5679,2019-05-08 08:30:00-05,0.994,-0.328,707,2019-05-08 08:30:00
1105764,1105764,5679,2019-05-08 08:45:00-05,1.543,-0.166,708,2019-05-08 08:45:00
1105765,1105765,5679,2019-05-08 09:00:00-05,2.298,-0.867,709,2019-05-08 09:00:00
1105766,1105766,5679,2019-05-08 09:15:00-05,2.251,-1.117,710,2019-05-08 09:15:00
1105767,1105767,5679,2019-05-08 09:30:00-05,2.608,-2.368,711,2019-05-08 09:30:00
1105768,1105768,5679,2019-05-08 09:45:00-05,3.969,-3.219,712,2019-05-08 09:45:00
1105769,1105769,5679,2019-05-08 10:00:00-05,4.024,-2.97,713,2019-05-08 10:00:00
1105770,1105770,5679,2019-05-08 10:15:00-05,4.208,-3.107,714,2019-05-08 10:15:00
1105771,1105771,5679,2019-05-08 10:30:00-05,4.346,-3.636,715,2019-05-08 10:30:00
1105772,1105772,5679,2019-05-08 10:45:00-05,4.464,-4.075,716,2019-05-08 10:45:00
1105773,1105773,5679,2019-05-08 11:00:00-05,4.576,-4.139,717,2019-05-08 11:00:00
1105774,1105774,5679,2019-05-08 11:15:00-05,4.675,-4.319,718,2019-05-08 11:15:00
1105775,1105775,5679,2019-05-08 11:30:00-05,4.703,-4.291,719,2019-05-08 11:30:00
1105776,1105776,5679,2019-05-08 11:45:00-05,4.597,-4.099,720,2019-05-08 11:45:00
1105777,1105777,5679,2019-05-08 12:00:00-05,4.721,-4.424,721,2019-05-08 12:00:00
1105778,1105778,5679,2019-05-08 12:15:00-05,4.7,-4.366,722,2019-05-08 12:15:00
1105779,1105779,5679,2019-05-08 12:30:00-05,4.562,-3.75,723,2019-05-08 12:30:00
1105780,1105780,5679,2019-05-08 12:45:00-05,4.384,-3.731,724,2019-05-08 12:45:00
1105781,1105781,5679,2019-05-08 13:00:00-05,4.131,-3.633,725,2019-05-08 13:00:00
1105782,1105782,5679,2019-05-08 13:15:00-05,3.905,-3.193,726,2019-05-08 13:15:00
1105783,1105783,5679,2019-05-08 13:30:00-05,3.59,-2.991,727,2019-05-08 13:30:00
1105784,1105784,5679,2019-05-08 13:45:00-05,3.132,-2.585,728,2019-05-08 13:45:00
1105785,1105785,5679,2019-05-08 14:00:00-05,2.757,-2.419,729,2019-05-08 14:00:00
1105786,1105786,5679,2019-05-08 14:15:00-05,2.267,-1.945,730,2019-05-08 14:15:00
1105787,1105787,5679,2019-05-08 14:30:00-05,1.906,-1.629,731,2019-05-08 14:30:00
1105788,1105788,5679,2019-05-08 14:45:00-05,1.523,-1.185,732,2019-05-08 14:45:00
1105789,1105789,5679,2019-05-08 15:00:00-05,1.179,-0.489,733,2019-05-08 15:00:00
1105790,1105790,5679,2019-05-08 15:15:00-05,0.909,-0.543,734,2019-05-08 15:15:00
1105791,1105791,5679,2019-05-08 15:30:00-05,0.734,-0.156,735,2019-05-08 15:30:00
1105792,1105792,5679,2019-05-08 15:45:00-05,0.574,-0.094,736,2019-05-08 15:45:00
1105793,1105793,5679,2019-05-08 16:00:00-05,0.338,0.236,737,2019-05-08 16:00:00
1105794,1105794,5679,2019-05-08 16:15:00-05,0.264,0.355,738,2019-05-08 16:15:00
1105795,1105795,5679,2019-05-08 16:30:00-05,0.263,0.709,739,2019-05-08 16:30:00
1105796,1105796,5679,2019-05-08 16:45:00-05,0.252,0.507,740,2019-05-08 16:45:00
1105797,1105797,5679,2019-05-08 17:00:00-05,0.253,0.645,741,2019-05-08 17:00:00
1105798,1105798,5679,2019-05-08 17:15:00-05,0.251,0.506,742,2019-05-08 17:15:00
1105799,1105799,5679,2019-05-08 17:30:00-05,0.23,0.19,743,2019-05-08 17:30:00
1105800,1105800,5679,2019-05-08 17:45:00-05,0.2,0.078,744,2019-05-08 17:45:00
1105801,1105801,5679,2019-05-08 18:00:00-05,0.162,0.175,745,2019-05-08 18:00:00
1105802,1105802,5679,2019-05-08 18:15:00-05,0.129,0.247,746,2019-05-08 18:15:00
1105803,1105803,5679,2019-05-08 18:30:00-05,0.097,0.55,747,2019-05-08 18:30:00
1105804,1105804,5679,2019-05-08 18:45:00-05,0.061,0.759,748,2019-05-08 18:45:00
1105805,1105805,5679,2019-05-08 19:00:00-05,0.02,0.524,749,2019-05-08 19:00:00
1105806,1105806,5679,2019-05-08 19:15:00-05,0.008,0.578,750,2019-05-08 19:15:00
1105807,1105807,5679,2019-05-08 19:30:00-05,0.007,0.777,751,2019-05-08 19:30:00
1105808,1105808,5679,2019-05-08 19:45:00-05,0.007,0.875,752,2019-05-08 19:45:00
1105809,1105809,5679,2019-05-08 20:00:00-05,0.007,0.732,753,2019-05-08 20:00:00
1105810,1105810,5679,2019-05-08 20:15:00-05,0.007,0.449,754,2019-05-08 20:15:00
1105811,1105811,5679,2019-05-08 20:30:00-05,0.007,0.522,755,2019-05-08 20:30:00
1105812,1105812,5679,2019-05-08 20:45:00-05,0.007,0.566,756,2019-05-08 20:45:00
1105813,1105813,5679,2019-05-08 21:00:00-05,0.008,0.517,757,2019-05-08 21:00:00
1105814,1105814,5679,2019-05-08 21:15:00-05,0.008,0.54,758,2019-05-08 21:15:00
1105815,1105815,5679,2019-05-08 21:30:00-05,0.008,0.719,759,2019-05-08 21:30:00
1105816,1105816,5679,2019-05-08 21:45:00-05,0.007,0.869,760,2019-05-08 21:45:00
1105817,1105817,5679,2019-05-08 22:00:00-05,0.007,1.446,761,2019-05-08 22:00:00
1105818,1105818,5679,2019-05-08 22:15:00-05,0.007,1.26,762,2019-05-08 22:15:00
1105819,1105819,5679,2019-05-08 22:30:00-05,0.008,0.875,763,2019-05-08 22:30:00
1105820,1105820,5679,2019-05-08 22:45:00-05,0.008,1.167,764,2019-05-08 22:45:00
1105821,1105821,5679,2019-05-08 23:00:00-05,0.008,0.712,765,2019-05-08 23:00:00
1105822,1105822,5679,2019-05-08 23:15:00-05,0.008,0.323,766,2019-05-08 23:15:00
1105823,1105823,5679,2019-05-08 23:30:00-05,0.008,0.369,767,2019-05-08 23:30:00
1105824,1105824,5679,2019-05-08 23:45:00-05,0.008,0.44,768,2019-05-08 23:45:00
1105825,1105825,5679,2019-05-09 00:00:00-05,0.008,0.387,769,2019-05-09 00:00:00
1105826,1105826,5679,2019-05-09 00:15:00-05,0.008,0.417,770,2019-05-09 00:15:00
1105827,1105827,5679,2019-05-09 00:30:00-05,0.008,0.4,771,2019-05-09 00:30:00
1105828,1105828,5679,2019-05-09 00:45:00-05,0.008,0.397,772,2019-05-09 00:45:00
1105829,1105829,5679,2019-05-09 01:00:00-05,0.008,0.448,773,2019-05-09 01:00:00
1105830,1105830,5679,2019-05-09 01:15:00-05,0.008,0.413,774,2019-05-09 01:15:00
1105831,1105831,5679,2019-05-09 01:30:00-05,0.008,0.396,775,2019-05-09 01:30:00
1105832,1105832,5679,2019-05-09 01:45:00-05,0.009,0.16,776,2019-05-09 01:45:00
1105833,1105833,5679,2019-05-09 02:00:00-05,0.009,0.216,777,2019-05-09 02:00:00
1105834,1105834,5679,2019-05-09 02:15:00-05,0.009,0.161,778,2019-05-09 02:15:00
1105835,1105835,5679,2019-05-09 02:30:00-05,0.009,0.203,779,2019-05-09 02:30:00
1105836,1105836,5679,2019-05-09 02:45:00-05,0.009,0.166,780,2019-05-09 02:45:00
1105837,1105837,5679,2019-05-09 03:00:00-05,0.009,0.19,781,2019-05-09 03:00:00
1105838,1105838,5679,2019-05-09 03:15:00-05,0.009,0.177,782,2019-05-09 03:15:00
1105839,1105839,5679,2019-05-09 03:30:00-05,0.009,0.294,783,2019-05-09 03:30:00
1105840,1105840,5679,2019-05-09 03:45:00-05,0.009,0.298,784,2019-05-09 03:45:00
1105841,1105841,5679,2019-05-09 04:00:00-05,0.009,0.278,785,2019-05-09 04:00:00
1105842,1105842,5679,2019-05-09 04:15:00-05,0.009,0.308,786,2019-05-09 04:15:00
1105843,1105843,5679,2019-05-09 04:30:00-05,0.009,0.271,787,2019-05-09 04:30:00
1105844,1105844,5679,2019-05-09 04:45:00-05,0.012,0.306,788,2019-05-09 04:45:00
1105845,1105845,5679,2019-05-09 05:00:00-05,0.032,0.201,789,2019-05-09 05:00:00
1105846,1105846,5679,2019-05-09 05:15:00-05,0.059,1.198,790,2019-05-09 05:15:00
1105847,1105847,5679,2019-05-09 05:30:00-05,0.092,0.633,791,2019-05-09 05:30:00
1105848,1105848,5679,2019-05-09 05:45:00-05,0.186,0.46,792,2019-05-09 05:45:00
1105849,1105849,5679,2019-05-09 06:00:00-05,0.329,0.36,793,2019-05-09 06:00:00
1105850,1105850,5679,2019-05-09 06:15:00-05,0.557,0.264,794,2019-05-09 06:15:00
1105851,1105851,5679,2019-05-09 06:30:00-05,0.496,0.865,795,2019-05-09 06:30:00
1105852,1105852,5679,2019-05-09 06:45:00-05,0.644,1.478,796,2019-05-09 06:45:00
1105853,1105853,5679,2019-05-09 07:00:00-05,0.673,1.241,797,2019-05-09 07:00:00
1105854,1105854,5679,2019-05-09 07:15:00-05,0.837,0.847,798,2019-05-09 07:15:00
1105855,1105855,5679,2019-05-09 07:30:00-05,0.741,0.823,799,2019-05-09 07:30:00
1105856,1105856,5679,2019-05-09 07:45:00-05,0.915,-0.334,800,2019-05-09 07:45:00
1105857,1105857,5679,2019-05-09 08:00:00-05,1.045,-0.099,801,2019-05-09 08:00:00
1105858,1105858,5679,2019-05-09 08:15:00-05,1.059,0.032,802,2019-05-09 08:15:00
1105859,1105859,5679,2019-05-09 08:30:00-05,1.056,0.041,803,2019-05-09 08:30:00
1105860,1105860,5679,2019-05-09 08:45:00-05,1.285,0.055,804,2019-05-09 08:45:00
1105861,1105861,5679,2019-05-09 09:00:00-05,1.743,-0.566,805,2019-05-09 09:00:00
1105862,1105862,5679,2019-05-09 09:15:00-05,2.829,-1.712,806,2019-05-09 09:15:00
1105863,1105863,5679,2019-05-09 09:30:00-05,2.202,-1.555,807,2019-05-09 09:30:00
1105864,1105864,5679,2019-05-09 09:45:00-05,1.888,-1.088,808,2019-05-09 09:45:00
1105865,1105865,5679,2019-05-09 10:00:00-05,2.168,0.716,809,2019-05-09 10:00:00
1105866,1105866,5679,2019-05-09 10:15:00-05,1.986,2.519,810,2019-05-09 10:15:00
1105867,1105867,5679,2019-05-09 10:30:00-05,1.424,2.742,811,2019-05-09 10:30:00
1105868,1105868,5679,2019-05-09 10:45:00-05,1.521,0.644,812,2019-05-09 10:45:00
1105869,1105869,5679,2019-05-09 11:00:00-05,1.664,-1.242,813,2019-05-09 11:00:00
1105870,1105870,5679,2019-05-09 11:15:00-05,2.364,-1.907,814,2019-05-09 11:15:00
1105871,1105871,5679,2019-05-09 11:30:00-05,3.677,-3.23,815,2019-05-09 11:30:00
1105872,1105872,5679,2019-05-09 11:45:00-05,3.895,-3.486,816,2019-05-09 11:45:00
1105873,1105873,5679,2019-05-09 12:00:00-05,3.486,-3.026,817,2019-05-09 12:00:00
1105874,1105874,5679,2019-05-09 12:15:00-05,2.28,-1.405,818,2019-05-09 12:15:00
1105875,1105875,5679,2019-05-09 12:30:00-05,2.09,-1.451,819,2019-05-09 12:30:00
1105876,1105876,5679,2019-05-09 12:45:00-05,2.704,-2.372,820,2019-05-09 12:45:00
1105877,1105877,5679,2019-05-09 13:00:00-05,2.748,-2.301,821,2019-05-09 13:00:00
1105878,1105878,5679,2019-05-09 13:15:00-05,4.012,-3.398,822,2019-05-09 13:15:00
1105879,1105879,5679,2019-05-09 13:30:00-05,2.909,-2.458,823,2019-05-09 13:30:00
1105880,1105880,5679,2019-05-09 13:45:00-05,2.734,-2.353,824,2019-05-09 13:45:00
1105881,1105881,5679,2019-05-09 14:00:00-05,1.877,-1.44,825,2019-05-09 14:00:00
1105882,1105882,5679,2019-05-09 14:15:00-05,1.803,-1.396,826,2019-05-09 14:15:00
1105883,1105883,5679,2019-05-09 14:30:00-05,1.775,-1.379,827,2019-05-09 14:30:00
1105884,1105884,5679,2019-05-09 14:45:00-05,1.948,-1.648,828,2019-05-09 14:45:00
1105885,1105885,5679,2019-05-09 15:00:00-05,1.508,-1.195,829,2019-05-09 15:00:00
1105886,1105886,5679,2019-05-09 15:15:00-05,1.04,-0.754,830,2019-05-09 15:15:00
1105887,1105887,5679,2019-05-09 15:30:00-05,1.23,-0.985,831,2019-05-09 15:30:00
1105888,1105888,5679,2019-05-09 15:45:00-05,1.434,-1.25,832,2019-05-09 15:45:00
1105889,1105889,5679,2019-05-09 16:00:00-05,1.151,-0.951,833,2019-05-09 16:00:00
1105890,1105890,5679,2019-05-09 16:15:00-05,1.097,-0.914,834,2019-05-09 16:15:00
1105891,1105891,5679,2019-05-09 16:30:00-05,0.466,-0.172,835,2019-05-09 16:30:00
1105892,1105892,5679,2019-05-09 16:45:00-05,0.356,0.319,836,2019-05-09 16:45:00
1105893,1105893,5679,2019-05-09 17:00:00-05,0.198,0.459,837,2019-05-09 17:00:00
1105894,1105894,5679,2019-05-09 17:15:00-05,0.18,0.53,838,2019-05-09 17:15:00
1105895,1105895,5679,2019-05-09 17:30:00-05,0.12,0.631,839,2019-05-09 17:30:00
1105896,1105896,5679,2019-05-09 17:45:00-05,0.073,0.448,840,2019-05-09 17:45:00
1105897,1105897,5679,2019-05-09 18:00:00-05,0.023,0.437,841,2019-05-09 18:00:00
1105898,1105898,5679,2019-05-09 18:15:00-05,0.016,0.476,842,2019-05-09 18:15:00
1105899,1105899,5679,2019-05-09 18:30:00-05,0.01,0.386,843,2019-05-09 18:30:00
1105900,1105900,5679,2019-05-09 18:45:00-05,0.007,0.434,844,2019-05-09 18:45:00
1105901,1105901,5679,2019-05-09 19:00:00-05,0.007,0.345,845,2019-05-09 19:00:00
1105902,1105902,5679,2019-05-09 19:15:00-05,0.007,0.408,846,2019-05-09 19:15:00
1105903,1105903,5679,2019-05-09 19:30:00-05,0.008,0.343,847,2019-05-09 19:30:00
1105904,1105904,5679,2019-05-09 19:45:00-05,0.007,0.473,848,2019-05-09 19:45:00
1105905,1105905,5679,2019-05-09 20:00:00-05,0.007,0.458,849,2019-05-09 20:00:00
1105906,1105906,5679,2019-05-09 20:15:00-05,0.007,0.483,850,2019-05-09 20:15:00
1105907,1105907,5679,2019-05-09 20:30:00-05,0.007,0.461,851,2019-05-09 20:30:00
1105908,1105908,5679,2019-05-09 20:45:00-05,0.008,0.569,852,2019-05-09 20:45:00
1105909,1105909,5679,2019-05-09 21:00:00-05,0.008,0.356,853,2019-05-09 21:00:00
1105910,1105910,5679,2019-05-09 21:15:00-05,0.008,0.408,854,2019-05-09 21:15:00
1105911,1105911,5679,2019-05-09 21:30:00-05,0.008,0.347,855,2019-05-09 21:30:00
1105912,1105912,5679,2019-05-09 21:45:00-05,0.008,0.408,856,2019-05-09 21:45:00
1105913,1105913,5679,2019-05-09 22:00:00-05,0.008,0.211,857,2019-05-09 22:00:00
1105914,1105914,5679,2019-05-09 22:15:00-05,0.008,0.219,858,2019-05-09 22:15:00
1105915,1105915,5679,2019-05-09 22:30:00-05,0.008,0.168,859,2019-05-09 22:30:00
1105916,1105916,5679,2019-05-09 22:45:00-05,0.008,0.227,860,2019-05-09 22:45:00
1105917,1105917,5679,2019-05-09 23:00:00-05,0.008,0.164,861,2019-05-09 23:00:00
1105918,1105918,5679,2019-05-09 23:15:00-05,0.008,0.217,862,2019-05-09 23:15:00
1105919,1105919,5679,2019-05-09 23:30:00-05,0.008,0.16,863,2019-05-09 23:30:00
1105920,1105920,5679,2019-05-09 23:45:00-05,0.008,0.21,864,2019-05-09 23:45:00
1105921,1105921,5679,2019-05-10 00:00:00-05,0.008,0.257,865,2019-05-10 00:00:00
1105922,1105922,5679,2019-05-10 00:15:00-05,0.008,0.32,866,2019-05-10 00:15:00
1105923,1105923,5679,2019-05-10 00:30:00-05,0.008,0.269,867,2019-05-10 00:30:00
1105924,1105924,5679,2019-05-10 00:45:00-05,0.008,0.319,868,2019-05-10 00:45:00
1105925,1105925,5679,2019-05-10 01:00:00-05,0.008,0.271,869,2019-05-10 01:00:00
1105926,1105926,5679,2019-05-10 01:15:00-05,0.008,0.308,870,2019-05-10 01:15:00
1105927,1105927,5679,2019-05-10 01:30:00-05,0.008,0.208,871,2019-05-10 01:30:00
1105928,1105928,5679,2019-05-10 01:45:00-05,0.008,0.217,872,2019-05-10 01:45:00
1105929,1105929,5679,2019-05-10 02:00:00-05,0.008,0.255,873,2019-05-10 02:00:00
1105930,1105930,5679,2019-05-10 02:15:00-05,0.008,0.3,874,2019-05-10 02:15:00
1105931,1105931,5679,2019-05-10 02:30:00-05,0.008,0.224,875,2019-05-10 02:30:00
1105932,1105932,5679,2019-05-10 02:45:00-05,0.008,0.181,876,2019-05-10 02:45:00
1105933,1105933,5679,2019-05-10 03:00:00-05,0.008,0.175,877,2019-05-10 03:00:00
1105934,1105934,5679,2019-05-10 03:15:00-05,0.008,0.189,878,2019-05-10 03:15:00
1105935,1105935,5679,2019-05-10 03:30:00-05,0.008,0.283,879,2019-05-10 03:30:00
1105936,1105936,5679,2019-05-10 03:45:00-05,0.008,0.378,880,2019-05-10 03:45:00
1105937,1105937,5679,2019-05-10 04:00:00-05,0.008,0.403,881,2019-05-10 04:00:00
1105938,1105938,5679,2019-05-10 04:15:00-05,0.008,0.407,882,2019-05-10 04:15:00
1105939,1105939,5679,2019-05-10 04:30:00-05,0.008,0.405,883,2019-05-10 04:30:00
1105940,1105940,5679,2019-05-10 04:45:00-05,0.008,0.39,884,2019-05-10 04:45:00
1105941,1105941,5679,2019-05-10 05:00:00-05,0.008,0.641,885,2019-05-10 05:00:00
1105942,1105942,5679,2019-05-10 05:15:00-05,0.008,1.662,886,2019-05-10 05:15:00
1105943,1105943,5679,2019-05-10 05:30:00-05,0.015,0.615,887,2019-05-10 05:30:00
1105944,1105944,5679,2019-05-10 05:45:00-05,0.049,0.639,888,2019-05-10 05:45:00
1105945,1105945,5679,2019-05-10 06:00:00-05,0.059,0.822,889,2019-05-10 06:00:00
1105946,1105946,5679,2019-05-10 06:15:00-05,0.096,0.45,890,2019-05-10 06:15:00
1105947,1105947,5679,2019-05-10 06:30:00-05,0.093,0.517,891,2019-05-10 06:30:00
1105948,1105948,5679,2019-05-10 06:45:00-05,0.115,0.44,892,2019-05-10 06:45:00
1105949,1105949,5679,2019-05-10 07:00:00-05,0.131,1.325,893,2019-05-10 07:00:00
1105950,1105950,5679,2019-05-10 07:15:00-05,0.16,1.608,894,2019-05-10 07:15:00
1105951,1105951,5679,2019-05-10 07:30:00-05,0.507,0.755,895,2019-05-10 07:30:00
1105952,1105952,5679,2019-05-10 07:45:00-05,0.328,4.447,896,2019-05-10 07:45:00
1105953,1105953,5679,2019-05-10 08:00:00-05,0.234,4.217,897,2019-05-10 08:00:00
1105954,1105954,5679,2019-05-10 08:15:00-05,0.296,3.871,898,2019-05-10 08:15:00
1105955,1105955,5679,2019-05-10 08:30:00-05,0.208,3.251,899,2019-05-10 08:30:00
1105956,1105956,5679,2019-05-10 08:45:00-05,0.353,1.663,900,2019-05-10 08:45:00
1105957,1105957,5679,2019-05-10 09:00:00-05,0.636,-0.239,901,2019-05-10 09:00:00
1105958,1105958,5679,2019-05-10 09:15:00-05,0.513,-0.242,902,2019-05-10 09:15:00
1105959,1105959,5679,2019-05-10 09:30:00-05,0.834,-0.617,903,2019-05-10 09:30:00
1105960,1105960,5679,2019-05-10 09:45:00-05,0.865,-0.711,904,2019-05-10 09:45:00
1105961,1105961,5679,2019-05-10 10:00:00-05,1.406,-1.199,905,2019-05-10 10:00:00
1105962,1105962,5679,2019-05-10 10:15:00-05,2.026,-1.873,906,2019-05-10 10:15:00
1105963,1105963,5679,2019-05-10 10:30:00-05,2.229,-1.959,907,2019-05-10 10:30:00
1105964,1105964,5679,2019-05-10 10:45:00-05,2.901,3.222,908,2019-05-10 10:45:00
1105965,1105965,5679,2019-05-10 11:00:00-05,4.743,2.455,909,2019-05-10 11:00:00
1105966,1105966,5679,2019-05-10 11:15:00-05,4.509,2.668,910,2019-05-10 11:15:00
1105967,1105967,5679,2019-05-10 11:30:00-05,2.479,4.712,911,2019-05-10 11:30:00
1105968,1105968,5679,2019-05-10 11:45:00-05,1.732,2.378,912,2019-05-10 11:45:00
1105969,1105969,5679,2019-05-10 12:00:00-05,4.665,-4.256,913,2019-05-10 12:00:00
1105970,1105970,5679,2019-05-10 12:15:00-05,3.852,-3.669,914,2019-05-10 12:15:00
1105971,1105971,5679,2019-05-10 12:30:00-05,2.172,-1.95,915,2019-05-10 12:30:00
1105972,1105972,5679,2019-05-10 12:45:00-05,2.379,-2.073,916,2019-05-10 12:45:00
1105973,1105973,5679,2019-05-10 13:00:00-05,0.709,-0.433,917,2019-05-10 13:00:00
1105974,1105974,5679,2019-05-10 13:15:00-05,1.631,-1.339,918,2019-05-10 13:15:00
1105975,1105975,5679,2019-05-10 13:30:00-05,3.496,-3.202,919,2019-05-10 13:30:00
1105976,1105976,5679,2019-05-10 13:45:00-05,1.302,-0.337,920,2019-05-10 13:45:00
1105977,1105977,5679,2019-05-10 14:00:00-05,1.458,-1.117,921,2019-05-10 14:00:00
1105978,1105978,5679,2019-05-10 14:15:00-05,1.389,-1.087,922,2019-05-10 14:15:00
1105979,1105979,5679,2019-05-10 14:30:00-05,1.762,-1.408,923,2019-05-10 14:30:00
1105980,1105980,5679,2019-05-10 14:45:00-05,1.544,-1.248,924,2019-05-10 14:45:00
1105981,1105981,5679,2019-05-10 15:00:00-05,2.072,-1.721,925,2019-05-10 15:00:00
1105982,1105982,5679,2019-05-10 15:15:00-05,1.403,-1.07,926,2019-05-10 15:15:00
1105983,1105983,5679,2019-05-10 15:30:00-05,1.082,-0.698,927,2019-05-10 15:30:00
1105984,1105984,5679,2019-05-10 15:45:00-05,1.184,-0.688,928,2019-05-10 15:45:00
1105985,1105985,5679,2019-05-10 16:00:00-05,0.667,-0.2,929,2019-05-10 16:00:00
1105986,1105986,5679,2019-05-10 16:15:00-05,1.138,-0.206,930,2019-05-10 16:15:00
1105987,1105987,5679,2019-05-10 16:30:00-05,1.173,-0.343,931,2019-05-10 16:30:00
1105988,1105988,5679,2019-05-10 16:45:00-05,1.084,-0.563,932,2019-05-10 16:45:00
1105989,1105989,5679,2019-05-10 17:00:00-05,0.747,-0.263,933,2019-05-10 17:00:00
1105990,1105990,5679,2019-05-10 17:15:00-05,0.307,0.091,934,2019-05-10 17:15:00
1105991,1105991,5679,2019-05-10 17:30:00-05,0.156,0.254,935,2019-05-10 17:30:00
1105992,1105992,5679,2019-05-10 17:45:00-05,0.095,0.714,936,2019-05-10 17:45:00
1105993,1105993,5679,2019-05-10 18:00:00-05,0.101,0.697,937,2019-05-10 18:00:00
1105994,1105994,5679,2019-05-10 18:15:00-05,0.078,0.225,938,2019-05-10 18:15:00
1105995,1105995,5679,2019-05-10 18:30:00-05,0.034,0.318,939,2019-05-10 18:30:00
1105996,1105996,5679,2019-05-10 18:45:00-05,0.012,0.762,940,2019-05-10 18:45:00
1105997,1105997,5679,2019-05-10 19:00:00-05,0.007,0.943,941,2019-05-10 19:00:00
1105998,1105998,5679,2019-05-10 19:15:00-05,0.006,0.442,942,2019-05-10 19:15:00
1105999,1105999,5679,2019-05-10 19:30:00-05,0.007,0.519,943,2019-05-10 19:30:00
1106000,1106000,5679,2019-05-10 19:45:00-05,0.007,0.949,944,2019-05-10 19:45:00
1106001,1106001,5679,2019-05-10 20:00:00-05,0.005,3.217,945,2019-05-10 20:00:00
1106002,1106002,5679,2019-05-10 20:15:00-05,0.001,7.683,946,2019-05-10 20:15:00
1106003,1106003,5679,2019-05-10 20:30:00-05,0.0,7.613,947,2019-05-10 20:30:00
1106004,1106004,5679,2019-05-10 20:45:00-05,0.001,5.812,948,2019-05-10 20:45:00
1106005,1106005,5679,2019-05-10 21:00:00-05,0.006,1.477,949,2019-05-10 21:00:00
1106006,1106006,5679,2019-05-10 21:15:00-05,0.006,1.199,950,2019-05-10 21:15:00
1106007,1106007,5679,2019-05-10 21:30:00-05,0.007,0.959,951,2019-05-10 21:30:00
1106008,1106008,5679,2019-05-10 21:45:00-05,0.007,1.207,952,2019-05-10 21:45:00
1106009,1106009,5679,2019-05-10 22:00:00-05,0.007,0.429,953,2019-05-10 22:00:00
1106010,1106010,5679,2019-05-10 22:15:00-05,0.007,0.267,954,2019-05-10 22:15:00
1106011,1106011,5679,2019-05-10 22:30:00-05,0.007,0.316,955,2019-05-10 22:30:00
1106012,1106012,5679,2019-05-10 22:45:00-05,0.007,0.375,956,2019-05-10 22:45:00
1106013,1106013,5679,2019-05-10 23:00:00-05,0.007,0.528,957,2019-05-10 23:00:00
1106014,1106014,5679,2019-05-10 23:15:00-05,0.007,0.478,958,2019-05-10 23:15:00
1106015,1106015,5679,2019-05-10 23:30:00-05,0.007,0.378,959,2019-05-10 23:30:00
1106016,1106016,5679,2019-05-10 23:45:00-05,0.007,0.419,960,2019-05-10 23:45:00
1106017,1106017,5679,2019-05-11 00:00:00-05,0.007,0.371,961,2019-05-11 00:00:00
1106018,1106018,5679,2019-05-11 00:15:00-05,0.007,0.421,962,2019-05-11 00:15:00
1106019,1106019,5679,2019-05-11 00:30:00-05,0.007,0.35,963,2019-05-11 00:30:00
1106020,1106020,5679,2019-05-11 00:45:00-05,0.007,0.306,964,2019-05-11 00:45:00
1106021,1106021,5679,2019-05-11 01:00:00-05,0.008,0.274,965,2019-05-11 01:00:00
1106022,1106022,5679,2019-05-11 01:15:00-05,0.008,0.171,966,2019-05-11 01:15:00
1106023,1106023,5679,2019-05-11 01:30:00-05,0.008,0.312,967,2019-05-11 01:30:00
1106024,1106024,5679,2019-05-11 01:45:00-05,0.008,0.329,968,2019-05-11 01:45:00
1106025,1106025,5679,2019-05-11 02:00:00-05,0.008,0.207,969,2019-05-11 02:00:00
1106026,1106026,5679,2019-05-11 02:15:00-05,0.008,0.228,970,2019-05-11 02:15:00
1106027,1106027,5679,2019-05-11 02:30:00-05,0.008,0.203,971,2019-05-11 02:30:00
1106028,1106028,5679,2019-05-11 02:45:00-05,0.008,0.336,972,2019-05-11 02:45:00
1106029,1106029,5679,2019-05-11 03:00:00-05,0.008,0.27,973,2019-05-11 03:00:00
1106030,1106030,5679,2019-05-11 03:15:00-05,0.008,0.418,974,2019-05-11 03:15:00
1106031,1106031,5679,2019-05-11 03:30:00-05,0.008,0.405,975,2019-05-11 03:30:00
1106032,1106032,5679,2019-05-11 03:45:00-05,0.008,0.305,976,2019-05-11 03:45:00
1106033,1106033,5679,2019-05-11 04:00:00-05,0.008,0.282,977,2019-05-11 04:00:00
1106034,1106034,5679,2019-05-11 04:15:00-05,0.008,0.199,978,2019-05-11 04:15:00
1106035,1106035,5679,2019-05-11 04:30:00-05,0.008,0.178,979,2019-05-11 04:30:00
1106036,1106036,5679,2019-05-11 04:45:00-05,0.008,0.212,980,2019-05-11 04:45:00
1106037,1106037,5679,2019-05-11 05:00:00-05,0.014,0.151,981,2019-05-11 05:00:00
1106038,1106038,5679,2019-05-11 05:15:00-05,0.045,0.176,982,2019-05-11 05:15:00
1106039,1106039,5679,2019-05-11 05:30:00-05,0.132,0.065,983,2019-05-11 05:30:00
1106040,1106040,5679,2019-05-11 05:45:00-05,0.187,-0.002,984,2019-05-11 05:45:00
1106041,1106041,5679,2019-05-11 06:00:00-05,0.261,0.636,985,2019-05-11 06:00:00
1106042,1106042,5679,2019-05-11 06:15:00-05,0.34,0.56,986,2019-05-11 06:15:00
1106043,1106043,5679,2019-05-11 06:30:00-05,0.463,0.271,987,2019-05-11 06:30:00
1106044,1106044,5679,2019-05-11 06:45:00-05,0.554,0.908,988,2019-05-11 06:45:00
1106045,1106045,5679,2019-05-11 07:00:00-05,0.751,-0.121,989,2019-05-11 07:00:00
1106046,1106046,5679,2019-05-11 07:15:00-05,1.023,-0.57,990,2019-05-11 07:15:00
1106047,1106047,5679,2019-05-11 07:30:00-05,1.111,0.06,991,2019-05-11 07:30:00
1106048,1106048,5679,2019-05-11 07:45:00-05,0.938,0.624,992,2019-05-11 07:45:00
1106049,1106049,5679,2019-05-11 08:00:00-05,1.215,0.691,993,2019-05-11 08:00:00
1106050,1106050,5679,2019-05-11 08:15:00-05,1.556,0.2,994,2019-05-11 08:15:00
1106051,1106051,5679,2019-05-11 08:30:00-05,2.013,-0.586,995,2019-05-11 08:30:00
1106052,1106052,5679,2019-05-11 08:45:00-05,1.846,-1.419,996,2019-05-11 08:45:00
1106053,1106053,5679,2019-05-11 09:00:00-05,1.599,-1.29,997,2019-05-11 09:00:00
1106054,1106054,5679,2019-05-11 09:15:00-05,2.11,-1.858,998,2019-05-11 09:15:00
1106055,1106055,5679,2019-05-11 09:30:00-05,1.683,-1.376,999,2019-05-11 09:30:00
1106056,1106056,5679,2019-05-11 09:45:00-05,2.207,-1.951,1000,2019-05-11 09:45:00
1106057,1106057,5679,2019-05-11 10:00:00-05,1.49,-1.189,1001,2019-05-11 10:00:00
1106058,1106058,5679,2019-05-11 10:15:00-05,2.965,-2.775,1002,2019-05-11 10:15:00
1106059,1106059,5679,2019-05-11 10:30:00-05,2.275,-2.01,1003,2019-05-11 10:30:00
1106060,1106060,5679,2019-05-11 10:45:00-05,4.351,-4.055,1004,2019-05-11 10:45:00
1106061,1106061,5679,2019-05-11 11:00:00-05,2.755,-2.506,1005,2019-05-11 11:00:00
1106062,1106062,5679,2019-05-11 11:15:00-05,3.305,-3.008,1006,2019-05-11 11:15:00
1106063,1106063,5679,2019-05-11 11:30:00-05,4.245,-4.0,1007,2019-05-11 11:30:00
1106064,1106064,5679,2019-05-11 11:45:00-05,4.163,-3.877,1008,2019-05-11 11:45:00
1106065,1106065,5679,2019-05-11 12:00:00-05,4.888,-4.647,1009,2019-05-11 12:00:00
1106066,1106066,5679,2019-05-11 12:15:00-05,4.735,-4.589,1010,2019-05-11 12:15:00
1106067,1106067,5679,2019-05-11 12:30:00-05,4.566,-4.385,1011,2019-05-11 12:30:00
1106068,1106068,5679,2019-05-11 12:45:00-05,4.374,-4.243,1012,2019-05-11 12:45:00
1106069,1106069,5679,2019-05-11 13:00:00-05,4.115,-3.932,1013,2019-05-11 13:00:00
1106070,1106070,5679,2019-05-11 13:15:00-05,3.919,-3.771,1014,2019-05-11 13:15:00
1106071,1106071,5679,2019-05-11 13:30:00-05,3.565,-3.396,1015,2019-05-11 13:30:00
1106072,1106072,5679,2019-05-11 13:45:00-05,3.124,-2.935,1016,2019-05-11 13:45:00
1106073,1106073,5679,2019-05-11 14:00:00-05,2.772,-2.597,1017,2019-05-11 14:00:00
1106074,1106074,5679,2019-05-11 14:15:00-05,2.285,-1.982,1018,2019-05-11 14:15:00
1106075,1106075,5679,2019-05-11 14:30:00-05,1.986,-1.602,1019,2019-05-11 14:30:00
1106076,1106076,5679,2019-05-11 14:45:00-05,1.614,-1.407,1020,2019-05-11 14:45:00
1106077,1106077,5679,2019-05-11 15:00:00-05,1.262,-1.032,1021,2019-05-11 15:00:00
1106078,1106078,5679,2019-05-11 15:15:00-05,0.922,-0.624,1022,2019-05-11 15:15:00
1106079,1106079,5679,2019-05-11 15:30:00-05,0.725,2.974,1023,2019-05-11 15:30:00
1106080,1106080,5679,2019-05-11 15:45:00-05,0.617,6.951,1024,2019-05-11 15:45:00
1106081,1106081,5679,2019-05-11 16:00:00-05,0.403,6.94,1025,2019-05-11 16:00:00
1106082,1106082,5679,2019-05-11 16:15:00-05,0.347,6.924,1026,2019-05-11 16:15:00
1106083,1106083,5679,2019-05-11 16:30:00-05,0.472,6.1,1027,2019-05-11 16:30:00
1106084,1106084,5679,2019-05-11 16:45:00-05,0.44,0.711,1028,2019-05-11 16:45:00
1106085,1106085,5679,2019-05-11 17:00:00-05,0.398,-0.059,1029,2019-05-11 17:00:00
1106086,1106086,5679,2019-05-11 17:15:00-05,0.469,-0.039,1030,2019-05-11 17:15:00
1106087,1106087,5679,2019-05-11 17:30:00-05,0.364,-0.02,1031,2019-05-11 17:30:00
1106088,1106088,5679,2019-05-11 17:45:00-05,0.231,0.404,1032,2019-05-11 17:45:00
1106089,1106089,5679,2019-05-11 18:00:00-05,0.278,0.04,1033,2019-05-11 18:00:00
1106090,1106090,5679,2019-05-11 18:15:00-05,0.228,0.167,1034,2019-05-11 18:15:00
1106091,1106091,5679,2019-05-11 18:30:00-05,0.119,0.321,1035,2019-05-11 18:30:00
1106092,1106092,5679,2019-05-11 18:45:00-05,0.055,0.349,1036,2019-05-11 18:45:00
1106093,1106093,5679,2019-05-11 19:00:00-05,0.012,0.405,1037,2019-05-11 19:00:00
1106094,1106094,5679,2019-05-11 19:15:00-05,0.007,0.46,1038,2019-05-11 19:15:00
1106095,1106095,5679,2019-05-11 19:30:00-05,0.007,0.532,1039,2019-05-11 19:30:00
1106096,1106096,5679,2019-05-11 19:45:00-05,0.007,0.492,1040,2019-05-11 19:45:00
1106097,1106097,5679,2019-05-11 20:00:00-05,0.007,0.512,1041,2019-05-11 20:00:00
1106098,1106098,5679,2019-05-11 20:15:00-05,0.007,0.583,1042,2019-05-11 20:15:00
1106099,1106099,5679,2019-05-11 20:30:00-05,0.007,0.564,1043,2019-05-11 20:30:00
1106100,1106100,5679,2019-05-11 20:45:00-05,0.007,0.49,1044,2019-05-11 20:45:00
1106101,1106101,5679,2019-05-11 21:00:00-05,0.008,0.342,1045,2019-05-11 21:00:00
1106102,1106102,5679,2019-05-11 21:15:00-05,0.008,0.39,1046,2019-05-11 21:15:00
1106103,1106103,5679,2019-05-11 21:30:00-05,0.008,0.301,1047,2019-05-11 21:30:00
1106104,1106104,5679,2019-05-11 21:45:00-05,0.008,0.295,1048,2019-05-11 21:45:00
1106105,1106105,5679,2019-05-11 22:00:00-05,0.008,0.299,1049,2019-05-11 22:00:00
1106106,1106106,5679,2019-05-11 22:15:00-05,0.008,0.298,1050,2019-05-11 22:15:00
1106107,1106107,5679,2019-05-11 22:30:00-05,0.008,0.427,1051,2019-05-11 22:30:00
1106108,1106108,5679,2019-05-11 22:45:00-05,0.008,0.299,1052,2019-05-11 22:45:00
1106109,1106109,5679,2019-05-11 23:00:00-05,0.008,0.305,1053,2019-05-11 23:00:00
1106110,1106110,5679,2019-05-11 23:15:00-05,0.008,0.268,1054,2019-05-11 23:15:00
1106111,1106111,5679,2019-05-11 23:30:00-05,0.008,0.316,1055,2019-05-11 23:30:00
1106112,1106112,5679,2019-05-11 23:45:00-05,0.008,0.291,1056,2019-05-11 23:45:00
1106113,1106113,5679,2019-05-12 00:00:00-05,0.008,0.285,1057,2019-05-12 00:00:00
1106114,1106114,5679,2019-05-12 00:15:00-05,0.008,0.314,1058,2019-05-12 00:15:00
1106115,1106115,5679,2019-05-12 00:30:00-05,0.008,0.218,1059,2019-05-12 00:30:00
1106116,1106116,5679,2019-05-12 00:45:00-05,0.008,0.205,1060,2019-05-12 00:45:00
1106117,1106117,5679,2019-05-12 01:00:00-05,0.008,0.156,1061,2019-05-12 01:00:00
1106118,1106118,5679,2019-05-12 01:15:00-05,0.008,0.206,1062,2019-05-12 01:15:00
1106119,1106119,5679,2019-05-12 01:30:00-05,0.008,0.175,1063,2019-05-12 01:30:00
1106120,1106120,5679,2019-05-12 01:45:00-05,0.008,0.206,1064,2019-05-12 01:45:00
1106121,1106121,5679,2019-05-12 02:00:00-05,0.008,0.226,1065,2019-05-12 02:00:00
1106122,1106122,5679,2019-05-12 02:15:00-05,0.008,0.158,1066,2019-05-12 02:15:00
1106123,1106123,5679,2019-05-12 02:30:00-05,0.008,0.233,1067,2019-05-12 02:30:00
1106124,1106124,5679,2019-05-12 02:45:00-05,0.008,0.284,1068,2019-05-12 02:45:00
1106125,1106125,5679,2019-05-12 03:00:00-05,0.007,0.87,1069,2019-05-12 03:00:00
1106126,1106126,5679,2019-05-12 03:15:00-05,0.007,0.954,1070,2019-05-12 03:15:00
1106127,1106127,5679,2019-05-12 03:30:00-05,0.007,0.998,1071,2019-05-12 03:30:00
1106128,1106128,5679,2019-05-12 03:45:00-05,0.007,1.035,1072,2019-05-12 03:45:00
1106129,1106129,5679,2019-05-12 04:00:00-05,0.007,1.16,1073,2019-05-12 04:00:00
1106130,1106130,5679,2019-05-12 04:15:00-05,0.008,0.825,1074,2019-05-12 04:15:00
1106131,1106131,5679,2019-05-12 04:30:00-05,0.002,5.449,1075,2019-05-12 04:30:00
1106132,1106132,5679,2019-05-12 04:45:00-05,0.001,5.85,1076,2019-05-12 04:45:00
1106133,1106133,5679,2019-05-12 05:00:00-05,0.003,4.283,1077,2019-05-12 05:00:00
1106134,1106134,5679,2019-05-12 05:15:00-05,0.02,2.097,1078,2019-05-12 05:15:00
1106135,1106135,5679,2019-05-12 05:30:00-05,0.056,1.736,1079,2019-05-12 05:30:00
1106136,1106136,5679,2019-05-12 05:45:00-05,0.127,1.361,1080,2019-05-12 05:45:00
1106137,1106137,5679,2019-05-12 06:00:00-05,0.088,1.129,1081,2019-05-12 06:00:00
1106138,1106138,5679,2019-05-12 06:15:00-05,0.11,0.878,1082,2019-05-12 06:15:00
1106139,1106139,5679,2019-05-12 06:30:00-05,0.113,0.303,1083,2019-05-12 06:30:00
1106140,1106140,5679,2019-05-12 06:45:00-05,0.119,1.282,1084,2019-05-12 06:45:00
1106141,1106141,5679,2019-05-12 07:00:00-05,0.125,1.433,1085,2019-05-12 07:00:00
1106142,1106142,5679,2019-05-12 07:15:00-05,0.162,1.435,1086,2019-05-12 07:15:00
1106143,1106143,5679,2019-05-12 07:30:00-05,0.149,1.452,1087,2019-05-12 07:30:00
1106144,1106144,5679,2019-05-12 07:45:00-05,0.201,1.387,1088,2019-05-12 07:45:00
1106145,1106145,5679,2019-05-12 08:00:00-05,0.3,0.729,1089,2019-05-12 08:00:00
1106146,1106146,5679,2019-05-12 08:15:00-05,0.338,0.949,1090,2019-05-12 08:15:00
1106147,1106147,5679,2019-05-12 08:30:00-05,0.411,1.124,1091,2019-05-12 08:30:00
1106148,1106148,5679,2019-05-12 08:45:00-05,0.571,0.419,1092,2019-05-12 08:45:00
1106149,1106149,5679,2019-05-12 09:00:00-05,0.513,0.735,1093,2019-05-12 09:00:00
1106150,1106150,5679,2019-05-12 09:15:00-05,0.436,0.907,1094,2019-05-12 09:15:00
1106151,1106151,5679,2019-05-12 09:30:00-05,0.383,1.073,1095,2019-05-12 09:30:00
1106152,1106152,5679,2019-05-12 09:45:00-05,0.397,0.721,1096,2019-05-12 09:45:00
1106153,1106153,5679,2019-05-12 10:00:00-05,0.533,1.155,1097,2019-05-12 10:00:00
1106154,1106154,5679,2019-05-12 10:15:00-05,0.648,0.538,1098,2019-05-12 10:15:00
1106155,1106155,5679,2019-05-12 10:30:00-05,0.634,0.476,1099,2019-05-12 10:30:00
1106156,1106156,5679,2019-05-12 10:45:00-05,0.62,0.587,1100,2019-05-12 10:45:00
1106157,1106157,5679,2019-05-12 11:00:00-05,0.695,0.192,1101,2019-05-12 11:00:00
1106158,1106158,5679,2019-05-12 11:15:00-05,0.735,0.032,1102,2019-05-12 11:15:00
1106159,1106159,5679,2019-05-12 11:30:00-05,0.598,0.939,1103,2019-05-12 11:30:00
1106160,1106160,5679,2019-05-12 11:45:00-05,0.808,0.818,1104,2019-05-12 11:45:00
1106161,1106161,5679,2019-05-12 12:00:00-05,0.882,0.586,1105,2019-05-12 12:00:00
1106162,1106162,5679,2019-05-12 12:15:00-05,0.791,-0.464,1106,2019-05-12 12:15:00
1106163,1106163,5679,2019-05-12 12:30:00-05,1.052,-0.675,1107,2019-05-12 12:30:00
1106164,1106164,5679,2019-05-12 12:45:00-05,0.864,0.598,1108,2019-05-12 12:45:00
1106165,1106165,5679,2019-05-12 13:00:00-05,0.543,0.977,1109,2019-05-12 13:00:00
1106166,1106166,5679,2019-05-12 13:15:00-05,0.458,1.144,1110,2019-05-12 13:15:00
1106167,1106167,5679,2019-05-12 13:30:00-05,0.404,0.917,1111,2019-05-12 13:30:00
1106168,1106168,5679,2019-05-12 13:45:00-05,0.624,0.435,1112,2019-05-12 13:45:00
1106169,1106169,5679,2019-05-12 14:00:00-05,0.991,-0.469,1113,2019-05-12 14:00:00
1106170,1106170,5679,2019-05-12 14:15:00-05,1.032,0.001,1114,2019-05-12 14:15:00
1106171,1106171,5679,2019-05-12 14:30:00-05,0.868,0.379,1115,2019-05-12 14:30:00
1106172,1106172,5679,2019-05-12 14:45:00-05,0.52,1.085,1116,2019-05-12 14:45:00
1106173,1106173,5679,2019-05-12 15:00:00-05,0.623,1.023,1117,2019-05-12 15:00:00
1106174,1106174,5679,2019-05-12 15:15:00-05,0.514,0.61,1118,2019-05-12 15:15:00
1106175,1106175,5679,2019-05-12 15:30:00-05,0.505,0.642,1119,2019-05-12 15:30:00
1106176,1106176,5679,2019-05-12 15:45:00-05,0.405,1.136,1120,2019-05-12 15:45:00
1106177,1106177,5679,2019-05-12 16:00:00-05,0.489,0.142,1121,2019-05-12 16:00:00
1106178,1106178,5679,2019-05-12 16:15:00-05,0.382,1.233,1122,2019-05-12 16:15:00
1106179,1106179,5679,2019-05-12 16:30:00-05,0.411,1.498,1123,2019-05-12 16:30:00
1106180,1106180,5679,2019-05-12 16:45:00-05,0.431,0.466,1124,2019-05-12 16:45:00
1106181,1106181,5679,2019-05-12 17:00:00-05,0.354,0.182,1125,2019-05-12 17:00:00
1106182,1106182,5679,2019-05-12 17:15:00-05,0.291,0.429,1126,2019-05-12 17:15:00
1106183,1106183,5679,2019-05-12 17:30:00-05,0.316,0.617,1127,2019-05-12 17:30:00
1106184,1106184,5679,2019-05-12 17:45:00-05,0.209,0.973,1128,2019-05-12 17:45:00
1106185,1106185,5679,2019-05-12 18:00:00-05,0.102,0.369,1129,2019-05-12 18:00:00
1106186,1106186,5679,2019-05-12 18:15:00-05,0.111,0.315,1130,2019-05-12 18:15:00
1106187,1106187,5679,2019-05-12 18:30:00-05,0.078,0.33,1131,2019-05-12 18:30:00
1106188,1106188,5679,2019-05-12 18:45:00-05,0.022,0.388,1132,2019-05-12 18:45:00
1106189,1106189,5679,2019-05-12 19:00:00-05,0.011,0.459,1133,2019-05-12 19:00:00
1106190,1106190,5679,2019-05-12 19:15:00-05,0.008,0.485,1134,2019-05-12 19:15:00
1106191,1106191,5679,2019-05-12 19:30:00-05,0.008,0.588,1135,2019-05-12 19:30:00
1106192,1106192,5679,2019-05-12 19:45:00-05,0.008,0.57,1136,2019-05-12 19:45:00
1106193,1106193,5679,2019-05-12 20:00:00-05,0.008,0.633,1137,2019-05-12 20:00:00
1106194,1106194,5679,2019-05-12 20:15:00-05,0.009,0.428,1138,2019-05-12 20:15:00
1106195,1106195,5679,2019-05-12 20:30:00-05,0.008,0.366,1139,2019-05-12 20:30:00
1106196,1106196,5679,2019-05-12 20:45:00-05,0.009,0.285,1140,2019-05-12 20:45:00
1106197,1106197,5679,2019-05-12 21:00:00-05,0.009,0.217,1141,2019-05-12 21:00:00
1106198,1106198,5679,2019-05-12 21:15:00-05,0.009,0.272,1142,2019-05-12 21:15:00
1106199,1106199,5679,2019-05-12 21:30:00-05,0.009,0.215,1143,2019-05-12 21:30:00
1106200,1106200,5679,2019-05-12 21:45:00-05,0.009,0.272,1144,2019-05-12 21:45:00
1106201,1106201,5679,2019-05-12 22:00:00-05,0.009,0.245,1145,2019-05-12 22:00:00
1106202,1106202,5679,2019-05-12 22:15:00-05,0.009,0.188,1146,2019-05-12 22:15:00
1106203,1106203,5679,2019-05-12 22:30:00-05,0.009,0.256,1147,2019-05-12 22:30:00
1106204,1106204,5679,2019-05-12 22:45:00-05,0.009,0.267,1148,2019-05-12 22:45:00
1106205,1106205,5679,2019-05-12 23:00:00-05,0.009,0.318,1149,2019-05-12 23:00:00
1106206,1106206,5679,2019-05-12 23:15:00-05,0.009,0.284,1150,2019-05-12 23:15:00
1106207,1106207,5679,2019-05-12 23:30:00-05,0.009,0.431,1151,2019-05-12 23:30:00
1106208,1106208,5679,2019-05-12 23:45:00-05,0.009,0.396,1152,2019-05-12 23:45:00
1106209,1106209,5679,2019-05-13 00:00:00-05,0.009,0.275,1153,2019-05-13 00:00:00
1106210,1106210,5679,2019-05-13 00:15:00-05,0.009,0.207,1154,2019-05-13 00:15:00
1106211,1106211,5679,2019-05-13 00:30:00-05,0.009,0.156,1155,2019-05-13 00:30:00
1106212,1106212,5679,2019-05-13 00:45:00-05,0.009,0.219,1156,2019-05-13 00:45:00
1106213,1106213,5679,2019-05-13 01:00:00-05,0.009,0.161,1157,2019-05-13 01:00:00
1106214,1106214,5679,2019-05-13 01:15:00-05,0.009,0.213,1158,2019-05-13 01:15:00
1106215,1106215,5679,2019-05-13 01:30:00-05,0.009,0.161,1159,2019-05-13 01:30:00
1106216,1106216,5679,2019-05-13 01:45:00-05,0.009,0.224,1160,2019-05-13 01:45:00
1106217,1106217,5679,2019-05-13 02:00:00-05,0.009,0.295,1161,2019-05-13 02:00:00
1106218,1106218,5679,2019-05-13 02:15:00-05,0.009,0.29,1162,2019-05-13 02:15:00
1106219,1106219,5679,2019-05-13 02:30:00-05,0.009,0.31,1163,2019-05-13 02:30:00
1106220,1106220,5679,2019-05-13 02:45:00-05,0.008,0.562,1164,2019-05-13 02:45:00
1106221,1106221,5679,2019-05-13 03:00:00-05,0.009,0.34,1165,2019-05-13 03:00:00
1106222,1106222,5679,2019-05-13 03:15:00-05,0.009,0.359,1166,2019-05-13 03:15:00
1106223,1106223,5679,2019-05-13 03:30:00-05,0.009,0.327,1167,2019-05-13 03:30:00
1106224,1106224,5679,2019-05-13 03:45:00-05,0.009,0.297,1168,2019-05-13 03:45:00
1106225,1106225,5679,2019-05-13 04:00:00-05,0.008,1.239,1169,2019-05-13 04:00:00
1106226,1106226,5679,2019-05-13 04:15:00-05,0.008,1.03,1170,2019-05-13 04:15:00
1106227,1106227,5679,2019-05-13 04:30:00-05,0.008,0.937,1171,2019-05-13 04:30:00
1106228,1106228,5679,2019-05-13 04:45:00-05,0.009,1.007,1172,2019-05-13 04:45:00
1106229,1106229,5679,2019-05-13 05:00:00-05,0.014,1.588,1173,2019-05-13 05:00:00
1106230,1106230,5679,2019-05-13 05:15:00-05,0.017,2.769,1174,2019-05-13 05:15:00
1106231,1106231,5679,2019-05-13 05:30:00-05,0.029,5.724,1175,2019-05-13 05:30:00
1106232,1106232,5679,2019-05-13 05:45:00-05,0.058,4.637,1176,2019-05-13 05:45:00
1106233,1106233,5679,2019-05-13 06:00:00-05,0.083,3.237,1177,2019-05-13 06:00:00
1106234,1106234,5679,2019-05-13 06:15:00-05,0.147,2.148,1178,2019-05-13 06:15:00
1106235,1106235,5679,2019-05-13 06:30:00-05,0.161,1.732,1179,2019-05-13 06:30:00
1106236,1106236,5679,2019-05-13 06:45:00-05,0.162,1.528,1180,2019-05-13 06:45:00
1106237,1106237,5679,2019-05-13 07:00:00-05,0.225,1.488,1181,2019-05-13 07:00:00
1106238,1106238,5679,2019-05-13 07:15:00-05,0.319,1.171,1182,2019-05-13 07:15:00
1106239,1106239,5679,2019-05-13 07:30:00-05,0.413,1.436,1183,2019-05-13 07:30:00
1106240,1106240,5679,2019-05-13 07:45:00-05,0.397,0.364,1184,2019-05-13 07:45:00
1106241,1106241,5679,2019-05-13 08:00:00-05,0.563,-0.239,1185,2019-05-13 08:00:00
1106242,1106242,5679,2019-05-13 08:15:00-05,0.614,-0.328,1186,2019-05-13 08:15:00
1106243,1106243,5679,2019-05-13 08:30:00-05,0.551,-0.211,1187,2019-05-13 08:30:00
1106244,1106244,5679,2019-05-13 08:45:00-05,0.64,-0.328,1188,2019-05-13 08:45:00
1106245,1106245,5679,2019-05-13 09:00:00-05,0.644,-0.319,1189,2019-05-13 09:00:00
1106246,1106246,5679,2019-05-13 09:15:00-05,0.859,-0.426,1190,2019-05-13 09:15:00
1106247,1106247,5679,2019-05-13 09:30:00-05,0.917,-0.544,1191,2019-05-13 09:30:00
1106248,1106248,5679,2019-05-13 09:45:00-05,0.907,-0.485,1192,2019-05-13 09:45:00
1106249,1106249,5679,2019-05-13 10:00:00-05,0.775,-0.488,1193,2019-05-13 10:00:00
1106250,1106250,5679,2019-05-13 10:15:00-05,0.86,-0.543,1194,2019-05-13 10:15:00
1106251,1106251,5679,2019-05-13 10:30:00-05,0.745,-0.504,1195,2019-05-13 10:30:00
1106252,1106252,5679,2019-05-13 10:45:00-05,0.618,-0.418,1196,2019-05-13 10:45:00
1106253,1106253,5679,2019-05-13 11:00:00-05,0.821,-0.62,1197,2019-05-13 11:00:00
1106254,1106254,5679,2019-05-13 11:15:00-05,0.72,-0.553,1198,2019-05-13 11:15:00
1106255,1106255,5679,2019-05-13 11:30:00-05,0.459,-0.235,1199,2019-05-13 11:30:00
1106256,1106256,5679,2019-05-13 11:45:00-05,0.314,-0.037,1200,2019-05-13 11:45:00
1106257,1106257,5679,2019-05-13 12:00:00-05,0.335,-0.008,1201,2019-05-13 12:00:00
1106258,1106258,5679,2019-05-13 12:15:00-05,0.326,-0.14,1202,2019-05-13 12:15:00
1106259,1106259,5679,2019-05-13 12:30:00-05,0.387,-0.069,1203,2019-05-13 12:30:00
1106260,1106260,5679,2019-05-13 12:45:00-05,0.224,0.054,1204,2019-05-13 12:45:00
1106261,1106261,5679,2019-05-13 13:00:00-05,0.265,0.062,1205,2019-05-13 13:00:00
1106262,1106262,5679,2019-05-13 13:15:00-05,0.266,0.026,1206,2019-05-13 13:15:00
1106263,1106263,5679,2019-05-13 13:30:00-05,0.322,-0.024,1207,2019-05-13 13:30:00
1106264,1106264,5679,2019-05-13 13:45:00-05,0.324,0.006,1208,2019-05-13 13:45:00
1106265,1106265,5679,2019-05-13 14:00:00-05,0.327,0.938,1209,2019-05-13 14:00:00
1106266,1106266,5679,2019-05-13 14:15:00-05,0.298,0.332,1210,2019-05-13 14:15:00
1106267,1106267,5679,2019-05-13 14:30:00-05,0.254,0.371,1211,2019-05-13 14:30:00
1106268,1106268,5679,2019-05-13 14:45:00-05,0.216,0.819,1212,2019-05-13 14:45:00
1106269,1106269,5679,2019-05-13 15:00:00-05,0.215,0.888,1213,2019-05-13 15:00:00
1106270,1106270,5679,2019-05-13 15:15:00-05,0.2,1.001,1214,2019-05-13 15:15:00
1106271,1106271,5679,2019-05-13 15:30:00-05,0.186,1.436,1215,2019-05-13 15:30:00
1106272,1106272,5679,2019-05-13 15:45:00-05,0.212,1.965,1216,2019-05-13 15:45:00
1106273,1106273,5679,2019-05-13 16:00:00-05,0.263,2.036,1217,2019-05-13 16:00:00
1106274,1106274,5679,2019-05-13 16:15:00-05,0.303,1.625,1218,2019-05-13 16:15:00
1106275,1106275,5679,2019-05-13 16:30:00-05,0.227,0.929,1219,2019-05-13 16:30:00
1106276,1106276,5679,2019-05-13 16:45:00-05,0.2,1.452,1220,2019-05-13 16:45:00
1106277,1106277,5679,2019-05-13 17:00:00-05,0.222,1.479,1221,2019-05-13 17:00:00
1106278,1106278,5679,2019-05-13 17:15:00-05,0.141,0.393,1222,2019-05-13 17:15:00
1106279,1106279,5679,2019-05-13 17:30:00-05,0.119,0.366,1223,2019-05-13 17:30:00
1106280,1106280,5679,2019-05-13 17:45:00-05,0.085,0.39,1224,2019-05-13 17:45:00
1106281,1106281,5679,2019-05-13 18:00:00-05,0.08,0.426,1225,2019-05-13 18:00:00
1106282,1106282,5679,2019-05-13 18:15:00-05,0.053,0.387,1226,2019-05-13 18:15:00
1106283,1106283,5679,2019-05-13 18:30:00-05,0.042,0.494,1227,2019-05-13 18:30:00
1106284,1106284,5679,2019-05-13 18:45:00-05,0.025,0.405,1228,2019-05-13 18:45:00
1106285,1106285,5679,2019-05-13 19:00:00-05,0.01,0.379,1229,2019-05-13 19:00:00
1106286,1106286,5679,2019-05-13 19:15:00-05,0.009,0.329,1230,2019-05-13 19:15:00
1106287,1106287,5679,2019-05-13 19:30:00-05,0.009,0.327,1231,2019-05-13 19:30:00
1106288,1106288,5679,2019-05-13 19:45:00-05,0.009,0.357,1232,2019-05-13 19:45:00
1106289,1106289,5679,2019-05-13 20:00:00-05,0.009,0.282,1233,2019-05-13 20:00:00
1106290,1106290,5679,2019-05-13 20:15:00-05,0.009,0.351,1234,2019-05-13 20:15:00
1106291,1106291,5679,2019-05-13 20:30:00-05,0.009,0.297,1235,2019-05-13 20:30:00
1106292,1106292,5679,2019-05-13 20:45:00-05,0.009,0.439,1236,2019-05-13 20:45:00
1106293,1106293,5679,2019-05-13 21:00:00-05,0.001,6.912,1237,2019-05-13 21:00:00
1106294,1106294,5679,2019-05-13 21:15:00-05,0.0,7.46,1238,2019-05-13 21:15:00
1106295,1106295,5679,2019-05-13 21:30:00-05,0.0,7.295,1239,2019-05-13 21:30:00
1106296,1106296,5679,2019-05-13 21:45:00-05,0.0,7.268,1240,2019-05-13 21:45:00
1106297,1106297,5679,2019-05-13 22:00:00-05,0.001,7.169,1241,2019-05-13 22:00:00
1106298,1106298,5679,2019-05-13 22:15:00-05,0.007,1.981,1242,2019-05-13 22:15:00
1106299,1106299,5679,2019-05-13 22:30:00-05,0.008,0.639,1243,2019-05-13 22:30:00
1106300,1106300,5679,2019-05-13 22:45:00-05,0.009,0.252,1244,2019-05-13 22:45:00
1106301,1106301,5679,2019-05-13 23:00:00-05,0.009,0.442,1245,2019-05-13 23:00:00
1106302,1106302,5679,2019-05-13 23:15:00-05,0.009,0.364,1246,2019-05-13 23:15:00
1106303,1106303,5679,2019-05-13 23:30:00-05,0.009,0.422,1247,2019-05-13 23:30:00
1106304,1106304,5679,2019-05-13 23:45:00-05,0.009,0.371,1248,2019-05-13 23:45:00
1106305,1106305,5679,2019-05-14 00:00:00-05,0.009,0.519,1249,2019-05-14 00:00:00
1106306,1106306,5679,2019-05-14 00:15:00-05,0.009,0.454,1250,2019-05-14 00:15:00
1106307,1106307,5679,2019-05-14 00:30:00-05,0.009,0.509,1251,2019-05-14 00:30:00
1106308,1106308,5679,2019-05-14 00:45:00-05,0.009,0.458,1252,2019-05-14 00:45:00
1106309,1106309,5679,2019-05-14 01:00:00-05,0.009,0.501,1253,2019-05-14 01:00:00
1106310,1106310,5679,2019-05-14 01:15:00-05,0.009,0.469,1254,2019-05-14 01:15:00
1106311,1106311,5679,2019-05-14 01:30:00-05,0.009,0.457,1255,2019-05-14 01:30:00
1106312,1106312,5679,2019-05-14 01:45:00-05,0.009,0.469,1256,2019-05-14 01:45:00
1106313,1106313,5679,2019-05-14 02:00:00-05,0.009,0.328,1257,2019-05-14 02:00:00
1106314,1106314,5679,2019-05-14 02:15:00-05,0.009,0.239,1258,2019-05-14 02:15:00
1106315,1106315,5679,2019-05-14 02:30:00-05,0.009,0.174,1259,2019-05-14 02:30:00
1106316,1106316,5679,2019-05-14 02:45:00-05,0.009,0.227,1260,2019-05-14 02:45:00
1106317,1106317,5679,2019-05-14 03:00:00-05,0.009,0.17,1261,2019-05-14 03:00:00
1106318,1106318,5679,2019-05-14 03:15:00-05,0.009,0.284,1262,2019-05-14 03:15:00
1106319,1106319,5679,2019-05-14 03:30:00-05,0.009,0.282,1263,2019-05-14 03:30:00
1106320,1106320,5679,2019-05-14 03:45:00-05,0.009,0.488,1264,2019-05-14 03:45:00
1106321,1106321,5679,2019-05-14 04:00:00-05,0.009,0.612,1265,2019-05-14 04:00:00
1106322,1106322,5679,2019-05-14 04:15:00-05,0.008,1.278,1266,2019-05-14 04:15:00
1106323,1106323,5679,2019-05-14 04:30:00-05,0.009,0.676,1267,2019-05-14 04:30:00
1106324,1106324,5679,2019-05-14 04:45:00-05,0.008,1.175,1268,2019-05-14 04:45:00
1106325,1106325,5679,2019-05-14 05:00:00-05,0.01,0.288,1269,2019-05-14 05:00:00
1106326,1106326,5679,2019-05-14 05:15:00-05,0.018,0.974,1270,2019-05-14 05:15:00
1106327,1106327,5679,2019-05-14 05:30:00-05,0.025,2.298,1271,2019-05-14 05:30:00
1106328,1106328,5679,2019-05-14 05:45:00-05,0.036,2.329,1272,2019-05-14 05:45:00
1106329,1106329,5679,2019-05-14 06:00:00-05,0.046,1.823,1273,2019-05-14 06:00:00
1106330,1106330,5679,2019-05-14 06:15:00-05,0.065,3.156,1274,2019-05-14 06:15:00
1106331,1106331,5679,2019-05-14 06:30:00-05,0.091,4.609,1275,2019-05-14 06:30:00
1106332,1106332,5679,2019-05-14 06:45:00-05,0.119,3.556,1276,2019-05-14 06:45:00
1106333,1106333,5679,2019-05-14 07:00:00-05,0.19,3.025,1277,2019-05-14 07:00:00
1106334,1106334,5679,2019-05-14 07:15:00-05,0.275,2.702,1278,2019-05-14 07:15:00
1106335,1106335,5679,2019-05-14 07:30:00-05,0.318,4.409,1279,2019-05-14 07:30:00
1106336,1106336,5679,2019-05-14 07:45:00-05,0.221,4.168,1280,2019-05-14 07:45:00
1106337,1106337,5679,2019-05-14 08:00:00-05,0.358,3.471,1281,2019-05-14 08:00:00
1106338,1106338,5679,2019-05-14 08:15:00-05,0.491,2.592,1282,2019-05-14 08:15:00
1106339,1106339,5679,2019-05-14 08:30:00-05,0.452,1.009,1283,2019-05-14 08:30:00
1106340,1106340,5679,2019-05-14 08:45:00-05,0.417,-0.115,1284,2019-05-14 08:45:00
1106341,1106341,5679,2019-05-14 09:00:00-05,0.414,0.168,1285,2019-05-14 09:00:00
1106342,1106342,5679,2019-05-14 09:15:00-05,0.489,-0.215,1286,2019-05-14 09:15:00
1106343,1106343,5679,2019-05-14 09:30:00-05,0.411,-0.099,1287,2019-05-14 09:30:00
1106344,1106344,5679,2019-05-14 09:45:00-05,0.563,-0.402,1288,2019-05-14 09:45:00
1106345,1106345,5679,2019-05-14 10:00:00-05,0.564,-0.291,1289,2019-05-14 10:00:00
1106346,1106346,5679,2019-05-14 10:15:00-05,0.712,-0.425,1290,2019-05-14 10:15:00
1106347,1106347,5679,2019-05-14 10:30:00-05,0.91,-0.564,1291,2019-05-14 10:30:00
1106348,1106348,5679,2019-05-14 10:45:00-05,1.522,-1.189,1292,2019-05-14 10:45:00
1106349,1106349,5679,2019-05-14 11:00:00-05,1.842,-1.512,1293,2019-05-14 11:00:00
1106350,1106350,5679,2019-05-14 11:15:00-05,1.336,-1.068,1294,2019-05-14 11:15:00
1106351,1106351,5679,2019-05-14 11:30:00-05,1.2,-0.606,1295,2019-05-14 11:30:00
1106352,1106352,5679,2019-05-14 11:45:00-05,0.916,-0.299,1296,2019-05-14 11:45:00
1106353,1106353,5679,2019-05-14 12:00:00-05,0.834,3.214,1297,2019-05-14 12:00:00
1106354,1106354,5679,2019-05-14 12:15:00-05,0.858,1.964,1298,2019-05-14 12:15:00
1106355,1106355,5679,2019-05-14 12:30:00-05,1.111,1.5,1299,2019-05-14 12:30:00
1106356,1106356,5679,2019-05-14 12:45:00-05,1.955,0.029,1300,2019-05-14 12:45:00
1106357,1106357,5679,2019-05-14 13:00:00-05,1.79,-0.113,1301,2019-05-14 13:00:00
1106358,1106358,5679,2019-05-14 13:15:00-05,1.665,0.288,1302,2019-05-14 13:15:00
1106359,1106359,5679,2019-05-14 13:30:00-05,1.393,0.297,1303,2019-05-14 13:30:00
1106360,1106360,5679,2019-05-14 13:45:00-05,0.863,0.254,1304,2019-05-14 13:45:00
1106361,1106361,5679,2019-05-14 14:00:00-05,1.636,-0.445,1305,2019-05-14 14:00:00
1106362,1106362,5679,2019-05-14 14:15:00-05,1.642,-0.416,1306,2019-05-14 14:15:00
1106363,1106363,5679,2019-05-14 14:30:00-05,0.758,0.548,1307,2019-05-14 14:30:00
1106364,1106364,5679,2019-05-14 14:45:00-05,0.897,0.48,1308,2019-05-14 14:45:00
1106365,1106365,5679,2019-05-14 15:00:00-05,0.518,1.192,1309,2019-05-14 15:00:00
1106366,1106366,5679,2019-05-14 15:15:00-05,0.572,0.987,1310,2019-05-14 15:15:00
1106367,1106367,5679,2019-05-14 15:30:00-05,0.745,0.855,1311,2019-05-14 15:30:00
1106368,1106368,5679,2019-05-14 15:45:00-05,0.767,7.476,1312,2019-05-14 15:45:00
1106369,1106369,5679,2019-05-14 16:00:00-05,0.756,7.779,1313,2019-05-14 16:00:00
1106370,1106370,5679,2019-05-14 16:15:00-05,0.734,7.547,1314,2019-05-14 16:15:00
1106371,1106371,5679,2019-05-14 16:30:00-05,0.479,8.082,1315,2019-05-14 16:30:00
1106372,1106372,5679,2019-05-14 16:45:00-05,0.338,2.463,1316,2019-05-14 16:45:00
1106373,1106373,5679,2019-05-14 17:00:00-05,0.508,0.219,1317,2019-05-14 17:00:00
1106374,1106374,5679,2019-05-14 17:15:00-05,0.306,1.205,1318,2019-05-14 17:15:00
1106375,1106375,5679,2019-05-14 17:30:00-05,0.142,1.175,1319,2019-05-14 17:30:00
1106376,1106376,5679,2019-05-14 17:45:00-05,0.123,1.659,1320,2019-05-14 17:45:00
1106377,1106377,5679,2019-05-14 18:00:00-05,0.173,1.973,1321,2019-05-14 18:00:00
1106378,1106378,5679,2019-05-14 18:15:00-05,0.126,1.846,1322,2019-05-14 18:15:00
1106379,1106379,5679,2019-05-14 18:30:00-05,0.076,1.56,1323,2019-05-14 18:30:00
1106380,1106380,5679,2019-05-14 18:45:00-05,0.034,6.911,1324,2019-05-14 18:45:00
1106381,1106381,5679,2019-05-14 19:00:00-05,0.003,8.772,1325,2019-05-14 19:00:00
1106382,1106382,5679,2019-05-14 19:15:00-05,-0.001,8.467,1326,2019-05-14 19:15:00
1106383,1106383,5679,2019-05-14 19:30:00-05,0.002,5.835,1327,2019-05-14 19:30:00
1106384,1106384,5679,2019-05-14 19:45:00-05,0.006,1.974,1328,2019-05-14 19:45:00
1106385,1106385,5679,2019-05-14 20:00:00-05,0.007,1.559,1329,2019-05-14 20:00:00
1106386,1106386,5679,2019-05-14 20:15:00-05,0.008,0.554,1330,2019-05-14 20:15:00
1106387,1106387,5679,2019-05-14 20:30:00-05,0.008,0.518,1331,2019-05-14 20:30:00
1106388,1106388,5679,2019-05-14 20:45:00-05,0.008,0.468,1332,2019-05-14 20:45:00
1106389,1106389,5679,2019-05-14 21:00:00-05,0.009,0.529,1333,2019-05-14 21:00:00
1106390,1106390,5679,2019-05-14 21:15:00-05,0.009,0.428,1334,2019-05-14 21:15:00
1106391,1106391,5679,2019-05-14 21:30:00-05,0.009,0.441,1335,2019-05-14 21:30:00
1106392,1106392,5679,2019-05-14 21:45:00-05,0.009,0.358,1336,2019-05-14 21:45:00
1106393,1106393,5679,2019-05-14 22:00:00-05,0.009,0.221,1337,2019-05-14 22:00:00
1106394,1106394,5679,2019-05-14 22:15:00-05,0.009,0.22,1338,2019-05-14 22:15:00
1106395,1106395,5679,2019-05-14 22:30:00-05,0.009,0.166,1339,2019-05-14 22:30:00
1106396,1106396,5679,2019-05-14 22:45:00-05,0.009,0.211,1340,2019-05-14 22:45:00
1106397,1106397,5679,2019-05-14 23:00:00-05,0.009,0.166,1341,2019-05-14 23:00:00
1106398,1106398,5679,2019-05-14 23:15:00-05,0.009,0.221,1342,2019-05-14 23:15:00
1106399,1106399,5679,2019-05-14 23:30:00-05,0.009,0.175,1343,2019-05-14 23:30:00
1106400,1106400,5679,2019-05-14 23:45:00-05,0.009,0.224,1344,2019-05-14 23:45:00
1106401,1106401,5679,2019-05-15 00:00:00-05,0.009,0.312,1345,2019-05-15 00:00:00
1106402,1106402,5679,2019-05-15 00:15:00-05,0.009,0.41,1346,2019-05-15 00:15:00
1106403,1106403,5679,2019-05-15 00:30:00-05,0.009,0.443,1347,2019-05-15 00:30:00
1106404,1106404,5679,2019-05-15 00:45:00-05,0.009,0.458,1348,2019-05-15 00:45:00
1106405,1106405,5679,2019-05-15 01:00:00-05,0.009,0.556,1349,2019-05-15 01:00:00
1106406,1106406,5679,2019-05-15 01:15:00-05,0.009,0.434,1350,2019-05-15 01:15:00
1106407,1106407,5679,2019-05-15 01:30:00-05,0.009,0.332,1351,2019-05-15 01:30:00
1106408,1106408,5679,2019-05-15 01:45:00-05,0.009,0.279,1352,2019-05-15 01:45:00
1106409,1106409,5679,2019-05-15 02:00:00-05,0.009,0.317,1353,2019-05-15 02:00:00
1106410,1106410,5679,2019-05-15 02:15:00-05,0.009,0.301,1354,2019-05-15 02:15:00
1106411,1106411,5679,2019-05-15 02:30:00-05,0.009,0.308,1355,2019-05-15 02:30:00
1106412,1106412,5679,2019-05-15 02:45:00-05,0.009,0.37,1356,2019-05-15 02:45:00
1106413,1106413,5679,2019-05-15 03:00:00-05,0.009,0.282,1357,2019-05-15 03:00:00
1106414,1106414,5679,2019-05-15 03:15:00-05,0.009,0.369,1358,2019-05-15 03:15:00
1106415,1106415,5679,2019-05-15 03:30:00-05,0.009,0.28,1359,2019-05-15 03:30:00
1106416,1106416,5679,2019-05-15 03:45:00-05,0.009,0.322,1360,2019-05-15 03:45:00
1106417,1106417,5679,2019-05-15 04:00:00-05,0.009,0.267,1361,2019-05-15 04:00:00
1106418,1106418,5679,2019-05-15 04:15:00-05,0.009,0.324,1362,2019-05-15 04:15:00
1106419,1106419,5679,2019-05-15 04:30:00-05,0.009,0.271,1363,2019-05-15 04:30:00
1106420,1106420,5679,2019-05-15 04:45:00-05,0.02,0.233,1364,2019-05-15 04:45:00
1106421,1106421,5679,2019-05-15 05:00:00-05,0.062,0.124,1365,2019-05-15 05:00:00
1106422,1106422,5679,2019-05-15 05:15:00-05,0.071,0.248,1366,2019-05-15 05:15:00
1106423,1106423,5679,2019-05-15 05:30:00-05,0.101,0.836,1367,2019-05-15 05:30:00
1106424,1106424,5679,2019-05-15 05:45:00-05,0.155,0.988,1368,2019-05-15 05:45:00
1106425,1106425,5679,2019-05-15 06:00:00-05,0.208,0.501,1369,2019-05-15 06:00:00
1106426,1106426,5679,2019-05-15 06:15:00-05,0.546,0.209,1370,2019-05-15 06:15:00
1106427,1106427,5679,2019-05-15 06:30:00-05,0.557,0.654,1371,2019-05-15 06:30:00
1106428,1106428,5679,2019-05-15 06:45:00-05,0.394,0.316,1372,2019-05-15 06:45:00
1106429,1106429,5679,2019-05-15 07:00:00-05,0.497,0.821,1373,2019-05-15 07:00:00
1106430,1106430,5679,2019-05-15 07:15:00-05,0.986,0.519,1374,2019-05-15 07:15:00
1106431,1106431,5679,2019-05-15 07:30:00-05,0.988,1.023,1375,2019-05-15 07:30:00
1106432,1106432,5679,2019-05-15 07:45:00-05,1.128,0.822,1376,2019-05-15 07:45:00
1106433,1106433,5679,2019-05-15 08:00:00-05,1.94,-0.395,1377,2019-05-15 08:00:00
1106434,1106434,5679,2019-05-15 08:15:00-05,1.34,0.187,1378,2019-05-15 08:15:00
1106435,1106435,5679,2019-05-15 08:30:00-05,1.361,0.155,1379,2019-05-15 08:30:00
1106436,1106436,5679,2019-05-15 08:45:00-05,1.792,-1.359,1380,2019-05-15 08:45:00
1106437,1106437,5679,2019-05-15 09:00:00-05,1.491,-1.192,1381,2019-05-15 09:00:00
1106438,1106438,5679,2019-05-15 09:15:00-05,0.794,0.225,1382,2019-05-15 09:15:00
1106439,1106439,5679,2019-05-15 09:30:00-05,1.074,-0.603,1383,2019-05-15 09:30:00
1106440,1106440,5679,2019-05-15 09:45:00-05,2.244,-1.555,1384,2019-05-15 09:45:00
1106441,1106441,5679,2019-05-15 10:00:00-05,4.098,-1.09,1385,2019-05-15 10:00:00
1106442,1106442,5679,2019-05-15 10:15:00-05,3.993,0.218,1386,2019-05-15 10:15:00
1106443,1106443,5679,2019-05-15 10:30:00-05,4.178,-1.233,1387,2019-05-15 10:30:00
1106444,1106444,5679,2019-05-15 10:45:00-05,4.326,-1.303,1388,2019-05-15 10:45:00
1106445,1106445,5679,2019-05-15 11:00:00-05,4.444,-3.73,1389,2019-05-15 11:00:00
1106446,1106446,5679,2019-05-15 11:15:00-05,4.403,-4.07,1390,2019-05-15 11:15:00
1106447,1106447,5679,2019-05-15 11:30:00-05,3.417,-3.043,1391,2019-05-15 11:30:00
1106448,1106448,5679,2019-05-15 11:45:00-05,2.531,-2.2,1392,2019-05-15 11:45:00
1106449,1106449,5679,2019-05-15 12:00:00-05,3.461,-2.564,1393,2019-05-15 12:00:00
1106450,1106450,5679,2019-05-15 12:15:00-05,3.839,-3.42,1394,2019-05-15 12:15:00
1106451,1106451,5679,2019-05-15 12:30:00-05,3.081,-2.606,1395,2019-05-15 12:30:00
1106452,1106452,5679,2019-05-15 12:45:00-05,3.56,-2.921,1396,2019-05-15 12:45:00
1106453,1106453,5679,2019-05-15 13:00:00-05,2.475,-2.027,1397,2019-05-15 13:00:00
1106454,1106454,5679,2019-05-15 13:15:00-05,2.371,-1.946,1398,2019-05-15 13:15:00
1106455,1106455,5679,2019-05-15 13:30:00-05,2.098,-1.746,1399,2019-05-15 13:30:00
1106456,1106456,5679,2019-05-15 13:45:00-05,2.442,1.165,1400,2019-05-15 13:45:00
1106457,1106457,5679,2019-05-15 14:00:00-05,2.772,0.993,1401,2019-05-15 14:00:00
1106458,1106458,5679,2019-05-15 14:15:00-05,2.666,-0.43,1402,2019-05-15 14:15:00
1106459,1106459,5679,2019-05-15 14:30:00-05,1.618,-1.268,1403,2019-05-15 14:30:00
1106460,1106460,5679,2019-05-15 14:45:00-05,0.638,2.079,1404,2019-05-15 14:45:00
1106461,1106461,5679,2019-05-15 15:00:00-05,1.104,1.611,1405,2019-05-15 15:00:00
1106462,1106462,5679,2019-05-15 15:15:00-05,1.58,1.14,1406,2019-05-15 15:15:00
1106463,1106463,5679,2019-05-15 15:30:00-05,1.141,3.056,1407,2019-05-15 15:30:00
1106464,1106464,5679,2019-05-15 15:45:00-05,1.122,1.624,1408,2019-05-15 15:45:00
1106465,1106465,5679,2019-05-15 16:00:00-05,0.899,0.765,1409,2019-05-15 16:00:00
1106466,1106466,5679,2019-05-15 16:15:00-05,0.966,0.535,1410,2019-05-15 16:15:00
1106467,1106467,5679,2019-05-15 16:30:00-05,1.014,-0.465,1411,2019-05-15 16:30:00
1106468,1106468,5679,2019-05-15 16:45:00-05,0.721,2.487,1412,2019-05-15 16:45:00
1106469,1106469,5679,2019-05-15 17:00:00-05,0.733,1.603,1413,2019-05-15 17:00:00
1106470,1106470,5679,2019-05-15 17:15:00-05,0.588,1.372,1414,2019-05-15 17:15:00
1106471,1106471,5679,2019-05-15 17:30:00-05,0.441,0.332,1415,2019-05-15 17:30:00
1106472,1106472,5679,2019-05-15 17:45:00-05,0.268,0.296,1416,2019-05-15 17:45:00
1106473,1106473,5679,2019-05-15 18:00:00-05,0.106,1.21,1417,2019-05-15 18:00:00
1106474,1106474,5679,2019-05-15 18:15:00-05,0.012,1.53,1418,2019-05-15 18:15:00
1106475,1106475,5679,2019-05-15 18:30:00-05,0.007,1.163,1419,2019-05-15 18:30:00
1106476,1106476,5679,2019-05-15 18:45:00-05,0.007,1.103,1420,2019-05-15 18:45:00
1106477,1106477,5679,2019-05-15 19:00:00-05,0.005,2.616,1421,2019-05-15 19:00:00
1106478,1106478,5679,2019-05-15 19:15:00-05,0.005,2.385,1422,2019-05-15 19:15:00
1106479,1106479,5679,2019-05-15 19:30:00-05,0.005,2.136,1423,2019-05-15 19:30:00
1106480,1106480,5679,2019-05-15 19:45:00-05,0.006,1.738,1424,2019-05-15 19:45:00
1106481,1106481,5679,2019-05-15 20:00:00-05,0.006,1.463,1425,2019-05-15 20:00:00
1106482,1106482,5679,2019-05-15 20:15:00-05,0.007,0.46,1426,2019-05-15 20:15:00
1106483,1106483,5679,2019-05-15 20:30:00-05,0.007,0.551,1427,2019-05-15 20:30:00
1106484,1106484,5679,2019-05-15 20:45:00-05,0.007,0.557,1428,2019-05-15 20:45:00
1106485,1106485,5679,2019-05-15 21:00:00-05,0.007,0.464,1429,2019-05-15 21:00:00
1106486,1106486,5679,2019-05-15 21:15:00-05,0.008,0.471,1430,2019-05-15 21:15:00
1106487,1106487,5679,2019-05-15 21:30:00-05,0.008,0.343,1431,2019-05-15 21:30:00
1106488,1106488,5679,2019-05-15 21:45:00-05,0.008,0.317,1432,2019-05-15 21:45:00
1106489,1106489,5679,2019-05-15 22:00:00-05,0.008,0.265,1433,2019-05-15 22:00:00
1106490,1106490,5679,2019-05-15 22:15:00-05,0.008,0.316,1434,2019-05-15 22:15:00
1106491,1106491,5679,2019-05-15 22:30:00-05,0.008,0.278,1435,2019-05-15 22:30:00
1106492,1106492,5679,2019-05-15 22:45:00-05,0.008,0.305,1436,2019-05-15 22:45:00
1106493,1106493,5679,2019-05-15 23:00:00-05,0.008,0.268,1437,2019-05-15 23:00:00
1106494,1106494,5679,2019-05-15 23:15:00-05,0.008,0.185,1438,2019-05-15 23:15:00
1106495,1106495,5679,2019-05-15 23:30:00-05,0.008,0.318,1439,2019-05-15 23:30:00
1106496,1106496,5679,2019-05-15 23:45:00-05,0.008,0.265,1440,2019-05-15 23:45:00
1106497,1106497,5679,2019-05-16 00:00:00-05,0.008,0.48,1441,2019-05-16 00:00:00
1106498,1106498,5679,2019-05-16 00:15:00-05,0.008,0.386,1442,2019-05-16 00:15:00
1106499,1106499,5679,2019-05-16 00:30:00-05,0.008,0.324,1443,2019-05-16 00:30:00
1106500,1106500,5679,2019-05-16 00:45:00-05,0.008,0.246,1444,2019-05-16 00:45:00
1106501,1106501,5679,2019-05-16 01:00:00-05,0.008,0.158,1445,2019-05-16 01:00:00
1106502,1106502,5679,2019-05-16 01:15:00-05,0.008,0.22,1446,2019-05-16 01:15:00
1106503,1106503,5679,2019-05-16 01:30:00-05,0.008,0.304,1447,2019-05-16 01:30:00
1106504,1106504,5679,2019-05-16 01:45:00-05,0.008,0.435,1448,2019-05-16 01:45:00
1106505,1106505,5679,2019-05-16 02:00:00-05,0.006,2.44,1449,2019-05-16 02:00:00
1106506,1106506,5679,2019-05-16 02:15:00-05,0.004,3.575,1450,2019-05-16 02:15:00
1106507,1106507,5679,2019-05-16 02:30:00-05,0.006,2.397,1451,2019-05-16 02:30:00
1106508,1106508,5679,2019-05-16 02:45:00-05,0.007,1.632,1452,2019-05-16 02:45:00
1106509,1106509,5679,2019-05-16 03:00:00-05,0.007,1.193,1453,2019-05-16 03:00:00
1106510,1106510,5679,2019-05-16 03:15:00-05,0.007,1.147,1454,2019-05-16 03:15:00
1106511,1106511,5679,2019-05-16 03:30:00-05,0.007,1.421,1455,2019-05-16 03:30:00
1106512,1106512,5679,2019-05-16 03:45:00-05,0.007,1.468,1456,2019-05-16 03:45:00
1106513,1106513,5679,2019-05-16 04:00:00-05,0.007,1.359,1457,2019-05-16 04:00:00
1106514,1106514,5679,2019-05-16 04:15:00-05,0.008,0.991,1458,2019-05-16 04:15:00
1106515,1106515,5679,2019-05-16 04:30:00-05,0.008,0.871,1459,2019-05-16 04:30:00
1106516,1106516,5679,2019-05-16 04:45:00-05,0.01,1.121,1460,2019-05-16 04:45:00
1106517,1106517,5679,2019-05-16 05:00:00-05,0.031,1.173,1461,2019-05-16 05:00:00
1106518,1106518,5679,2019-05-16 05:15:00-05,0.049,1.65,1462,2019-05-16 05:15:00
1106519,1106519,5679,2019-05-16 05:30:00-05,0.143,0.926,1463,2019-05-16 05:30:00
1106520,1106520,5679,2019-05-16 05:45:00-05,0.162,0.596,1464,2019-05-16 05:45:00
1106521,1106521,5679,2019-05-16 06:00:00-05,0.234,0.677,1465,2019-05-16 06:00:00
1106522,1106522,5679,2019-05-16 06:15:00-05,0.309,0.11,1466,2019-05-16 06:15:00
1106523,1106523,5679,2019-05-16 06:30:00-05,0.273,0.792,1467,2019-05-16 06:30:00
1106524,1106524,5679,2019-05-16 06:45:00-05,0.311,1.605,1468,2019-05-16 06:45:00
1106525,1106525,5679,2019-05-16 07:00:00-05,0.552,0.974,1469,2019-05-16 07:00:00
1106526,1106526,5679,2019-05-16 07:15:00-05,0.612,-0.185,1470,2019-05-16 07:15:00
1106527,1106527,5679,2019-05-16 07:30:00-05,0.921,-0.643,1471,2019-05-16 07:30:00
1106528,1106528,5679,2019-05-16 07:45:00-05,1.04,-0.547,1472,2019-05-16 07:45:00
1106529,1106529,5679,2019-05-16 08:00:00-05,1.213,-0.258,1473,2019-05-16 08:00:00
1106530,1106530,5679,2019-05-16 08:15:00-05,1.569,-0.409,1474,2019-05-16 08:15:00
1106531,1106531,5679,2019-05-16 08:30:00-05,1.33,-0.543,1475,2019-05-16 08:30:00
1106532,1106532,5679,2019-05-16 08:45:00-05,2.023,0.39,1476,2019-05-16 08:45:00
1106533,1106533,5679,2019-05-16 09:00:00-05,2.678,4.809,1477,2019-05-16 09:00:00
1106534,1106534,5679,2019-05-16 09:15:00-05,3.241,4.074,1478,2019-05-16 09:15:00
1106535,1106535,5679,2019-05-16 09:30:00-05,2.868,4.462,1479,2019-05-16 09:30:00
1106536,1106536,5679,2019-05-16 09:45:00-05,3.253,-2.043,1480,2019-05-16 09:45:00
1106537,1106537,5679,2019-05-16 10:00:00-05,3.332,-2.632,1481,2019-05-16 10:00:00
1106538,1106538,5679,2019-05-16 10:15:00-05,4.108,-3.633,1482,2019-05-16 10:15:00
1106539,1106539,5679,2019-05-16 10:30:00-05,4.25,-3.893,1483,2019-05-16 10:30:00
1106540,1106540,5679,2019-05-16 10:45:00-05,4.401,-3.855,1484,2019-05-16 10:45:00
1106541,1106541,5679,2019-05-16 11:00:00-05,4.085,-3.712,1485,2019-05-16 11:00:00
1106542,1106542,5679,2019-05-16 11:15:00-05,4.576,-3.945,1486,2019-05-16 11:15:00
1106543,1106543,5679,2019-05-16 11:30:00-05,4.409,-4.064,1487,2019-05-16 11:30:00
1106544,1106544,5679,2019-05-16 11:45:00-05,4.171,-3.131,1488,2019-05-16 11:45:00
1106545,1106545,5679,2019-05-16 12:00:00-05,3.894,-3.413,1489,2019-05-16 12:00:00
1106546,1106546,5679,2019-05-16 12:15:00-05,4.476,-3.991,1490,2019-05-16 12:15:00
1106547,1106547,5679,2019-05-16 12:30:00-05,4.478,-3.994,1491,2019-05-16 12:30:00
1106548,1106548,5679,2019-05-16 12:45:00-05,4.231,-3.895,1492,2019-05-16 12:45:00
1106549,1106549,5679,2019-05-16 13:00:00-05,4.035,-3.675,1493,2019-05-16 13:00:00
1106550,1106550,5679,2019-05-16 13:15:00-05,3.657,-3.302,1494,2019-05-16 13:15:00
1106551,1106551,5679,2019-05-16 13:30:00-05,3.278,-2.838,1495,2019-05-16 13:30:00
1106552,1106552,5679,2019-05-16 13:45:00-05,2.727,-2.425,1496,2019-05-16 13:45:00
1106553,1106553,5679,2019-05-16 14:00:00-05,2.493,-2.162,1497,2019-05-16 14:00:00
1106554,1106554,5679,2019-05-16 14:15:00-05,2.332,-1.915,1498,2019-05-16 14:15:00
1106555,1106555,5679,2019-05-16 14:30:00-05,2.142,-1.282,1499,2019-05-16 14:30:00
1106556,1106556,5679,2019-05-16 14:45:00-05,1.863,-1.37,1500,2019-05-16 14:45:00
1106557,1106557,5679,2019-05-16 15:00:00-05,1.757,-1.228,1501,2019-05-16 15:00:00
1106558,1106558,5679,2019-05-16 15:15:00-05,1.606,-1.0,1502,2019-05-16 15:15:00
1106559,1106559,5679,2019-05-16 15:30:00-05,1.08,-0.459,1503,2019-05-16 15:30:00
1106560,1106560,5679,2019-05-16 15:45:00-05,0.787,-0.095,1504,2019-05-16 15:45:00
1106561,1106561,5679,2019-05-16 16:00:00-05,1.019,-0.502,1505,2019-05-16 16:00:00
1106562,1106562,5679,2019-05-16 16:15:00-05,0.999,0.099,1506,2019-05-16 16:15:00
1106563,1106563,5679,2019-05-16 16:30:00-05,0.912,-0.468,1507,2019-05-16 16:30:00
1106564,1106564,5679,2019-05-16 16:45:00-05,0.551,-0.059,1508,2019-05-16 16:45:00
1106565,1106565,5679,2019-05-16 17:00:00-05,0.395,0.224,1509,2019-05-16 17:00:00
1106566,1106566,5679,2019-05-16 17:15:00-05,0.366,0.313,1510,2019-05-16 17:15:00
1106567,1106567,5679,2019-05-16 17:30:00-05,0.31,0.305,1511,2019-05-16 17:30:00
1106568,1106568,5679,2019-05-16 17:45:00-05,0.444,0.055,1512,2019-05-16 17:45:00
1106569,1106569,5679,2019-05-16 18:00:00-05,0.398,0.021,1513,2019-05-16 18:00:00
1106570,1106570,5679,2019-05-16 18:15:00-05,0.209,0.635,1514,2019-05-16 18:15:00
1106571,1106571,5679,2019-05-16 18:30:00-05,0.178,2.633,1515,2019-05-16 18:30:00
1106572,1106572,5679,2019-05-16 18:45:00-05,0.062,2.495,1516,2019-05-16 18:45:00
1106573,1106573,5679,2019-05-16 19:00:00-05,0.018,2.164,1517,2019-05-16 19:00:00
1106574,1106574,5679,2019-05-16 19:15:00-05,0.006,1.725,1518,2019-05-16 19:15:00
1106575,1106575,5679,2019-05-16 19:30:00-05,0.006,1.737,1519,2019-05-16 19:30:00
1106576,1106576,5679,2019-05-16 19:45:00-05,0.007,0.637,1520,2019-05-16 19:45:00
1106577,1106577,5679,2019-05-16 20:00:00-05,0.007,0.531,1521,2019-05-16 20:00:00
1106578,1106578,5679,2019-05-16 20:15:00-05,0.007,0.611,1522,2019-05-16 20:15:00
1106579,1106579,5679,2019-05-16 20:30:00-05,0.007,0.517,1523,2019-05-16 20:30:00
1106580,1106580,5679,2019-05-16 20:45:00-05,0.007,0.477,1524,2019-05-16 20:45:00
1106581,1106581,5679,2019-05-16 21:00:00-05,0.007,0.522,1525,2019-05-16 21:00:00
1106582,1106582,5679,2019-05-16 21:15:00-05,0.007,0.58,1526,2019-05-16 21:15:00
1106583,1106583,5679,2019-05-16 21:30:00-05,0.007,0.535,1527,2019-05-16 21:30:00
1106584,1106584,5679,2019-05-16 21:45:00-05,0.007,0.516,1528,2019-05-16 21:45:00
1106585,1106585,5679,2019-05-16 22:00:00-05,0.007,0.451,1529,2019-05-16 22:00:00
1106586,1106586,5679,2019-05-16 22:15:00-05,0.007,0.462,1530,2019-05-16 22:15:00
1106587,1106587,5679,2019-05-16 22:30:00-05,0.007,0.385,1531,2019-05-16 22:30:00
1106588,1106588,5679,2019-05-16 22:45:00-05,0.008,0.268,1532,2019-05-16 22:45:00
1106589,1106589,5679,2019-05-16 23:00:00-05,0.008,0.297,1533,2019-05-16 23:00:00
1106590,1106590,5679,2019-05-16 23:15:00-05,0.008,0.294,1534,2019-05-16 23:15:00
1106591,1106591,5679,2019-05-16 23:30:00-05,0.008,0.159,1535,2019-05-16 23:30:00
1106592,1106592,5679,2019-05-16 23:45:00-05,0.008,0.23,1536,2019-05-16 23:45:00
1106593,1106593,5679,2019-05-17 00:00:00-05,0.008,0.305,1537,2019-05-17 00:00:00
1106594,1106594,5679,2019-05-17 00:15:00-05,0.008,0.275,1538,2019-05-17 00:15:00
1106595,1106595,5679,2019-05-17 00:30:00-05,0.008,0.31,1539,2019-05-17 00:30:00
1106596,1106596,5679,2019-05-17 00:45:00-05,0.008,0.282,1540,2019-05-17 00:45:00
1106597,1106597,5679,2019-05-17 01:00:00-05,0.008,0.198,1541,2019-05-17 01:00:00
1106598,1106598,5679,2019-05-17 01:15:00-05,0.008,0.202,1542,2019-05-17 01:15:00
1106599,1106599,5679,2019-05-17 01:30:00-05,0.008,0.161,1543,2019-05-17 01:30:00
1106600,1106600,5679,2019-05-17 01:45:00-05,0.008,0.198,1544,2019-05-17 01:45:00
1106601,1106601,5679,2019-05-17 02:00:00-05,0.008,0.205,1545,2019-05-17 02:00:00
1106602,1106602,5679,2019-05-17 02:15:00-05,0.008,0.195,1546,2019-05-17 02:15:00
1106603,1106603,5679,2019-05-17 02:30:00-05,0.008,0.314,1547,2019-05-17 02:30:00
1106604,1106604,5679,2019-05-17 02:45:00-05,0.008,0.3,1548,2019-05-17 02:45:00
1106605,1106605,5679,2019-05-17 03:00:00-05,0.008,0.275,1549,2019-05-17 03:00:00
1106606,1106606,5679,2019-05-17 03:15:00-05,0.008,0.307,1550,2019-05-17 03:15:00
1106607,1106607,5679,2019-05-17 03:30:00-05,0.008,0.316,1551,2019-05-17 03:30:00
1106608,1106608,5679,2019-05-17 03:45:00-05,0.008,0.268,1552,2019-05-17 03:45:00
1106609,1106609,5679,2019-05-17 04:00:00-05,0.008,0.202,1553,2019-05-17 04:00:00
1106610,1106610,5679,2019-05-17 04:15:00-05,0.007,1.243,1554,2019-05-17 04:15:00
1106611,1106611,5679,2019-05-17 04:30:00-05,0.006,2.023,1555,2019-05-17 04:30:00
1106612,1106612,5679,2019-05-17 04:45:00-05,0.006,1.663,1556,2019-05-17 04:45:00
1106613,1106613,5679,2019-05-17 05:00:00-05,0.013,0.785,1557,2019-05-17 05:00:00
1106614,1106614,5679,2019-05-17 05:15:00-05,0.048,0.928,1558,2019-05-17 05:15:00
1106615,1106615,5679,2019-05-17 05:30:00-05,0.083,0.367,1559,2019-05-17 05:30:00
1106616,1106616,5679,2019-05-17 05:45:00-05,0.059,0.332,1560,2019-05-17 05:45:00
1106617,1106617,5679,2019-05-17 06:00:00-05,0.112,0.218,1561,2019-05-17 06:00:00
1106618,1106618,5679,2019-05-17 06:15:00-05,0.197,0.129,1562,2019-05-17 06:15:00
1106619,1106619,5679,2019-05-17 06:30:00-05,0.216,0.443,1563,2019-05-17 06:30:00
1106620,1106620,5679,2019-05-17 06:45:00-05,0.068,0.366,1564,2019-05-17 06:45:00
1106621,1106621,5679,2019-05-17 07:00:00-05,0.123,0.435,1565,2019-05-17 07:00:00
1106622,1106622,5679,2019-05-17 07:15:00-05,0.223,0.149,1566,2019-05-17 07:15:00
1106623,1106623,5679,2019-05-17 07:30:00-05,0.264,0.247,1567,2019-05-17 07:30:00
1106624,1106624,5679,2019-05-17 07:45:00-05,0.407,0.151,1568,2019-05-17 07:45:00
1106625,1106625,5679,2019-05-17 08:00:00-05,0.387,0.447,1569,2019-05-17 08:00:00
1106626,1106626,5679,2019-05-17 08:15:00-05,0.558,0.348,1570,2019-05-17 08:15:00
1106627,1106627,5679,2019-05-17 08:30:00-05,0.759,-0.36,1571,2019-05-17 08:30:00
1106628,1106628,5679,2019-05-17 08:45:00-05,0.948,-0.589,1572,2019-05-17 08:45:00
1106629,1106629,5679,2019-05-17 09:00:00-05,1.56,-1.001,1573,2019-05-17 09:00:00
1106630,1106630,5679,2019-05-17 09:15:00-05,2.483,-1.808,1574,2019-05-17 09:15:00
1106631,1106631,5679,2019-05-17 09:30:00-05,2.794,-2.441,1575,2019-05-17 09:30:00
1106632,1106632,5679,2019-05-17 09:45:00-05,2.445,-2.115,1576,2019-05-17 09:45:00
1106633,1106633,5679,2019-05-17 10:00:00-05,2.31,-1.811,1577,2019-05-17 10:00:00
1106634,1106634,5679,2019-05-17 10:15:00-05,1.081,-0.352,1578,2019-05-17 10:15:00
1106635,1106635,5679,2019-05-17 10:30:00-05,0.603,-0.132,1579,2019-05-17 10:30:00
1106636,1106636,5679,2019-05-17 10:45:00-05,1.468,-0.484,1580,2019-05-17 10:45:00
1106637,1106637,5679,2019-05-17 11:00:00-05,1.996,-1.489,1581,2019-05-17 11:00:00
1106638,1106638,5679,2019-05-17 11:15:00-05,1.717,-1.333,1582,2019-05-17 11:15:00
1106639,1106639,5679,2019-05-17 11:30:00-05,0.693,-0.277,1583,2019-05-17 11:30:00
1106640,1106640,5679,2019-05-17 11:45:00-05,0.476,-0.077,1584,2019-05-17 11:45:00
1106641,1106641,5679,2019-05-17 12:00:00-05,0.258,0.405,1585,2019-05-17 12:00:00
1106642,1106642,5679,2019-05-17 12:15:00-05,0.216,0.676,1586,2019-05-17 12:15:00
1106643,1106643,5679,2019-05-17 12:30:00-05,1.39,-0.314,1587,2019-05-17 12:30:00
1106644,1106644,5679,2019-05-17 12:45:00-05,0.982,-0.583,1588,2019-05-17 12:45:00
1106645,1106645,5679,2019-05-17 13:00:00-05,1.548,-1.109,1589,2019-05-17 13:00:00
1106646,1106646,5679,2019-05-17 13:15:00-05,1.785,-1.367,1590,2019-05-17 13:15:00
1106647,1106647,5679,2019-05-17 13:30:00-05,2.324,-1.935,1591,2019-05-17 13:30:00
1106648,1106648,5679,2019-05-17 13:45:00-05,2.602,-2.22,1592,2019-05-17 13:45:00
1106649,1106649,5679,2019-05-17 14:00:00-05,3.26,-2.689,1593,2019-05-17 14:00:00
1106650,1106650,5679,2019-05-17 14:15:00-05,2.53,-2.042,1594,2019-05-17 14:15:00
1106651,1106651,5679,2019-05-17 14:30:00-05,2.101,-1.745,1595,2019-05-17 14:30:00
1106652,1106652,5679,2019-05-17 14:45:00-05,1.686,-1.364,1596,2019-05-17 14:45:00
1106653,1106653,5679,2019-05-17 15:00:00-05,1.755,-1.464,1597,2019-05-17 15:00:00
1106654,1106654,5679,2019-05-17 15:15:00-05,1.409,-1.127,1598,2019-05-17 15:15:00
1106655,1106655,5679,2019-05-17 15:30:00-05,1.083,-0.759,1599,2019-05-17 15:30:00
1106656,1106656,5679,2019-05-17 15:45:00-05,1.2,5.877,1600,2019-05-17 15:45:00
1106657,1106657,5679,2019-05-17 16:00:00-05,1.009,6.344,1601,2019-05-17 16:00:00
1106658,1106658,5679,2019-05-17 16:15:00-05,0.883,6.578,1602,2019-05-17 16:15:00
1106659,1106659,5679,2019-05-17 16:30:00-05,0.77,6.287,1603,2019-05-17 16:30:00
1106660,1106660,5679,2019-05-17 16:45:00-05,0.542,0.656,1604,2019-05-17 16:45:00
1106661,1106661,5679,2019-05-17 17:00:00-05,0.412,0.834,1605,2019-05-17 17:00:00
1106662,1106662,5679,2019-05-17 17:15:00-05,0.344,0.159,1606,2019-05-17 17:15:00
1106663,1106663,5679,2019-05-17 17:30:00-05,0.299,0.23,1607,2019-05-17 17:30:00
1106664,1106664,5679,2019-05-17 17:45:00-05,0.265,0.287,1608,2019-05-17 17:45:00
1106665,1106665,5679,2019-05-17 18:00:00-05,0.171,0.328,1609,2019-05-17 18:00:00
1106666,1106666,5679,2019-05-17 18:15:00-05,0.167,0.355,1610,2019-05-17 18:15:00
1106667,1106667,5679,2019-05-17 18:30:00-05,0.122,0.454,1611,2019-05-17 18:30:00
1106668,1106668,5679,2019-05-17 18:45:00-05,0.065,0.464,1612,2019-05-17 18:45:00
1106669,1106669,5679,2019-05-17 19:00:00-05,0.029,0.555,1613,2019-05-17 19:00:00
1106670,1106670,5679,2019-05-17 19:15:00-05,0.008,0.581,1614,2019-05-17 19:15:00
1106671,1106671,5679,2019-05-17 19:30:00-05,0.007,0.573,1615,2019-05-17 19:30:00
1106672,1106672,5679,2019-05-17 19:45:00-05,0.007,0.583,1616,2019-05-17 19:45:00
1106673,1106673,5679,2019-05-17 20:00:00-05,0.007,0.551,1617,2019-05-17 20:00:00
1106674,1106674,5679,2019-05-17 20:15:00-05,0.007,0.52,1618,2019-05-17 20:15:00
1106675,1106675,5679,2019-05-17 20:30:00-05,0.007,0.412,1619,2019-05-17 20:30:00
1106676,1106676,5679,2019-05-17 20:45:00-05,0.008,0.42,1620,2019-05-17 20:45:00
1106677,1106677,5679,2019-05-17 21:00:00-05,0.007,0.449,1621,2019-05-17 21:00:00
1106678,1106678,5679,2019-05-17 21:15:00-05,0.008,0.345,1622,2019-05-17 21:15:00
1106679,1106679,5679,2019-05-17 21:30:00-05,0.008,0.262,1623,2019-05-17 21:30:00
1106680,1106680,5679,2019-05-17 21:45:00-05,0.007,0.319,1624,2019-05-17 21:45:00
1106681,1106681,5679,2019-05-17 22:00:00-05,0.008,0.283,1625,2019-05-17 22:00:00
1106682,1106682,5679,2019-05-17 22:15:00-05,0.008,0.301,1626,2019-05-17 22:15:00
1106683,1106683,5679,2019-05-17 22:30:00-05,0.008,0.315,1627,2019-05-17 22:30:00
1106684,1106684,5679,2019-05-17 22:45:00-05,0.008,0.182,1628,2019-05-17 22:45:00
1106685,1106685,5679,2019-05-17 23:00:00-05,0.008,0.208,1629,2019-05-17 23:00:00
1106686,1106686,5679,2019-05-17 23:15:00-05,0.008,0.191,1630,2019-05-17 23:15:00
1106687,1106687,5679,2019-05-17 23:30:00-05,0.008,0.179,1631,2019-05-17 23:30:00
1106688,1106688,5679,2019-05-17 23:45:00-05,0.008,0.206,1632,2019-05-17 23:45:00
1106689,1106689,5679,2019-05-18 00:00:00-05,0.008,0.17,1633,2019-05-18 00:00:00
1106690,1106690,5679,2019-05-18 00:15:00-05,0.008,0.319,1634,2019-05-18 00:15:00
1106691,1106691,5679,2019-05-18 00:30:00-05,0.008,0.284,1635,2019-05-18 00:30:00
1106692,1106692,5679,2019-05-18 00:45:00-05,0.008,0.297,1636,2019-05-18 00:45:00
1106693,1106693,5679,2019-05-18 01:00:00-05,0.008,0.316,1637,2019-05-18 01:00:00
1106694,1106694,5679,2019-05-18 01:15:00-05,0.008,0.169,1638,2019-05-18 01:15:00
1106695,1106695,5679,2019-05-18 01:30:00-05,0.008,0.304,1639,2019-05-18 01:30:00
1106696,1106696,5679,2019-05-18 01:45:00-05,0.008,0.296,1640,2019-05-18 01:45:00
1106697,1106697,5679,2019-05-18 02:00:00-05,0.008,0.294,1641,2019-05-18 02:00:00
1106698,1106698,5679,2019-05-18 02:15:00-05,0.008,0.314,1642,2019-05-18 02:15:00
1106699,1106699,5679,2019-05-18 02:30:00-05,0.008,0.3,1643,2019-05-18 02:30:00
1106700,1106700,5679,2019-05-18 02:45:00-05,0.008,0.533,1644,2019-05-18 02:45:00
1106701,1106701,5679,2019-05-18 03:00:00-05,0.008,0.488,1645,2019-05-18 03:00:00
1106702,1106702,5679,2019-05-18 03:15:00-05,0.008,0.46,1646,2019-05-18 03:15:00
1106703,1106703,5679,2019-05-18 03:30:00-05,0.007,1.371,1647,2019-05-18 03:30:00
1106704,1106704,5679,2019-05-18 03:45:00-05,0.008,0.864,1648,2019-05-18 03:45:00
1106705,1106705,5679,2019-05-18 04:00:00-05,0.008,0.728,1649,2019-05-18 04:00:00
1106706,1106706,5679,2019-05-18 04:15:00-05,0.008,0.676,1650,2019-05-18 04:15:00
1106707,1106707,5679,2019-05-18 04:30:00-05,0.008,1.024,1651,2019-05-18 04:30:00
1106708,1106708,5679,2019-05-18 04:45:00-05,0.022,1.105,1652,2019-05-18 04:45:00
1106709,1106709,5679,2019-05-18 05:00:00-05,0.052,1.003,1653,2019-05-18 05:00:00
1106710,1106710,5679,2019-05-18 05:15:00-05,0.107,2.169,1654,2019-05-18 05:15:00
1106711,1106711,5679,2019-05-18 05:30:00-05,0.156,6.386,1655,2019-05-18 05:30:00
1106712,1106712,5679,2019-05-18 05:45:00-05,0.168,5.608,1656,2019-05-18 05:45:00
1106713,1106713,5679,2019-05-18 06:00:00-05,0.161,4.294,1657,2019-05-18 06:00:00
1106714,1106714,5679,2019-05-18 06:15:00-05,0.187,2.652,1658,2019-05-18 06:15:00
1106715,1106715,5679,2019-05-18 06:30:00-05,0.237,1.358,1659,2019-05-18 06:30:00
1106716,1106716,5679,2019-05-18 06:45:00-05,0.403,0.822,1660,2019-05-18 06:45:00
1106717,1106717,5679,2019-05-18 07:00:00-05,0.454,1.02,1661,2019-05-18 07:00:00
1106718,1106718,5679,2019-05-18 07:15:00-05,0.803,-0.076,1662,2019-05-18 07:15:00
1106719,1106719,5679,2019-05-18 07:30:00-05,0.933,-0.531,1663,2019-05-18 07:30:00
1106720,1106720,5679,2019-05-18 07:45:00-05,1.219,0.17,1664,2019-05-18 07:45:00
1106721,1106721,5679,2019-05-18 08:00:00-05,1.889,-0.372,1665,2019-05-18 08:00:00
1106722,1106722,5679,2019-05-18 08:15:00-05,1.941,-0.416,1666,2019-05-18 08:15:00
1106723,1106723,5679,2019-05-18 08:30:00-05,2.331,-1.427,1667,2019-05-18 08:30:00
1106724,1106724,5679,2019-05-18 08:45:00-05,2.775,-2.43,1668,2019-05-18 08:45:00
1106725,1106725,5679,2019-05-18 09:00:00-05,3.119,-2.541,1669,2019-05-18 09:00:00
1106726,1106726,5679,2019-05-18 09:15:00-05,3.405,-2.218,1670,2019-05-18 09:15:00
1106727,1106727,5679,2019-05-18 09:30:00-05,3.625,-2.22,1671,2019-05-18 09:30:00
1106728,1106728,5679,2019-05-18 09:45:00-05,3.81,-3.474,1672,2019-05-18 09:45:00
1106729,1106729,5679,2019-05-18 10:00:00-05,4.008,-3.702,1673,2019-05-18 10:00:00
1106730,1106730,5679,2019-05-18 10:15:00-05,3.89,-3.202,1674,2019-05-18 10:15:00
1106731,1106731,5679,2019-05-18 10:30:00-05,4.396,-4.194,1675,2019-05-18 10:30:00
1106732,1106732,5679,2019-05-18 10:45:00-05,4.398,-4.184,1676,2019-05-18 10:45:00
1106733,1106733,5679,2019-05-18 11:00:00-05,4.419,-4.079,1677,2019-05-18 11:00:00
1106734,1106734,5679,2019-05-18 11:15:00-05,4.456,-3.819,1678,2019-05-18 11:15:00
1106735,1106735,5679,2019-05-18 11:30:00-05,4.425,-3.075,1679,2019-05-18 11:30:00
1106736,1106736,5679,2019-05-18 11:45:00-05,4.459,-3.629,1680,2019-05-18 11:45:00
1106737,1106737,5679,2019-05-18 12:00:00-05,4.502,-4.01,1681,2019-05-18 12:00:00
1106738,1106738,5679,2019-05-18 12:15:00-05,4.546,-4.074,1682,2019-05-18 12:15:00
1106739,1106739,5679,2019-05-18 12:30:00-05,3.961,-3.432,1683,2019-05-18 12:30:00
1106740,1106740,5679,2019-05-18 12:45:00-05,2.226,-1.771,1684,2019-05-18 12:45:00
1106741,1106741,5679,2019-05-18 13:00:00-05,1.638,-0.974,1685,2019-05-18 13:00:00
1106742,1106742,5679,2019-05-18 13:15:00-05,1.783,-1.146,1686,2019-05-18 13:15:00
1106743,1106743,5679,2019-05-18 13:30:00-05,2.308,-1.469,1687,2019-05-18 13:30:00
1106744,1106744,5679,2019-05-18 13:45:00-05,2.324,-1.696,1688,2019-05-18 13:45:00
1106745,1106745,5679,2019-05-18 14:00:00-05,2.288,-1.774,1689,2019-05-18 14:00:00
1106746,1106746,5679,2019-05-18 14:15:00-05,1.624,-1.121,1690,2019-05-18 14:15:00
1106747,1106747,5679,2019-05-18 14:30:00-05,2.058,-1.585,1691,2019-05-18 14:30:00
1106748,1106748,5679,2019-05-18 14:45:00-05,1.682,-1.219,1692,2019-05-18 14:45:00
1106749,1106749,5679,2019-05-18 15:00:00-05,1.775,-1.083,1693,2019-05-18 15:00:00
1106750,1106750,5679,2019-05-18 15:15:00-05,1.362,-0.947,1694,2019-05-18 15:15:00
1106751,1106751,5679,2019-05-18 15:30:00-05,1.441,-0.949,1695,2019-05-18 15:30:00
1106752,1106752,5679,2019-05-18 15:45:00-05,1.098,-0.304,1696,2019-05-18 15:45:00
1106753,1106753,5679,2019-05-18 16:00:00-05,0.723,-0.052,1697,2019-05-18 16:00:00
1106754,1106754,5679,2019-05-18 16:15:00-05,0.696,0.335,1698,2019-05-18 16:15:00
1106755,1106755,5679,2019-05-18 16:30:00-05,0.735,-0.223,1699,2019-05-18 16:30:00
1106756,1106756,5679,2019-05-18 16:45:00-05,0.742,-0.253,1700,2019-05-18 16:45:00
1106757,1106757,5679,2019-05-18 17:00:00-05,0.61,-0.064,1701,2019-05-18 17:00:00
1106758,1106758,5679,2019-05-18 17:15:00-05,0.393,0.102,1702,2019-05-18 17:15:00
1106759,1106759,5679,2019-05-18 17:30:00-05,0.596,0.003,1703,2019-05-18 17:30:00
1106760,1106760,5679,2019-05-18 17:45:00-05,0.437,0.182,1704,2019-05-18 17:45:00
1106761,1106761,5679,2019-05-18 18:00:00-05,0.226,0.493,1705,2019-05-18 18:00:00
1106762,1106762,5679,2019-05-18 18:15:00-05,0.159,1.404,1706,2019-05-18 18:15:00
1106763,1106763,5679,2019-05-18 18:30:00-05,0.101,1.316,1707,2019-05-18 18:30:00
1106764,1106764,5679,2019-05-18 18:45:00-05,0.059,0.931,1708,2019-05-18 18:45:00
1106765,1106765,5679,2019-05-18 19:00:00-05,0.029,1.461,1709,2019-05-18 19:00:00
1106766,1106766,5679,2019-05-18 19:15:00-05,0.01,0.808,1710,2019-05-18 19:15:00
1106767,1106767,5679,2019-05-18 19:30:00-05,0.007,0.506,1711,2019-05-18 19:30:00
1106768,1106768,5679,2019-05-18 19:45:00-05,0.007,0.412,1712,2019-05-18 19:45:00
1106769,1106769,5679,2019-05-18 20:00:00-05,0.007,0.397,1713,2019-05-18 20:00:00
1106770,1106770,5679,2019-05-18 20:15:00-05,0.007,0.333,1714,2019-05-18 20:15:00
1106771,1106771,5679,2019-05-18 20:30:00-05,0.007,0.447,1715,2019-05-18 20:30:00
1106772,1106772,5679,2019-05-18 20:45:00-05,0.007,0.451,1716,2019-05-18 20:45:00
1106773,1106773,5679,2019-05-18 21:00:00-05,0.007,0.478,1717,2019-05-18 21:00:00
1106774,1106774,5679,2019-05-18 21:15:00-05,0.007,0.491,1718,2019-05-18 21:15:00
1106775,1106775,5679,2019-05-18 21:30:00-05,0.007,0.381,1719,2019-05-18 21:30:00
1106776,1106776,5679,2019-05-18 21:45:00-05,0.007,0.364,1720,2019-05-18 21:45:00
1106777,1106777,5679,2019-05-18 22:00:00-05,0.007,0.365,1721,2019-05-18 22:00:00
1106778,1106778,5679,2019-05-18 22:15:00-05,0.007,0.492,1722,2019-05-18 22:15:00
1106779,1106779,5679,2019-05-18 22:30:00-05,0.007,0.436,1723,2019-05-18 22:30:00
1106780,1106780,5679,2019-05-18 22:45:00-05,0.008,0.322,1724,2019-05-18 22:45:00
1106781,1106781,5679,2019-05-18 23:00:00-05,0.008,0.425,1725,2019-05-18 23:00:00
1106782,1106782,5679,2019-05-18 23:15:00-05,0.007,0.47,1726,2019-05-18 23:15:00
1106783,1106783,5679,2019-05-18 23:30:00-05,0.007,0.49,1727,2019-05-18 23:30:00
1106784,1106784,5679,2019-05-18 23:45:00-05,0.008,0.435,1728,2019-05-18 23:45:00
1106785,1106785,5679,2019-05-19 00:00:00-05,0.008,0.451,1729,2019-05-19 00:00:00
1106786,1106786,5679,2019-05-19 00:15:00-05,0.008,0.325,1730,2019-05-19 00:15:00
1106787,1106787,5679,2019-05-19 00:30:00-05,0.008,0.374,1731,2019-05-19 00:30:00
1106788,1106788,5679,2019-05-19 00:45:00-05,0.008,0.353,1732,2019-05-19 00:45:00
1106789,1106789,5679,2019-05-19 01:00:00-05,0.008,0.346,1733,2019-05-19 01:00:00
1106790,1106790,5679,2019-05-19 01:15:00-05,0.008,0.371,1734,2019-05-19 01:15:00
1106791,1106791,5679,2019-05-19 01:30:00-05,0.008,0.4,1735,2019-05-19 01:30:00
1106792,1106792,5679,2019-05-19 01:45:00-05,0.008,0.486,1736,2019-05-19 01:45:00
1106793,1106793,5679,2019-05-19 02:00:00-05,0.008,0.432,1737,2019-05-19 02:00:00
1106794,1106794,5679,2019-05-19 02:15:00-05,0.008,0.472,1738,2019-05-19 02:15:00
1106795,1106795,5679,2019-05-19 02:30:00-05,0.008,0.402,1739,2019-05-19 02:30:00
1106796,1106796,5679,2019-05-19 02:45:00-05,0.008,0.296,1740,2019-05-19 02:45:00
1106797,1106797,5679,2019-05-19 03:00:00-05,0.008,0.313,1741,2019-05-19 03:00:00
1106798,1106798,5679,2019-05-19 03:15:00-05,0.008,0.31,1742,2019-05-19 03:15:00
1106799,1106799,5679,2019-05-19 03:30:00-05,0.007,1.229,1743,2019-05-19 03:30:00
1106800,1106800,5679,2019-05-19 03:45:00-05,0.008,0.409,1744,2019-05-19 03:45:00
1106801,1106801,5679,2019-05-19 04:00:00-05,0.008,0.484,1745,2019-05-19 04:00:00
1106802,1106802,5679,2019-05-19 04:15:00-05,0.008,0.364,1746,2019-05-19 04:15:00
1106803,1106803,5679,2019-05-19 04:30:00-05,0.008,0.379,1747,2019-05-19 04:30:00
1106804,1106804,5679,2019-05-19 04:45:00-05,0.01,0.646,1748,2019-05-19 04:45:00
1106805,1106805,5679,2019-05-19 05:00:00-05,0.027,0.577,1749,2019-05-19 05:00:00
1106806,1106806,5679,2019-05-19 05:15:00-05,0.066,0.282,1750,2019-05-19 05:15:00
1106807,1106807,5679,2019-05-19 05:30:00-05,0.124,0.405,1751,2019-05-19 05:30:00
1106808,1106808,5679,2019-05-19 05:45:00-05,0.149,0.171,1752,2019-05-19 05:45:00
1106809,1106809,5679,2019-05-19 06:00:00-05,0.275,0.041,1753,2019-05-19 06:00:00
1106810,1106810,5679,2019-05-19 06:15:00-05,0.279,-0.085,1754,2019-05-19 06:15:00
1106811,1106811,5679,2019-05-19 06:30:00-05,0.337,0.176,1755,2019-05-19 06:30:00
1106812,1106812,5679,2019-05-19 06:45:00-05,0.38,0.127,1756,2019-05-19 06:45:00
1106813,1106813,5679,2019-05-19 07:00:00-05,0.444,-0.102,1757,2019-05-19 07:00:00
1106814,1106814,5679,2019-05-19 07:15:00-05,0.501,0.186,1758,2019-05-19 07:15:00
1106815,1106815,5679,2019-05-19 07:30:00-05,0.695,-0.374,1759,2019-05-19 07:30:00
1106816,1106816,5679,2019-05-19 07:45:00-05,1.222,-0.741,1760,2019-05-19 07:45:00
1106817,1106817,5679,2019-05-19 08:00:00-05,1.687,-1.194,1761,2019-05-19 08:00:00
1106818,1106818,5679,2019-05-19 08:15:00-05,1.923,-1.478,1762,2019-05-19 08:15:00
1106819,1106819,5679,2019-05-19 08:30:00-05,2.129,-1.406,1763,2019-05-19 08:30:00
1106820,1106820,5679,2019-05-19 08:45:00-05,2.393,-1.729,1764,2019-05-19 08:45:00
1106821,1106821,5679,2019-05-19 09:00:00-05,2.681,-2.226,1765,2019-05-19 09:00:00
1106822,1106822,5679,2019-05-19 09:15:00-05,2.704,-2.204,1766,2019-05-19 09:15:00
1106823,1106823,5679,2019-05-19 09:30:00-05,3.219,1.064,1767,2019-05-19 09:30:00
1106824,1106824,5679,2019-05-19 09:45:00-05,3.357,3.919,1768,2019-05-19 09:45:00
1106825,1106825,5679,2019-05-19 10:00:00-05,2.721,4.441,1769,2019-05-19 10:00:00
1106826,1106826,5679,2019-05-19 10:15:00-05,2.321,4.931,1770,2019-05-19 10:15:00
1106827,1106827,5679,2019-05-19 10:30:00-05,3.096,3.443,1771,2019-05-19 10:30:00
1106828,1106828,5679,2019-05-19 10:45:00-05,2.809,-1.645,1772,2019-05-19 10:45:00
1106829,1106829,5679,2019-05-19 11:00:00-05,3.538,-2.908,1773,2019-05-19 11:00:00
1106830,1106830,5679,2019-05-19 11:15:00-05,3.973,-3.678,1774,2019-05-19 11:15:00
1106831,1106831,5679,2019-05-19 11:30:00-05,4.091,-3.678,1775,2019-05-19 11:30:00
1106832,1106832,5679,2019-05-19 11:45:00-05,4.131,-3.761,1776,2019-05-19 11:45:00
1106833,1106833,5679,2019-05-19 12:00:00-05,4.178,-3.784,1777,2019-05-19 12:00:00
1106834,1106834,5679,2019-05-19 12:15:00-05,4.101,-3.057,1778,2019-05-19 12:15:00
1106835,1106835,5679,2019-05-19 12:30:00-05,3.787,-1.841,1779,2019-05-19 12:30:00
1106836,1106836,5679,2019-05-19 12:45:00-05,3.051,-2.52,1780,2019-05-19 12:45:00
1106837,1106837,5679,2019-05-19 13:00:00-05,2.845,-1.777,1781,2019-05-19 13:00:00
1106838,1106838,5679,2019-05-19 13:15:00-05,3.61,-2.263,1782,2019-05-19 13:15:00
1106839,1106839,5679,2019-05-19 13:30:00-05,3.139,-1.925,1783,2019-05-19 13:30:00
1106840,1106840,5679,2019-05-19 13:45:00-05,2.024,-0.804,1784,2019-05-19 13:45:00
1106841,1106841,5679,2019-05-19 14:00:00-05,1.626,-0.484,1785,2019-05-19 14:00:00
1106842,1106842,5679,2019-05-19 14:15:00-05,0.937,0.22,1786,2019-05-19 14:15:00
1106843,1106843,5679,2019-05-19 14:30:00-05,0.712,0.787,1787,2019-05-19 14:30:00
1106844,1106844,5679,2019-05-19 14:45:00-05,0.57,0.972,1788,2019-05-19 14:45:00
1106845,1106845,5679,2019-05-19 15:00:00-05,1.181,-0.03,1789,2019-05-19 15:00:00
1106846,1106846,5679,2019-05-19 15:15:00-05,0.514,6.168,1790,2019-05-19 15:15:00
1106847,1106847,5679,2019-05-19 15:30:00-05,1.485,6.522,1791,2019-05-19 15:30:00
1106848,1106848,5679,2019-05-19 15:45:00-05,0.8,7.227,1792,2019-05-19 15:45:00
1106849,1106849,5679,2019-05-19 16:00:00-05,0.618,6.387,1793,2019-05-19 16:00:00
1106850,1106850,5679,2019-05-19 16:15:00-05,0.505,1.007,1794,2019-05-19 16:15:00
1106851,1106851,5679,2019-05-19 16:30:00-05,0.467,1.373,1795,2019-05-19 16:30:00
1106852,1106852,5679,2019-05-19 16:45:00-05,0.329,0.757,1796,2019-05-19 16:45:00
1106853,1106853,5679,2019-05-19 17:00:00-05,0.508,0.688,1797,2019-05-19 17:00:00
1106854,1106854,5679,2019-05-19 17:15:00-05,0.531,0.738,1798,2019-05-19 17:15:00
1106855,1106855,5679,2019-05-19 17:30:00-05,0.385,0.93,1799,2019-05-19 17:30:00
1106856,1106856,5679,2019-05-19 17:45:00-05,0.216,0.77,1800,2019-05-19 17:45:00
1106857,1106857,5679,2019-05-19 18:00:00-05,0.295,0.313,1801,2019-05-19 18:00:00
1106858,1106858,5679,2019-05-19 18:15:00-05,0.224,0.206,1802,2019-05-19 18:15:00
1106859,1106859,5679,2019-05-19 18:30:00-05,0.163,0.318,1803,2019-05-19 18:30:00
1106860,1106860,5679,2019-05-19 18:45:00-05,0.072,0.379,1804,2019-05-19 18:45:00
1106861,1106861,5679,2019-05-19 19:00:00-05,0.026,0.371,1805,2019-05-19 19:00:00
1106862,1106862,5679,2019-05-19 19:15:00-05,0.006,0.374,1806,2019-05-19 19:15:00
1106863,1106863,5679,2019-05-19 19:30:00-05,0.005,0.399,1807,2019-05-19 19:30:00
1106864,1106864,5679,2019-05-19 19:45:00-05,0.005,0.478,1808,2019-05-19 19:45:00
1106865,1106865,5679,2019-05-19 20:00:00-05,0.005,0.488,1809,2019-05-19 20:00:00
1106866,1106866,5679,2019-05-19 20:15:00-05,0.005,0.5,1810,2019-05-19 20:15:00
1106867,1106867,5679,2019-05-19 20:30:00-05,0.006,0.46,1811,2019-05-19 20:30:00
1106868,1106868,5679,2019-05-19 20:45:00-05,0.006,0.498,1812,2019-05-19 20:45:00
1106869,1106869,5679,2019-05-19 21:00:00-05,0.006,0.607,1813,2019-05-19 21:00:00
1106870,1106870,5679,2019-05-19 21:15:00-05,0.006,0.421,1814,2019-05-19 21:15:00
1106871,1106871,5679,2019-05-19 21:30:00-05,0.006,0.322,1815,2019-05-19 21:30:00
1106872,1106872,5679,2019-05-19 21:45:00-05,0.006,0.337,1816,2019-05-19 21:45:00
1106873,1106873,5679,2019-05-19 22:00:00-05,0.006,0.24,1817,2019-05-19 22:00:00
1106874,1106874,5679,2019-05-19 22:15:00-05,0.006,0.219,1818,2019-05-19 22:15:00
1106875,1106875,5679,2019-05-19 22:30:00-05,0.006,0.236,1819,2019-05-19 22:30:00
1106876,1106876,5679,2019-05-19 22:45:00-05,0.006,0.329,1820,2019-05-19 22:45:00
1106877,1106877,5679,2019-05-19 23:00:00-05,0.006,0.297,1821,2019-05-19 23:00:00
1106878,1106878,5679,2019-05-19 23:15:00-05,0.006,0.347,1822,2019-05-19 23:15:00
1106879,1106879,5679,2019-05-19 23:30:00-05,0.006,0.321,1823,2019-05-19 23:30:00
1106880,1106880,5679,2019-05-19 23:45:00-05,0.006,0.31,1824,2019-05-19 23:45:00
1106881,1106881,5679,2019-05-20 00:00:00-05,0.006,0.225,1825,2019-05-20 00:00:00
1106882,1106882,5679,2019-05-20 00:15:00-05,0.006,0.211,1826,2019-05-20 00:15:00
1106883,1106883,5679,2019-05-20 00:30:00-05,0.006,0.231,1827,2019-05-20 00:30:00
1106884,1106884,5679,2019-05-20 00:45:00-05,0.006,0.199,1828,2019-05-20 00:45:00
1106885,1106885,5679,2019-05-20 01:00:00-05,0.006,0.239,1829,2019-05-20 01:00:00
1106886,1106886,5679,2019-05-20 01:15:00-05,0.007,0.191,1830,2019-05-20 01:15:00
1106887,1106887,5679,2019-05-20 01:30:00-05,0.006,0.435,1831,2019-05-20 01:30:00
1106888,1106888,5679,2019-05-20 01:45:00-05,0.006,0.417,1832,2019-05-20 01:45:00
1106889,1106889,5679,2019-05-20 02:00:00-05,0.006,0.474,1833,2019-05-20 02:00:00
1106890,1106890,5679,2019-05-20 02:15:00-05,0.006,0.408,1834,2019-05-20 02:15:00
1106891,1106891,5679,2019-05-20 02:30:00-05,0.006,0.467,1835,2019-05-20 02:30:00
1106892,1106892,5679,2019-05-20 02:45:00-05,0.006,0.309,1836,2019-05-20 02:45:00
1106893,1106893,5679,2019-05-20 03:00:00-05,0.006,0.359,1837,2019-05-20 03:00:00
1106894,1106894,5679,2019-05-20 03:15:00-05,0.007,0.248,1838,2019-05-20 03:15:00
1106895,1106895,5679,2019-05-20 03:30:00-05,0.007,0.262,1839,2019-05-20 03:30:00
1106896,1106896,5679,2019-05-20 03:45:00-05,0.007,0.2,1840,2019-05-20 03:45:00
1106897,1106897,5679,2019-05-20 04:00:00-05,0.006,0.668,1841,2019-05-20 04:00:00
1106898,1106898,5679,2019-05-20 04:15:00-05,0.006,0.633,1842,2019-05-20 04:15:00
1106899,1106899,5679,2019-05-20 04:30:00-05,0.006,0.521,1843,2019-05-20 04:30:00
1106900,1106900,5679,2019-05-20 04:45:00-05,0.019,0.599,1844,2019-05-20 04:45:00
1106901,1106901,5679,2019-05-20 05:00:00-05,0.05,0.751,1845,2019-05-20 05:00:00
1106902,1106902,5679,2019-05-20 05:15:00-05,0.114,0.308,1846,2019-05-20 05:15:00
1106903,1106903,5679,2019-05-20 05:30:00-05,0.166,0.245,1847,2019-05-20 05:30:00
1106904,1106904,5679,2019-05-20 05:45:00-05,0.214,0.096,1848,2019-05-20 05:45:00
1106905,1106905,5679,2019-05-20 06:00:00-05,0.447,-0.11,1849,2019-05-20 06:00:00
1106906,1106906,5679,2019-05-20 06:15:00-05,0.379,-0.072,1850,2019-05-20 06:15:00
1106907,1106907,5679,2019-05-20 06:30:00-05,0.531,-0.288,1851,2019-05-20 06:30:00
1106908,1106908,5679,2019-05-20 06:45:00-05,0.337,0.551,1852,2019-05-20 06:45:00
1106909,1106909,5679,2019-05-20 07:00:00-05,0.502,-0.111,1853,2019-05-20 07:00:00
1106910,1106910,5679,2019-05-20 07:15:00-05,0.649,-0.187,1854,2019-05-20 07:15:00
1106911,1106911,5679,2019-05-20 07:30:00-05,0.702,-0.278,1855,2019-05-20 07:30:00
1106912,1106912,5679,2019-05-20 07:45:00-05,0.998,-0.297,1856,2019-05-20 07:45:00
1106913,1106913,5679,2019-05-20 08:00:00-05,1.615,-0.76,1857,2019-05-20 08:00:00
1106914,1106914,5679,2019-05-20 08:15:00-05,2.065,-1.658,1858,2019-05-20 08:15:00
1106915,1106915,5679,2019-05-20 08:30:00-05,1.906,-1.563,1859,2019-05-20 08:30:00
1106916,1106916,5679,2019-05-20 08:45:00-05,2.428,-2.067,1860,2019-05-20 08:45:00
1106917,1106917,5679,2019-05-20 09:00:00-05,2.865,-2.49,1861,2019-05-20 09:00:00
1106918,1106918,5679,2019-05-20 09:15:00-05,2.816,-2.481,1862,2019-05-20 09:15:00
1106919,1106919,5679,2019-05-20 09:30:00-05,1.891,-1.526,1863,2019-05-20 09:30:00
1106920,1106920,5679,2019-05-20 09:45:00-05,1.823,-1.269,1864,2019-05-20 09:45:00
1106921,1106921,5679,2019-05-20 10:00:00-05,2.412,-1.523,1865,2019-05-20 10:00:00
1106922,1106922,5679,2019-05-20 10:15:00-05,1.949,-1.358,1866,2019-05-20 10:15:00
1106923,1106923,5679,2019-05-20 10:30:00-05,0.991,-0.509,1867,2019-05-20 10:30:00
1106924,1106924,5679,2019-05-20 10:45:00-05,2.425,-2.013,1868,2019-05-20 10:45:00
1106925,1106925,5679,2019-05-20 11:00:00-05,1.465,-1.055,1869,2019-05-20 11:00:00
1106926,1106926,5679,2019-05-20 11:15:00-05,2.368,-2.026,1870,2019-05-20 11:15:00
1106927,1106927,5679,2019-05-20 11:30:00-05,3.339,-2.682,1871,2019-05-20 11:30:00
1106928,1106928,5679,2019-05-20 11:45:00-05,1.757,-1.173,1872,2019-05-20 11:45:00
1106929,1106929,5679,2019-05-20 12:00:00-05,3.512,-3.188,1873,2019-05-20 12:00:00
1106930,1106930,5679,2019-05-20 12:15:00-05,2.031,-1.299,1874,2019-05-20 12:15:00
1106931,1106931,5679,2019-05-20 12:30:00-05,2.562,-2.167,1875,2019-05-20 12:30:00
1106932,1106932,5679,2019-05-20 12:45:00-05,3.298,-2.825,1876,2019-05-20 12:45:00
1106933,1106933,5679,2019-05-20 13:00:00-05,2.886,-2.386,1877,2019-05-20 13:00:00
1106934,1106934,5679,2019-05-20 13:15:00-05,2.438,-2.042,1878,2019-05-20 13:15:00
1106935,1106935,5679,2019-05-20 13:30:00-05,3.139,-2.864,1879,2019-05-20 13:30:00
1106936,1106936,5679,2019-05-20 13:45:00-05,1.228,-0.897,1880,2019-05-20 13:45:00
1106937,1106937,5679,2019-05-20 14:00:00-05,1.382,-1.156,1881,2019-05-20 14:00:00
1106938,1106938,5679,2019-05-20 14:15:00-05,1.518,-1.263,1882,2019-05-20 14:15:00
1106939,1106939,5679,2019-05-20 14:30:00-05,2.22,-2.039,1883,2019-05-20 14:30:00
1106940,1106940,5679,2019-05-20 14:45:00-05,2.006,-1.769,1884,2019-05-20 14:45:00
1106941,1106941,5679,2019-05-20 15:00:00-05,1.43,-1.251,1885,2019-05-20 15:00:00
1106942,1106942,5679,2019-05-20 15:15:00-05,0.917,3.461,1886,2019-05-20 15:15:00
1106943,1106943,5679,2019-05-20 15:30:00-05,1.037,6.316,1887,2019-05-20 15:30:00
1106944,1106944,5679,2019-05-20 15:45:00-05,1.249,6.236,1888,2019-05-20 15:45:00
1106945,1106945,5679,2019-05-20 16:00:00-05,0.844,6.641,1889,2019-05-20 16:00:00
1106946,1106946,5679,2019-05-20 16:15:00-05,0.548,2.992,1890,2019-05-20 16:15:00
1106947,1106947,5679,2019-05-20 16:30:00-05,0.151,0.56,1891,2019-05-20 16:30:00
1106948,1106948,5679,2019-05-20 16:45:00-05,0.155,0.663,1892,2019-05-20 16:45:00
1106949,1106949,5679,2019-05-20 17:00:00-05,0.326,0.221,1893,2019-05-20 17:00:00
1106950,1106950,5679,2019-05-20 17:15:00-05,0.477,0.322,1894,2019-05-20 17:15:00
1106951,1106951,5679,2019-05-20 17:30:00-05,0.422,0.204,1895,2019-05-20 17:30:00
1106952,1106952,5679,2019-05-20 17:45:00-05,0.234,0.408,1896,2019-05-20 17:45:00
1106953,1106953,5679,2019-05-20 18:00:00-05,0.116,0.407,1897,2019-05-20 18:00:00
1106954,1106954,5679,2019-05-20 18:15:00-05,0.09,0.426,1898,2019-05-20 18:15:00
1106955,1106955,5679,2019-05-20 18:30:00-05,0.071,0.317,1899,2019-05-20 18:30:00
1106956,1106956,5679,2019-05-20 18:45:00-05,0.061,0.301,1900,2019-05-20 18:45:00
1106957,1106957,5679,2019-05-20 19:00:00-05,0.024,0.412,1901,2019-05-20 19:00:00
1106958,1106958,5679,2019-05-20 19:15:00-05,0.006,0.574,1902,2019-05-20 19:15:00
1106959,1106959,5679,2019-05-20 19:30:00-05,0.006,0.491,1903,2019-05-20 19:30:00
1106960,1106960,5679,2019-05-20 19:45:00-05,0.006,0.598,1904,2019-05-20 19:45:00
1106961,1106961,5679,2019-05-20 20:00:00-05,0.006,0.61,1905,2019-05-20 20:00:00
1106962,1106962,5679,2019-05-20 20:15:00-05,0.006,0.628,1906,2019-05-20 20:15:00
1106963,1106963,5679,2019-05-20 20:30:00-05,0.006,0.65,1907,2019-05-20 20:30:00
1106964,1106964,5679,2019-05-20 20:45:00-05,0.006,0.58,1908,2019-05-20 20:45:00
1106965,1106965,5679,2019-05-20 21:00:00-05,0.006,0.666,1909,2019-05-20 21:00:00
1106966,1106966,5679,2019-05-20 21:15:00-05,0.007,0.431,1910,2019-05-20 21:15:00
1106967,1106967,5679,2019-05-20 21:30:00-05,0.007,0.421,1911,2019-05-20 21:30:00
1106968,1106968,5679,2019-05-20 21:45:00-05,0.007,0.258,1912,2019-05-20 21:45:00
1106969,1106969,5679,2019-05-20 22:00:00-05,0.007,0.265,1913,2019-05-20 22:00:00
1106970,1106970,5679,2019-05-20 22:15:00-05,0.007,0.283,1914,2019-05-20 22:15:00
1106971,1106971,5679,2019-05-20 22:30:00-05,0.007,0.303,1915,2019-05-20 22:30:00
1106972,1106972,5679,2019-05-20 22:45:00-05,0.007,0.425,1916,2019-05-20 22:45:00
1106973,1106973,5679,2019-05-20 23:00:00-05,0.007,0.356,1917,2019-05-20 23:00:00
1106974,1106974,5679,2019-05-20 23:15:00-05,0.007,0.324,1918,2019-05-20 23:15:00
1106975,1106975,5679,2019-05-20 23:30:00-05,0.007,0.305,1919,2019-05-20 23:30:00
1106976,1106976,5679,2019-05-20 23:45:00-05,0.007,0.309,1920,2019-05-20 23:45:00
1106977,1106977,5679,2019-05-21 00:00:00-05,0.007,0.243,1921,2019-05-21 00:00:00
1106978,1106978,5679,2019-05-21 00:15:00-05,0.007,0.311,1922,2019-05-21 00:15:00
1106979,1106979,5679,2019-05-21 00:30:00-05,0.007,0.342,1923,2019-05-21 00:30:00
1106980,1106980,5679,2019-05-21 00:45:00-05,0.007,0.315,1924,2019-05-21 00:45:00
1106981,1106981,5679,2019-05-21 01:00:00-05,0.007,0.36,1925,2019-05-21 01:00:00
1106982,1106982,5679,2019-05-21 01:15:00-05,0.007,0.321,1926,2019-05-21 01:15:00
1106983,1106983,5679,2019-05-21 01:30:00-05,0.007,0.416,1927,2019-05-21 01:30:00
1106984,1106984,5679,2019-05-21 01:45:00-05,0.007,0.403,1928,2019-05-21 01:45:00
1106985,1106985,5679,2019-05-21 02:00:00-05,0.007,0.449,1929,2019-05-21 02:00:00
1106986,1106986,5679,2019-05-21 02:15:00-05,0.007,0.4,1930,2019-05-21 02:15:00
1106987,1106987,5679,2019-05-21 02:30:00-05,0.007,0.445,1931,2019-05-21 02:30:00
1106988,1106988,5679,2019-05-21 02:45:00-05,0.008,0.202,1932,2019-05-21 02:45:00
1106989,1106989,5679,2019-05-21 03:00:00-05,0.008,0.233,1933,2019-05-21 03:00:00
1106990,1106990,5679,2019-05-21 03:15:00-05,0.008,0.185,1934,2019-05-21 03:15:00
1106991,1106991,5679,2019-05-21 03:30:00-05,0.008,0.24,1935,2019-05-21 03:30:00
1106992,1106992,5679,2019-05-21 03:45:00-05,0.008,0.169,1936,2019-05-21 03:45:00
1106993,1106993,5679,2019-05-21 04:00:00-05,0.008,0.223,1937,2019-05-21 04:00:00
1106994,1106994,5679,2019-05-21 04:15:00-05,0.008,0.236,1938,2019-05-21 04:15:00
1106995,1106995,5679,2019-05-21 04:30:00-05,0.009,0.388,1939,2019-05-21 04:30:00
1106996,1106996,5679,2019-05-21 04:45:00-05,0.023,0.649,1940,2019-05-21 04:45:00
1106997,1106997,5679,2019-05-21 05:00:00-05,0.063,0.872,1941,2019-05-21 05:00:00
1106998,1106998,5679,2019-05-21 05:15:00-05,0.107,0.456,1942,2019-05-21 05:15:00
1106999,1106999,5679,2019-05-21 05:30:00-05,0.114,0.819,1943,2019-05-21 05:30:00
1107000,1107000,5679,2019-05-21 05:45:00-05,0.12,1.294,1944,2019-05-21 05:45:00
1107001,1107001,5679,2019-05-21 06:00:00-05,0.148,5.312,1945,2019-05-21 06:00:00
1107002,1107002,5679,2019-05-21 06:15:00-05,0.174,4.04,1946,2019-05-21 06:15:00
1107003,1107003,5679,2019-05-21 06:30:00-05,0.222,2.776,1947,2019-05-21 06:30:00
1107004,1107004,5679,2019-05-21 06:45:00-05,0.649,1.06,1948,2019-05-21 06:45:00
1107005,1107005,5679,2019-05-21 07:00:00-05,0.462,0.104,1949,2019-05-21 07:00:00
1107006,1107006,5679,2019-05-21 07:15:00-05,0.462,0.142,1950,2019-05-21 07:15:00
1107007,1107007,5679,2019-05-21 07:30:00-05,0.67,-0.2,1951,2019-05-21 07:30:00
1107008,1107008,5679,2019-05-21 07:45:00-05,1.495,-1.047,1952,2019-05-21 07:45:00
1107009,1107009,5679,2019-05-21 08:00:00-05,2.08,-1.585,1953,2019-05-21 08:00:00
1107010,1107010,5679,2019-05-21 08:15:00-05,2.156,-1.722,1954,2019-05-21 08:15:00
1107011,1107011,5679,2019-05-21 08:30:00-05,2.359,-1.579,1955,2019-05-21 08:30:00
1107012,1107012,5679,2019-05-21 08:45:00-05,2.585,-2.138,1956,2019-05-21 08:45:00
1107013,1107013,5679,2019-05-21 09:00:00-05,2.295,-1.821,1957,2019-05-21 09:00:00
1107014,1107014,5679,2019-05-21 09:15:00-05,2.677,-2.37,1958,2019-05-21 09:15:00
1107015,1107015,5679,2019-05-21 09:30:00-05,2.751,-2.404,1959,2019-05-21 09:30:00
1107016,1107016,5679,2019-05-21 09:45:00-05,3.608,-3.249,1960,2019-05-21 09:45:00
1107017,1107017,5679,2019-05-21 10:00:00-05,2.239,-1.714,1961,2019-05-21 10:00:00
1107018,1107018,5679,2019-05-21 10:15:00-05,2.723,-2.408,1962,2019-05-21 10:15:00
1107019,1107019,5679,2019-05-21 10:30:00-05,3.659,-3.212,1963,2019-05-21 10:30:00
1107020,1107020,5679,2019-05-21 10:45:00-05,4.332,-3.88,1964,2019-05-21 10:45:00
1107021,1107021,5679,2019-05-21 11:00:00-05,4.296,-3.794,1965,2019-05-21 11:00:00
1107022,1107022,5679,2019-05-21 11:15:00-05,4.639,-4.358,1966,2019-05-21 11:15:00
1107023,1107023,5679,2019-05-21 11:30:00-05,4.674,-4.22,1967,2019-05-21 11:30:00
1107024,1107024,5679,2019-05-21 11:45:00-05,4.706,-3.652,1968,2019-05-21 11:45:00
1107025,1107025,5679,2019-05-21 12:00:00-05,4.739,-4.283,1969,2019-05-21 12:00:00
1107026,1107026,5679,2019-05-21 12:15:00-05,4.71,-4.422,1970,2019-05-21 12:15:00
1107027,1107027,5679,2019-05-21 12:30:00-05,4.553,-4.205,1971,2019-05-21 12:30:00
1107028,1107028,5679,2019-05-21 12:45:00-05,4.338,-3.905,1972,2019-05-21 12:45:00
1107029,1107029,5679,2019-05-21 13:00:00-05,4.154,2.513,1973,2019-05-21 13:00:00
1107030,1107030,5679,2019-05-21 13:15:00-05,3.93,3.589,1974,2019-05-21 13:15:00
1107031,1107031,5679,2019-05-21 13:30:00-05,3.533,3.889,1975,2019-05-21 13:30:00
1107032,1107032,5679,2019-05-21 13:45:00-05,3.128,4.527,1976,2019-05-21 13:45:00
1107033,1107033,5679,2019-05-21 14:00:00-05,2.687,7.441,1977,2019-05-21 14:00:00
1107034,1107034,5679,2019-05-21 14:15:00-05,2.347,8.546,1978,2019-05-21 14:15:00
1107035,1107035,5679,2019-05-21 14:30:00-05,1.996,4.402,1979,2019-05-21 14:30:00
1107036,1107036,5679,2019-05-21 14:45:00-05,1.617,-0.941,1980,2019-05-21 14:45:00
1107037,1107037,5679,2019-05-21 15:00:00-05,1.484,-0.829,1981,2019-05-21 15:00:00
1107038,1107038,5679,2019-05-21 15:15:00-05,1.061,-0.449,1982,2019-05-21 15:15:00
1107039,1107039,5679,2019-05-21 15:30:00-05,1.091,-0.333,1983,2019-05-21 15:30:00
1107040,1107040,5679,2019-05-21 15:45:00-05,0.707,3.664,1984,2019-05-21 15:45:00
1107041,1107041,5679,2019-05-21 16:00:00-05,0.48,1.328,1985,2019-05-21 16:00:00
1107042,1107042,5679,2019-05-21 16:15:00-05,0.329,0.579,1986,2019-05-21 16:15:00
1107043,1107043,5679,2019-05-21 16:30:00-05,0.354,0.163,1987,2019-05-21 16:30:00
1107044,1107044,5679,2019-05-21 16:45:00-05,0.413,0.138,1988,2019-05-21 16:45:00
1107045,1107045,5679,2019-05-21 17:00:00-05,0.314,0.401,1989,2019-05-21 17:00:00
1107046,1107046,5679,2019-05-21 17:15:00-05,0.263,0.292,1990,2019-05-21 17:15:00
1107047,1107047,5679,2019-05-21 17:30:00-05,0.22,0.279,1991,2019-05-21 17:30:00
1107048,1107048,5679,2019-05-21 17:45:00-05,0.196,0.232,1992,2019-05-21 17:45:00
1107049,1107049,5679,2019-05-21 18:00:00-05,0.162,0.42,1993,2019-05-21 18:00:00
1107050,1107050,5679,2019-05-21 18:15:00-05,0.138,0.345,1994,2019-05-21 18:15:00
1107051,1107051,5679,2019-05-21 18:30:00-05,0.102,0.261,1995,2019-05-21 18:30:00
1107052,1107052,5679,2019-05-21 18:45:00-05,0.044,0.463,1996,2019-05-21 18:45:00
1107053,1107053,5679,2019-05-21 19:00:00-05,0.024,0.475,1997,2019-05-21 19:00:00
1107054,1107054,5679,2019-05-21 19:15:00-05,0.01,0.493,1998,2019-05-21 19:15:00
1107055,1107055,5679,2019-05-21 19:30:00-05,0.006,0.512,1999,2019-05-21 19:30:00
1107056,1107056,5679,2019-05-21 19:45:00-05,0.006,0.497,2000,2019-05-21 19:45:00
1107057,1107057,5679,2019-05-21 20:00:00-05,0.006,0.584,2001,2019-05-21 20:00:00
1107058,1107058,5679,2019-05-21 20:15:00-05,0.007,0.469,2002,2019-05-21 20:15:00
1107059,1107059,5679,2019-05-21 20:30:00-05,0.007,0.521,2003,2019-05-21 20:30:00
1107060,1107060,5679,2019-05-21 20:45:00-05,0.007,0.501,2004,2019-05-21 20:45:00
1107061,1107061,5679,2019-05-21 21:00:00-05,0.007,0.461,2005,2019-05-21 21:00:00
1107062,1107062,5679,2019-05-21 21:15:00-05,0.007,0.334,2006,2019-05-21 21:15:00
1107063,1107063,5679,2019-05-21 21:30:00-05,0.007,0.334,2007,2019-05-21 21:30:00
1107064,1107064,5679,2019-05-21 21:45:00-05,0.007,0.283,2008,2019-05-21 21:45:00
1107065,1107065,5679,2019-05-21 22:00:00-05,0.007,0.291,2009,2019-05-21 22:00:00
1107066,1107066,5679,2019-05-21 22:15:00-05,0.007,0.4,2010,2019-05-21 22:15:00
1107067,1107067,5679,2019-05-21 22:30:00-05,0.007,0.346,2011,2019-05-21 22:30:00
1107068,1107068,5679,2019-05-21 22:45:00-05,0.007,0.396,2012,2019-05-21 22:45:00
1107069,1107069,5679,2019-05-21 23:00:00-05,0.007,0.285,2013,2019-05-21 23:00:00
1107070,1107070,5679,2019-05-21 23:15:00-05,0.007,0.308,2014,2019-05-21 23:15:00
1107071,1107071,5679,2019-05-21 23:30:00-05,0.008,0.166,2015,2019-05-21 23:30:00
1107072,1107072,5679,2019-05-21 23:45:00-05,0.008,0.253,2016,2019-05-21 23:45:00
1107073,1107073,5679,2019-05-22 00:00:00-05,0.008,0.287,2017,2019-05-22 00:00:00
1107074,1107074,5679,2019-05-22 00:15:00-05,0.008,0.339,2018,2019-05-22 00:15:00
1107075,1107075,5679,2019-05-22 00:30:00-05,0.008,0.279,2019,2019-05-22 00:30:00
1107076,1107076,5679,2019-05-22 00:45:00-05,0.008,0.363,2020,2019-05-22 00:45:00
1107077,1107077,5679,2019-05-22 01:00:00-05,0.008,0.485,2021,2019-05-22 01:00:00
1107078,1107078,5679,2019-05-22 01:15:00-05,0.008,0.515,2022,2019-05-22 01:15:00
1107079,1107079,5679,2019-05-22 01:30:00-05,0.008,0.411,2023,2019-05-22 01:30:00
1107080,1107080,5679,2019-05-22 01:45:00-05,0.008,0.292,2024,2019-05-22 01:45:00
1107081,1107081,5679,2019-05-22 02:00:00-05,0.008,0.312,2025,2019-05-22 02:00:00
1107082,1107082,5679,2019-05-22 02:15:00-05,0.008,0.208,2026,2019-05-22 02:15:00
1107083,1107083,5679,2019-05-22 02:30:00-05,0.008,0.214,2027,2019-05-22 02:30:00
1107084,1107084,5679,2019-05-22 02:45:00-05,0.008,0.164,2028,2019-05-22 02:45:00
1107085,1107085,5679,2019-05-22 03:00:00-05,0.008,0.223,2029,2019-05-22 03:00:00
1107086,1107086,5679,2019-05-22 03:15:00-05,0.008,0.164,2030,2019-05-22 03:15:00
1107087,1107087,5679,2019-05-22 03:30:00-05,0.007,0.704,2031,2019-05-22 03:30:00
1107088,1107088,5679,2019-05-22 03:45:00-05,0.008,0.4,2032,2019-05-22 03:45:00
1107089,1107089,5679,2019-05-22 04:00:00-05,0.007,0.615,2033,2019-05-22 04:00:00
1107090,1107090,5679,2019-05-22 04:15:00-05,0.008,0.465,2034,2019-05-22 04:15:00
1107091,1107091,5679,2019-05-22 04:30:00-05,0.011,0.442,2035,2019-05-22 04:30:00
1107092,1107092,5679,2019-05-22 04:45:00-05,0.032,1.127,2036,2019-05-22 04:45:00
1107093,1107093,5679,2019-05-22 05:00:00-05,0.072,0.738,2037,2019-05-22 05:00:00
1107094,1107094,5679,2019-05-22 05:15:00-05,0.108,0.712,2038,2019-05-22 05:15:00
1107095,1107095,5679,2019-05-22 05:30:00-05,0.139,0.489,2039,2019-05-22 05:30:00
1107096,1107096,5679,2019-05-22 05:45:00-05,0.193,0.86,2040,2019-05-22 05:45:00
1107097,1107097,5679,2019-05-22 06:00:00-05,0.254,0.377,2041,2019-05-22 06:00:00
1107098,1107098,5679,2019-05-22 06:15:00-05,0.3,1.121,2042,2019-05-22 06:15:00
1107099,1107099,5679,2019-05-22 06:30:00-05,0.369,1.285,2043,2019-05-22 06:30:00
1107100,1107100,5679,2019-05-22 06:45:00-05,0.486,1.136,2044,2019-05-22 06:45:00
1107101,1107101,5679,2019-05-22 07:00:00-05,0.654,1.468,2045,2019-05-22 07:00:00
1107102,1107102,5679,2019-05-22 07:15:00-05,0.711,0.029,2046,2019-05-22 07:15:00
1107103,1107103,5679,2019-05-22 07:30:00-05,0.903,-0.171,2047,2019-05-22 07:30:00
1107104,1107104,5679,2019-05-22 07:45:00-05,1.188,-0.719,2048,2019-05-22 07:45:00
1107105,1107105,5679,2019-05-22 08:00:00-05,1.774,-1.375,2049,2019-05-22 08:00:00
1107106,1107106,5679,2019-05-22 08:15:00-05,1.939,-1.509,2050,2019-05-22 08:15:00
1107107,1107107,5679,2019-05-22 08:30:00-05,2.086,-1.691,2051,2019-05-22 08:30:00
1107108,1107108,5679,2019-05-22 08:45:00-05,2.631,-2.28,2052,2019-05-22 08:45:00
1107109,1107109,5679,2019-05-22 09:00:00-05,2.85,-2.25,2053,2019-05-22 09:00:00
1107110,1107110,5679,2019-05-22 09:15:00-05,3.16,-2.823,2054,2019-05-22 09:15:00
1107111,1107111,5679,2019-05-22 09:30:00-05,3.413,-3.048,2055,2019-05-22 09:30:00
1107112,1107112,5679,2019-05-22 09:45:00-05,3.636,-3.431,2056,2019-05-22 09:45:00
1107113,1107113,5679,2019-05-22 10:00:00-05,3.705,-3.527,2057,2019-05-22 10:00:00
1107114,1107114,5679,2019-05-22 10:15:00-05,2.696,-2.468,2058,2019-05-22 10:15:00
1107115,1107115,5679,2019-05-22 10:30:00-05,2.669,-2.338,2059,2019-05-22 10:30:00
1107116,1107116,5679,2019-05-22 10:45:00-05,2.567,-1.662,2060,2019-05-22 10:45:00
1107117,1107117,5679,2019-05-22 11:00:00-05,4.381,-3.994,2061,2019-05-22 11:00:00
1107118,1107118,5679,2019-05-22 11:15:00-05,3.499,-2.801,2062,2019-05-22 11:15:00
1107119,1107119,5679,2019-05-22 11:30:00-05,3.407,-2.65,2063,2019-05-22 11:30:00
1107120,1107120,5679,2019-05-22 11:45:00-05,2.662,-2.069,2064,2019-05-22 11:45:00
1107121,1107121,5679,2019-05-22 12:00:00-05,3.517,-3.139,2065,2019-05-22 12:00:00
1107122,1107122,5679,2019-05-22 12:15:00-05,3.973,-3.517,2066,2019-05-22 12:15:00
1107123,1107123,5679,2019-05-22 12:30:00-05,4.247,-3.924,2067,2019-05-22 12:30:00
1107124,1107124,5679,2019-05-22 12:45:00-05,4.068,-3.716,2068,2019-05-22 12:45:00
1107125,1107125,5679,2019-05-22 13:00:00-05,4.075,-3.774,2069,2019-05-22 13:00:00
1107126,1107126,5679,2019-05-22 13:15:00-05,3.117,-2.913,2070,2019-05-22 13:15:00
1107127,1107127,5679,2019-05-22 13:30:00-05,3.45,-3.28,2071,2019-05-22 13:30:00
1107128,1107128,5679,2019-05-22 13:45:00-05,2.819,-2.646,2072,2019-05-22 13:45:00
1107129,1107129,5679,2019-05-22 14:00:00-05,2.556,-2.126,2073,2019-05-22 14:00:00
1107130,1107130,5679,2019-05-22 14:15:00-05,1.952,-1.074,2074,2019-05-22 14:15:00
1107131,1107131,5679,2019-05-22 14:30:00-05,1.803,-1.216,2075,2019-05-22 14:30:00
1107132,1107132,5679,2019-05-22 14:45:00-05,1.247,-0.631,2076,2019-05-22 14:45:00
1107133,1107133,5679,2019-05-22 15:00:00-05,0.832,-0.176,2077,2019-05-22 15:00:00
1107134,1107134,5679,2019-05-22 15:15:00-05,0.427,0.315,2078,2019-05-22 15:15:00
1107135,1107135,5679,2019-05-22 15:30:00-05,0.522,0.294,2079,2019-05-22 15:30:00
1107136,1107136,5679,2019-05-22 15:45:00-05,0.548,0.497,2080,2019-05-22 15:45:00
1107137,1107137,5679,2019-05-22 16:00:00-05,0.504,0.484,2081,2019-05-22 16:00:00
1107138,1107138,5679,2019-05-22 16:15:00-05,0.936,0.231,2082,2019-05-22 16:15:00
1107139,1107139,5679,2019-05-22 16:30:00-05,0.889,-0.07,2083,2019-05-22 16:30:00
1107140,1107140,5679,2019-05-22 16:45:00-05,0.644,-0.193,2084,2019-05-22 16:45:00
1107141,1107141,5679,2019-05-22 17:00:00-05,0.607,-0.034,2085,2019-05-22 17:00:00
1107142,1107142,5679,2019-05-22 17:15:00-05,0.448,0.121,2086,2019-05-22 17:15:00
1107143,1107143,5679,2019-05-22 17:30:00-05,0.453,0.195,2087,2019-05-22 17:30:00
1107144,1107144,5679,2019-05-22 17:45:00-05,0.358,0.823,2088,2019-05-22 17:45:00
1107145,1107145,5679,2019-05-22 18:00:00-05,0.314,1.016,2089,2019-05-22 18:00:00
1107146,1107146,5679,2019-05-22 18:15:00-05,0.164,0.895,2090,2019-05-22 18:15:00
1107147,1107147,5679,2019-05-22 18:30:00-05,0.101,0.981,2091,2019-05-22 18:30:00
1107148,1107148,5679,2019-05-22 18:45:00-05,0.044,0.939,2092,2019-05-22 18:45:00
1107149,1107149,5679,2019-05-22 19:00:00-05,0.012,0.361,2093,2019-05-22 19:00:00
1107150,1107150,5679,2019-05-22 19:15:00-05,0.007,0.471,2094,2019-05-22 19:15:00
1107151,1107151,5679,2019-05-22 19:30:00-05,0.007,0.489,2095,2019-05-22 19:30:00
1107152,1107152,5679,2019-05-22 19:45:00-05,0.007,0.391,2096,2019-05-22 19:45:00
1107153,1107153,5679,2019-05-22 20:00:00-05,0.007,0.359,2097,2019-05-22 20:00:00
1107154,1107154,5679,2019-05-22 20:15:00-05,0.007,0.412,2098,2019-05-22 20:15:00
1107155,1107155,5679,2019-05-22 20:30:00-05,0.007,0.436,2099,2019-05-22 20:30:00
1107156,1107156,5679,2019-05-22 20:45:00-05,0.007,0.319,2100,2019-05-22 20:45:00
1107157,1107157,5679,2019-05-22 21:00:00-05,0.007,0.286,2101,2019-05-22 21:00:00
1107158,1107158,5679,2019-05-22 21:15:00-05,0.007,0.307,2102,2019-05-22 21:15:00
1107159,1107159,5679,2019-05-22 21:30:00-05,0.007,0.236,2103,2019-05-22 21:30:00
1107160,1107160,5679,2019-05-22 21:45:00-05,0.007,0.277,2104,2019-05-22 21:45:00
1107161,1107161,5679,2019-05-22 22:00:00-05,0.007,0.178,2105,2019-05-22 22:00:00
1107162,1107162,5679,2019-05-22 22:15:00-05,0.007,0.25,2106,2019-05-22 22:15:00
1107163,1107163,5679,2019-05-22 22:30:00-05,0.007,0.292,2107,2019-05-22 22:30:00
1107164,1107164,5679,2019-05-22 22:45:00-05,0.007,0.455,2108,2019-05-22 22:45:00
1107165,1107165,5679,2019-05-22 23:00:00-05,0.007,0.404,2109,2019-05-22 23:00:00
1107166,1107166,5679,2019-05-22 23:15:00-05,0.007,0.442,2110,2019-05-22 23:15:00
1107167,1107167,5679,2019-05-22 23:30:00-05,0.007,0.411,2111,2019-05-22 23:30:00
1107168,1107168,5679,2019-05-22 23:45:00-05,0.007,0.502,2112,2019-05-22 23:45:00
1107169,1107169,5679,2019-05-23 00:00:00-05,0.007,0.426,2113,2019-05-23 00:00:00
1107170,1107170,5679,2019-05-23 00:15:00-05,0.007,0.358,2114,2019-05-23 00:15:00
1107171,1107171,5679,2019-05-23 00:30:00-05,0.007,0.293,2115,2019-05-23 00:30:00
1107172,1107172,5679,2019-05-23 00:45:00-05,0.007,0.188,2116,2019-05-23 00:45:00
1107173,1107173,5679,2019-05-23 01:00:00-05,0.007,0.226,2117,2019-05-23 01:00:00
1107174,1107174,5679,2019-05-23 01:15:00-05,0.007,0.178,2118,2019-05-23 01:15:00
1107175,1107175,5679,2019-05-23 01:30:00-05,0.007,0.249,2119,2019-05-23 01:30:00
1107176,1107176,5679,2019-05-23 01:45:00-05,0.007,0.289,2120,2019-05-23 01:45:00
1107177,1107177,5679,2019-05-23 02:00:00-05,0.007,0.343,2121,2019-05-23 02:00:00
1107178,1107178,5679,2019-05-23 02:15:00-05,0.007,0.283,2122,2019-05-23 02:15:00
1107179,1107179,5679,2019-05-23 02:30:00-05,0.007,0.349,2123,2019-05-23 02:30:00
1107180,1107180,5679,2019-05-23 02:45:00-05,0.007,0.296,2124,2019-05-23 02:45:00
1107181,1107181,5679,2019-05-23 03:00:00-05,0.007,0.302,2125,2019-05-23 03:00:00
1107182,1107182,5679,2019-05-23 03:15:00-05,0.008,0.184,2126,2019-05-23 03:15:00
1107183,1107183,5679,2019-05-23 03:30:00-05,0.008,0.233,2127,2019-05-23 03:30:00
1107184,1107184,5679,2019-05-23 03:45:00-05,0.008,0.243,2128,2019-05-23 03:45:00
1107185,1107185,5679,2019-05-23 04:00:00-05,0.008,0.335,2129,2019-05-23 04:00:00
1107186,1107186,5679,2019-05-23 04:15:00-05,0.007,0.785,2130,2019-05-23 04:15:00
1107187,1107187,5679,2019-05-23 04:30:00-05,0.008,0.55,2131,2019-05-23 04:30:00
1107188,1107188,5679,2019-05-23 04:45:00-05,0.025,0.466,2132,2019-05-23 04:45:00
1107189,1107189,5679,2019-05-23 05:00:00-05,0.068,0.908,2133,2019-05-23 05:00:00
1107190,1107190,5679,2019-05-23 05:15:00-05,0.1,0.348,2134,2019-05-23 05:15:00
1107191,1107191,5679,2019-05-23 05:30:00-05,0.098,0.41,2135,2019-05-23 05:30:00
1107192,1107192,5679,2019-05-23 05:45:00-05,0.141,0.438,2136,2019-05-23 05:45:00
1107193,1107193,5679,2019-05-23 06:00:00-05,0.219,0.174,2137,2019-05-23 06:00:00
1107194,1107194,5679,2019-05-23 06:15:00-05,0.325,0.093,2138,2019-05-23 06:15:00
1107195,1107195,5679,2019-05-23 06:30:00-05,0.389,-0.147,2139,2019-05-23 06:30:00
1107196,1107196,5679,2019-05-23 06:45:00-05,0.402,-0.15,2140,2019-05-23 06:45:00
1107197,1107197,5679,2019-05-23 07:00:00-05,0.861,-0.677,2141,2019-05-23 07:00:00
1107198,1107198,5679,2019-05-23 07:15:00-05,0.698,-0.376,2142,2019-05-23 07:15:00
1107199,1107199,5679,2019-05-23 07:30:00-05,0.28,0.457,2143,2019-05-23 07:30:00
1107200,1107200,5679,2019-05-23 07:45:00-05,1.06,-0.641,2144,2019-05-23 07:45:00
1107201,1107201,5679,2019-05-23 08:00:00-05,1.825,-1.235,2145,2019-05-23 08:00:00
1107202,1107202,5679,2019-05-23 08:15:00-05,2.06,-1.492,2146,2019-05-23 08:15:00
1107203,1107203,5679,2019-05-23 08:30:00-05,1.982,-1.519,2147,2019-05-23 08:30:00
1107204,1107204,5679,2019-05-23 08:45:00-05,2.009,-1.68,2148,2019-05-23 08:45:00
1107205,1107205,5679,2019-05-23 09:00:00-05,1.182,-0.848,2149,2019-05-23 09:00:00
1107206,1107206,5679,2019-05-23 09:15:00-05,2.408,-2.145,2150,2019-05-23 09:15:00
1107207,1107207,5679,2019-05-23 09:30:00-05,1.607,-1.298,2151,2019-05-23 09:30:00
1107208,1107208,5679,2019-05-23 09:45:00-05,1.696,-1.536,2152,2019-05-23 09:45:00
1107209,1107209,5679,2019-05-23 10:00:00-05,1.761,-1.545,2153,2019-05-23 10:00:00
1107210,1107210,5679,2019-05-23 10:15:00-05,1.16,-0.812,2154,2019-05-23 10:15:00
1107211,1107211,5679,2019-05-23 10:30:00-05,1.237,-0.855,2155,2019-05-23 10:30:00
1107212,1107212,5679,2019-05-23 10:45:00-05,1.791,-1.085,2156,2019-05-23 10:45:00
1107213,1107213,5679,2019-05-23 11:00:00-05,2.155,-1.282,2157,2019-05-23 11:00:00
1107214,1107214,5679,2019-05-23 11:15:00-05,1.623,-1.193,2158,2019-05-23 11:15:00
1107215,1107215,5679,2019-05-23 11:30:00-05,0.875,-0.431,2159,2019-05-23 11:30:00
1107216,1107216,5679,2019-05-23 11:45:00-05,0.473,0.012,2160,2019-05-23 11:45:00
1107217,1107217,5679,2019-05-23 12:00:00-05,0.869,-0.441,2161,2019-05-23 12:00:00
1107218,1107218,5679,2019-05-23 12:15:00-05,0.814,-0.464,2162,2019-05-23 12:15:00
1107219,1107219,5679,2019-05-23 12:30:00-05,1.057,-0.519,2163,2019-05-23 12:30:00
1107220,1107220,5679,2019-05-23 12:45:00-05,1.297,-0.944,2164,2019-05-23 12:45:00
1107221,1107221,5679,2019-05-23 13:00:00-05,1.488,-1.157,2165,2019-05-23 13:00:00
1107222,1107222,5679,2019-05-23 13:15:00-05,1.103,-0.816,2166,2019-05-23 13:15:00
1107223,1107223,5679,2019-05-23 13:30:00-05,2.045,-1.66,2167,2019-05-23 13:30:00
1107224,1107224,5679,2019-05-23 13:45:00-05,2.289,-1.597,2168,2019-05-23 13:45:00
1107225,1107225,5679,2019-05-23 14:00:00-05,2.052,-1.364,2169,2019-05-23 14:00:00
1107226,1107226,5679,2019-05-23 14:15:00-05,2.626,-2.233,2170,2019-05-23 14:15:00
1107227,1107227,5679,2019-05-23 14:30:00-05,2.172,-1.716,2171,2019-05-23 14:30:00
1107228,1107228,5679,2019-05-23 14:45:00-05,1.248,-0.945,2172,2019-05-23 14:45:00
1107229,1107229,5679,2019-05-23 15:00:00-05,1.306,-0.962,2173,2019-05-23 15:00:00
1107230,1107230,5679,2019-05-23 15:15:00-05,1.105,-0.923,2174,2019-05-23 15:15:00
1107231,1107231,5679,2019-05-23 15:30:00-05,0.844,-0.607,2175,2019-05-23 15:30:00
1107232,1107232,5679,2019-05-23 15:45:00-05,0.928,-0.751,2176,2019-05-23 15:45:00
1107233,1107233,5679,2019-05-23 16:00:00-05,0.718,-0.478,2177,2019-05-23 16:00:00
1107234,1107234,5679,2019-05-23 16:15:00-05,0.673,-0.379,2178,2019-05-23 16:15:00
1107235,1107235,5679,2019-05-23 16:30:00-05,0.612,-0.193,2179,2019-05-23 16:30:00
1107236,1107236,5679,2019-05-23 16:45:00-05,0.629,-0.41,2180,2019-05-23 16:45:00
1107237,1107237,5679,2019-05-23 17:00:00-05,0.529,-0.221,2181,2019-05-23 17:00:00
1107238,1107238,5679,2019-05-23 17:15:00-05,0.605,-0.289,2182,2019-05-23 17:15:00
1107239,1107239,5679,2019-05-23 17:30:00-05,0.419,-0.123,2183,2019-05-23 17:30:00
1107240,1107240,5679,2019-05-23 17:45:00-05,0.331,-0.009,2184,2019-05-23 17:45:00
1107241,1107241,5679,2019-05-23 18:00:00-05,0.26,0.215,2185,2019-05-23 18:00:00
1107242,1107242,5679,2019-05-23 18:15:00-05,0.184,0.569,2186,2019-05-23 18:15:00
1107243,1107243,5679,2019-05-23 18:30:00-05,0.12,0.277,2187,2019-05-23 18:30:00
1107244,1107244,5679,2019-05-23 18:45:00-05,0.064,3.65,2188,2019-05-23 18:45:00
1107245,1107245,5679,2019-05-23 19:00:00-05,0.029,7.086,2189,2019-05-23 19:00:00
1107246,1107246,5679,2019-05-23 19:15:00-05,0.004,7.389,2190,2019-05-23 19:15:00
1107247,1107247,5679,2019-05-23 19:30:00-05,-0.001,7.305,2191,2019-05-23 19:30:00
1107248,1107248,5679,2019-05-23 19:45:00-05,-0.001,7.32,2192,2019-05-23 19:45:00
1107249,1107249,5679,2019-05-23 20:00:00-05,0.002,4.508,2193,2019-05-23 20:00:00
1107250,1107250,5679,2019-05-23 20:15:00-05,0.005,0.724,2194,2019-05-23 20:15:00
1107251,1107251,5679,2019-05-23 20:30:00-05,0.005,0.821,2195,2019-05-23 20:30:00
1107252,1107252,5679,2019-05-23 20:45:00-05,0.006,0.631,2196,2019-05-23 20:45:00
1107253,1107253,5679,2019-05-23 21:00:00-05,0.006,0.607,2197,2019-05-23 21:00:00
1107254,1107254,5679,2019-05-23 21:15:00-05,0.006,0.496,2198,2019-05-23 21:15:00
1107255,1107255,5679,2019-05-23 21:30:00-05,0.007,0.33,2199,2019-05-23 21:30:00
1107256,1107256,5679,2019-05-23 21:45:00-05,0.007,0.247,2200,2019-05-23 21:45:00
1107257,1107257,5679,2019-05-23 22:00:00-05,0.007,0.183,2201,2019-05-23 22:00:00
1107258,1107258,5679,2019-05-23 22:15:00-05,0.007,0.217,2202,2019-05-23 22:15:00
1107259,1107259,5679,2019-05-23 22:30:00-05,0.007,0.253,2203,2019-05-23 22:30:00
1107260,1107260,5679,2019-05-23 22:45:00-05,0.007,0.309,2204,2019-05-23 22:45:00
1107261,1107261,5679,2019-05-23 23:00:00-05,0.007,0.333,2205,2019-05-23 23:00:00
1107262,1107262,5679,2019-05-23 23:15:00-05,0.007,0.301,2206,2019-05-23 23:15:00
1107263,1107263,5679,2019-05-23 23:30:00-05,0.007,0.32,2207,2019-05-23 23:30:00
1107264,1107264,5679,2019-05-23 23:45:00-05,0.007,0.188,2208,2019-05-23 23:45:00
1107265,1107265,5679,2019-05-24 00:00:00-05,0.007,0.237,2209,2019-05-24 00:00:00
1107266,1107266,5679,2019-05-24 00:15:00-05,0.007,0.18,2210,2019-05-24 00:15:00
1107267,1107267,5679,2019-05-24 00:30:00-05,0.007,0.239,2211,2019-05-24 00:30:00
1107268,1107268,5679,2019-05-24 00:45:00-05,0.007,0.181,2212,2019-05-24 00:45:00
1107269,1107269,5679,2019-05-24 01:00:00-05,0.007,0.321,2213,2019-05-24 01:00:00
1107270,1107270,5679,2019-05-24 01:15:00-05,0.007,0.406,2214,2019-05-24 01:15:00
1107271,1107271,5679,2019-05-24 01:30:00-05,0.007,0.583,2215,2019-05-24 01:30:00
1107272,1107272,5679,2019-05-24 01:45:00-05,0.007,0.561,2216,2019-05-24 01:45:00
1107273,1107273,5679,2019-05-24 02:00:00-05,0.007,0.364,2217,2019-05-24 02:00:00
1107274,1107274,5679,2019-05-24 02:15:00-05,0.007,0.371,2218,2019-05-24 02:15:00
1107275,1107275,5679,2019-05-24 02:30:00-05,0.007,0.234,2219,2019-05-24 02:30:00
1107276,1107276,5679,2019-05-24 02:45:00-05,0.007,0.278,2220,2019-05-24 02:45:00
1107277,1107277,5679,2019-05-24 03:00:00-05,0.007,0.323,2221,2019-05-24 03:00:00
1107278,1107278,5679,2019-05-24 03:15:00-05,0.007,0.213,2222,2019-05-24 03:15:00
1107279,1107279,5679,2019-05-24 03:30:00-05,0.007,0.342,2223,2019-05-24 03:30:00
1107280,1107280,5679,2019-05-24 03:45:00-05,0.007,0.308,2224,2019-05-24 03:45:00
1107281,1107281,5679,2019-05-24 04:00:00-05,0.006,0.863,2225,2019-05-24 04:00:00
1107282,1107282,5679,2019-05-24 04:15:00-05,0.007,0.489,2226,2019-05-24 04:15:00
1107283,1107283,5679,2019-05-24 04:30:00-05,0.009,0.328,2227,2019-05-24 04:30:00
1107284,1107284,5679,2019-05-24 04:45:00-05,0.027,0.653,2228,2019-05-24 04:45:00
1107285,1107285,5679,2019-05-24 05:00:00-05,0.072,0.301,2229,2019-05-24 05:00:00
1107286,1107286,5679,2019-05-24 05:15:00-05,0.165,0.321,2230,2019-05-24 05:15:00
1107287,1107287,5679,2019-05-24 05:30:00-05,0.171,0.161,2231,2019-05-24 05:30:00
1107288,1107288,5679,2019-05-24 05:45:00-05,0.208,0.197,2232,2019-05-24 05:45:00
1107289,1107289,5679,2019-05-24 06:00:00-05,0.209,0.092,2233,2019-05-24 06:00:00
1107290,1107290,5679,2019-05-24 06:15:00-05,0.219,0.164,2234,2019-05-24 06:15:00
1107291,1107291,5679,2019-05-24 06:30:00-05,0.206,0.069,2235,2019-05-24 06:30:00
1107292,1107292,5679,2019-05-24 06:45:00-05,0.368,-0.053,2236,2019-05-24 06:45:00
1107293,1107293,5679,2019-05-24 07:00:00-05,0.492,0.382,2237,2019-05-24 07:00:00
1107294,1107294,5679,2019-05-24 07:15:00-05,0.586,-0.181,2238,2019-05-24 07:15:00
1107295,1107295,5679,2019-05-24 07:30:00-05,0.768,-0.448,2239,2019-05-24 07:30:00
1107296,1107296,5679,2019-05-24 07:45:00-05,0.555,-0.155,2240,2019-05-24 07:45:00
1107297,1107297,5679,2019-05-24 08:00:00-05,0.4,0.101,2241,2019-05-24 08:00:00
1107298,1107298,5679,2019-05-24 08:15:00-05,0.552,0.026,2242,2019-05-24 08:15:00
1107299,1107299,5679,2019-05-24 08:30:00-05,0.664,-0.142,2243,2019-05-24 08:30:00
1107300,1107300,5679,2019-05-24 08:45:00-05,0.829,-0.335,2244,2019-05-24 08:45:00
1107301,1107301,5679,2019-05-24 09:00:00-05,0.616,-0.152,2245,2019-05-24 09:00:00
1107302,1107302,5679,2019-05-24 09:15:00-05,0.447,-0.008,2246,2019-05-24 09:15:00
1107303,1107303,5679,2019-05-24 09:30:00-05,0.408,0.404,2247,2019-05-24 09:30:00
1107304,1107304,5679,2019-05-24 09:45:00-05,0.394,-0.004,2248,2019-05-24 09:45:00
1107305,1107305,5679,2019-05-24 10:00:00-05,0.355,0.318,2249,2019-05-24 10:00:00
1107306,1107306,5679,2019-05-24 10:15:00-05,0.327,0.192,2250,2019-05-24 10:15:00
1107307,1107307,5679,2019-05-24 10:30:00-05,0.346,-0.026,2251,2019-05-24 10:30:00
1107308,1107308,5679,2019-05-24 10:45:00-05,0.357,0.003,2252,2019-05-24 10:45:00
1107309,1107309,5679,2019-05-24 11:00:00-05,0.592,-0.141,2253,2019-05-24 11:00:00
1107310,1107310,5679,2019-05-24 11:15:00-05,0.755,-0.229,2254,2019-05-24 11:15:00
1107311,1107311,5679,2019-05-24 11:30:00-05,1.173,-0.749,2255,2019-05-24 11:30:00
1107312,1107312,5679,2019-05-24 11:45:00-05,1.309,-0.842,2256,2019-05-24 11:45:00
1107313,1107313,5679,2019-05-24 12:00:00-05,1.337,-0.919,2257,2019-05-24 12:00:00
1107314,1107314,5679,2019-05-24 12:15:00-05,2.311,-1.854,2258,2019-05-24 12:15:00
1107315,1107315,5679,2019-05-24 12:30:00-05,1.404,-0.923,2259,2019-05-24 12:30:00
1107316,1107316,5679,2019-05-24 12:45:00-05,1.564,-0.907,2260,2019-05-24 12:45:00
1107317,1107317,5679,2019-05-24 13:00:00-05,1.808,-0.806,2261,2019-05-24 13:00:00
1107318,1107318,5679,2019-05-24 13:15:00-05,2.192,-1.619,2262,2019-05-24 13:15:00
1107319,1107319,5679,2019-05-24 13:30:00-05,1.439,-0.866,2263,2019-05-24 13:30:00
1107320,1107320,5679,2019-05-24 13:45:00-05,1.767,-1.519,2264,2019-05-24 13:45:00
1107321,1107321,5679,2019-05-24 14:00:00-05,2.327,-2.04,2265,2019-05-24 14:00:00
1107322,1107322,5679,2019-05-24 14:15:00-05,2.404,-1.624,2266,2019-05-24 14:15:00
1107323,1107323,5679,2019-05-24 14:30:00-05,2.514,-1.83,2267,2019-05-24 14:30:00
1107324,1107324,5679,2019-05-24 14:45:00-05,2.018,-1.562,2268,2019-05-24 14:45:00
1107325,1107325,5679,2019-05-24 15:00:00-05,1.777,0.169,2269,2019-05-24 15:00:00
1107326,1107326,5679,2019-05-24 15:15:00-05,1.333,6.107,2270,2019-05-24 15:15:00
1107327,1107327,5679,2019-05-24 15:30:00-05,1.216,6.214,2271,2019-05-24 15:30:00
1107328,1107328,5679,2019-05-24 15:45:00-05,0.864,6.53,2272,2019-05-24 15:45:00
1107329,1107329,5679,2019-05-24 16:00:00-05,0.816,5.892,2273,2019-05-24 16:00:00
1107330,1107330,5679,2019-05-24 16:15:00-05,0.623,0.431,2274,2019-05-24 16:15:00
1107331,1107331,5679,2019-05-24 16:30:00-05,0.76,-0.254,2275,2019-05-24 16:30:00
1107332,1107332,5679,2019-05-24 16:45:00-05,0.769,-0.284,2276,2019-05-24 16:45:00
1107333,1107333,5679,2019-05-24 17:00:00-05,0.654,0.071,2277,2019-05-24 17:00:00
1107334,1107334,5679,2019-05-24 17:15:00-05,0.611,-0.147,2278,2019-05-24 17:15:00
1107335,1107335,5679,2019-05-24 17:30:00-05,0.546,0.055,2279,2019-05-24 17:30:00
1107336,1107336,5679,2019-05-24 17:45:00-05,0.338,0.218,2280,2019-05-24 17:45:00
1107337,1107337,5679,2019-05-24 18:00:00-05,0.289,0.229,2281,2019-05-24 18:00:00
1107338,1107338,5679,2019-05-24 18:15:00-05,0.177,0.254,2282,2019-05-24 18:15:00
1107339,1107339,5679,2019-05-24 18:30:00-05,0.141,0.281,2283,2019-05-24 18:30:00
1107340,1107340,5679,2019-05-24 18:45:00-05,0.102,0.569,2284,2019-05-24 18:45:00
1107341,1107341,5679,2019-05-24 19:00:00-05,0.045,0.511,2285,2019-05-24 19:00:00
1107342,1107342,5679,2019-05-24 19:15:00-05,0.014,0.47,2286,2019-05-24 19:15:00
1107343,1107343,5679,2019-05-24 19:30:00-05,0.007,0.446,2287,2019-05-24 19:30:00
1107344,1107344,5679,2019-05-24 19:45:00-05,0.007,0.552,2288,2019-05-24 19:45:00
1107345,1107345,5679,2019-05-24 20:00:00-05,0.007,0.613,2289,2019-05-24 20:00:00
1107346,1107346,5679,2019-05-24 20:15:00-05,0.007,0.473,2290,2019-05-24 20:15:00
1107347,1107347,5679,2019-05-24 20:30:00-05,0.007,0.49,2291,2019-05-24 20:30:00
1107348,1107348,5679,2019-05-24 20:45:00-05,0.007,0.555,2292,2019-05-24 20:45:00
1107349,1107349,5679,2019-05-24 21:00:00-05,0.007,0.572,2293,2019-05-24 21:00:00
1107350,1107350,5679,2019-05-24 21:15:00-05,0.007,0.462,2294,2019-05-24 21:15:00
1107351,1107351,5679,2019-05-24 21:30:00-05,0.007,0.528,2295,2019-05-24 21:30:00
1107352,1107352,5679,2019-05-24 21:45:00-05,0.007,0.27,2296,2019-05-24 21:45:00
1107353,1107353,5679,2019-05-24 22:00:00-05,0.007,0.231,2297,2019-05-24 22:00:00
1107354,1107354,5679,2019-05-24 22:15:00-05,0.008,0.163,2298,2019-05-24 22:15:00
1107355,1107355,5679,2019-05-24 22:30:00-05,0.007,0.216,2299,2019-05-24 22:30:00
1107356,1107356,5679,2019-05-24 22:45:00-05,0.008,0.16,2300,2019-05-24 22:45:00
1107357,1107357,5679,2019-05-24 23:00:00-05,0.007,0.265,2301,2019-05-24 23:00:00
1107358,1107358,5679,2019-05-24 23:15:00-05,0.007,0.271,2302,2019-05-24 23:15:00
1107359,1107359,5679,2019-05-24 23:30:00-05,0.007,0.323,2303,2019-05-24 23:30:00
1107360,1107360,5679,2019-05-24 23:45:00-05,0.008,0.27,2304,2019-05-24 23:45:00
1107361,1107361,5679,2019-05-25 00:00:00-05,0.008,0.299,2305,2019-05-25 00:00:00
1107362,1107362,5679,2019-05-25 00:15:00-05,0.008,0.16,2306,2019-05-25 00:15:00
1107363,1107363,5679,2019-05-25 00:30:00-05,0.008,0.245,2307,2019-05-25 00:30:00
1107364,1107364,5679,2019-05-25 00:45:00-05,0.008,0.273,2308,2019-05-25 00:45:00
1107365,1107365,5679,2019-05-25 01:00:00-05,0.008,0.376,2309,2019-05-25 01:00:00
1107366,1107366,5679,2019-05-25 01:15:00-05,0.008,0.275,2310,2019-05-25 01:15:00
1107367,1107367,5679,2019-05-25 01:30:00-05,0.008,0.412,2311,2019-05-25 01:30:00
1107368,1107368,5679,2019-05-25 01:45:00-05,0.008,0.382,2312,2019-05-25 01:45:00
1107369,1107369,5679,2019-05-25 02:00:00-05,0.008,0.432,2313,2019-05-25 02:00:00
1107370,1107370,5679,2019-05-25 02:15:00-05,0.008,0.38,2314,2019-05-25 02:15:00
1107371,1107371,5679,2019-05-25 02:30:00-05,0.008,0.392,2315,2019-05-25 02:30:00
1107372,1107372,5679,2019-05-25 02:45:00-05,0.008,0.269,2316,2019-05-25 02:45:00
1107373,1107373,5679,2019-05-25 03:00:00-05,0.008,0.324,2317,2019-05-25 03:00:00
1107374,1107374,5679,2019-05-25 03:15:00-05,0.007,0.997,2318,2019-05-25 03:15:00
1107375,1107375,5679,2019-05-25 03:30:00-05,0.008,0.693,2319,2019-05-25 03:30:00
1107376,1107376,5679,2019-05-25 03:45:00-05,0.008,0.511,2320,2019-05-25 03:45:00
1107377,1107377,5679,2019-05-25 04:00:00-05,0.007,1.088,2321,2019-05-25 04:00:00
1107378,1107378,5679,2019-05-25 04:15:00-05,0.006,1.869,2322,2019-05-25 04:15:00
1107379,1107379,5679,2019-05-25 04:30:00-05,0.012,1.6,2323,2019-05-25 04:30:00
1107380,1107380,5679,2019-05-25 04:45:00-05,0.045,1.628,2324,2019-05-25 04:45:00
1107381,1107381,5679,2019-05-25 05:00:00-05,0.088,1.782,2325,2019-05-25 05:00:00
1107382,1107382,5679,2019-05-25 05:15:00-05,0.211,1.302,2326,2019-05-25 05:15:00
1107383,1107383,5679,2019-05-25 05:30:00-05,0.212,5.697,2327,2019-05-25 05:30:00
1107384,1107384,5679,2019-05-25 05:45:00-05,0.213,4.875,2328,2019-05-25 05:45:00
1107385,1107385,5679,2019-05-25 06:00:00-05,0.369,2.881,2329,2019-05-25 06:00:00
1107386,1107386,5679,2019-05-25 06:15:00-05,0.397,1.547,2330,2019-05-25 06:15:00
1107387,1107387,5679,2019-05-25 06:30:00-05,0.382,4.757,2331,2019-05-25 06:30:00
1107388,1107388,5679,2019-05-25 06:45:00-05,0.627,4.877,2332,2019-05-25 06:45:00
1107389,1107389,5679,2019-05-25 07:00:00-05,0.924,3.276,2333,2019-05-25 07:00:00
1107390,1107390,5679,2019-05-25 07:15:00-05,0.863,0.052,2334,2019-05-25 07:15:00
1107391,1107391,5679,2019-05-25 07:30:00-05,0.899,-0.398,2335,2019-05-25 07:30:00
1107392,1107392,5679,2019-05-25 07:45:00-05,1.497,-0.953,2336,2019-05-25 07:45:00
1107393,1107393,5679,2019-05-25 08:00:00-05,1.934,-1.296,2337,2019-05-25 08:00:00
1107394,1107394,5679,2019-05-25 08:15:00-05,1.464,-0.994,2338,2019-05-25 08:15:00
1107395,1107395,5679,2019-05-25 08:30:00-05,1.493,-1.157,2339,2019-05-25 08:30:00
1107396,1107396,5679,2019-05-25 08:45:00-05,2.744,-2.543,2340,2019-05-25 08:45:00
1107397,1107397,5679,2019-05-25 09:00:00-05,2.687,-2.437,2341,2019-05-25 09:00:00
1107398,1107398,5679,2019-05-25 09:15:00-05,3.376,-3.159,2342,2019-05-25 09:15:00
1107399,1107399,5679,2019-05-25 09:30:00-05,1.666,-1.333,2343,2019-05-25 09:30:00
1107400,1107400,5679,2019-05-25 09:45:00-05,1.271,-0.886,2344,2019-05-25 09:45:00
1107401,1107401,5679,2019-05-25 10:00:00-05,1.408,-0.914,2345,2019-05-25 10:00:00
1107402,1107402,5679,2019-05-25 10:15:00-05,1.648,-0.933,2346,2019-05-25 10:15:00
1107403,1107403,5679,2019-05-25 10:30:00-05,0.462,-0.151,2347,2019-05-25 10:30:00
1107404,1107404,5679,2019-05-25 10:45:00-05,0.579,-0.215,2348,2019-05-25 10:45:00
1107405,1107405,5679,2019-05-25 11:00:00-05,0.825,-0.525,2349,2019-05-25 11:00:00
1107406,1107406,5679,2019-05-25 11:15:00-05,1.125,-0.405,2350,2019-05-25 11:15:00
1107407,1107407,5679,2019-05-25 11:30:00-05,1.076,-0.893,2351,2019-05-25 11:30:00
1107408,1107408,5679,2019-05-25 11:45:00-05,3.309,-3.069,2352,2019-05-25 11:45:00
1107409,1107409,5679,2019-05-25 12:00:00-05,4.411,-4.13,2353,2019-05-25 12:00:00
1107410,1107410,5679,2019-05-25 12:15:00-05,3.981,-3.65,2354,2019-05-25 12:15:00
1107411,1107411,5679,2019-05-25 12:30:00-05,3.16,-2.887,2355,2019-05-25 12:30:00
1107412,1107412,5679,2019-05-25 12:45:00-05,3.776,-3.428,2356,2019-05-25 12:45:00
1107413,1107413,5679,2019-05-25 13:00:00-05,4.006,-3.739,2357,2019-05-25 13:00:00
1107414,1107414,5679,2019-05-25 13:15:00-05,3.801,-3.394,2358,2019-05-25 13:15:00
1107415,1107415,5679,2019-05-25 13:30:00-05,2.866,-2.475,2359,2019-05-25 13:30:00
1107416,1107416,5679,2019-05-25 13:45:00-05,3.181,-2.343,2360,2019-05-25 13:45:00
1107417,1107417,5679,2019-05-25 14:00:00-05,2.102,-1.616,2361,2019-05-25 14:00:00
1107418,1107418,5679,2019-05-25 14:15:00-05,1.892,-1.465,2362,2019-05-25 14:15:00
1107419,1107419,5679,2019-05-25 14:30:00-05,1.945,-1.475,2363,2019-05-25 14:30:00
1107420,1107420,5679,2019-05-25 14:45:00-05,1.772,-1.34,2364,2019-05-25 14:45:00
1107421,1107421,5679,2019-05-25 15:00:00-05,1.423,-0.804,2365,2019-05-25 15:00:00
1107422,1107422,5679,2019-05-25 15:15:00-05,1.539,-1.018,2366,2019-05-25 15:15:00
1107423,1107423,5679,2019-05-25 15:30:00-05,0.901,0.084,2367,2019-05-25 15:30:00
1107424,1107424,5679,2019-05-25 15:45:00-05,0.738,0.322,2368,2019-05-25 15:45:00
1107425,1107425,5679,2019-05-25 16:00:00-05,0.705,0.494,2369,2019-05-25 16:00:00
1107426,1107426,5679,2019-05-25 16:15:00-05,0.253,0.411,2370,2019-05-25 16:15:00
1107427,1107427,5679,2019-05-25 16:30:00-05,0.269,0.289,2371,2019-05-25 16:30:00
1107428,1107428,5679,2019-05-25 16:45:00-05,0.418,0.301,2372,2019-05-25 16:45:00
1107429,1107429,5679,2019-05-25 17:00:00-05,0.334,0.632,2373,2019-05-25 17:00:00
1107430,1107430,5679,2019-05-25 17:15:00-05,0.134,0.785,2374,2019-05-25 17:15:00
1107431,1107431,5679,2019-05-25 17:30:00-05,0.057,0.427,2375,2019-05-25 17:30:00
1107432,1107432,5679,2019-05-25 17:45:00-05,0.086,0.437,2376,2019-05-25 17:45:00
1107433,1107433,5679,2019-05-25 18:00:00-05,0.108,0.384,2377,2019-05-25 18:00:00
1107434,1107434,5679,2019-05-25 18:15:00-05,0.15,0.361,2378,2019-05-25 18:15:00
1107435,1107435,5679,2019-05-25 18:30:00-05,0.121,0.501,2379,2019-05-25 18:30:00
1107436,1107436,5679,2019-05-25 18:45:00-05,0.047,0.506,2380,2019-05-25 18:45:00
1107437,1107437,5679,2019-05-25 19:00:00-05,0.033,0.587,2381,2019-05-25 19:00:00
1107438,1107438,5679,2019-05-25 19:15:00-05,0.007,0.548,2382,2019-05-25 19:15:00
1107439,1107439,5679,2019-05-25 19:30:00-05,0.006,0.619,2383,2019-05-25 19:30:00
1107440,1107440,5679,2019-05-25 19:45:00-05,0.006,0.481,2384,2019-05-25 19:45:00
1107441,1107441,5679,2019-05-25 20:00:00-05,0.006,0.551,2385,2019-05-25 20:00:00
1107442,1107442,5679,2019-05-25 20:15:00-05,0.006,0.727,2386,2019-05-25 20:15:00
1107443,1107443,5679,2019-05-25 20:30:00-05,0.006,0.542,2387,2019-05-25 20:30:00
1107444,1107444,5679,2019-05-25 20:45:00-05,0.006,0.415,2388,2019-05-25 20:45:00
1107445,1107445,5679,2019-05-25 21:00:00-05,0.006,0.51,2389,2019-05-25 21:00:00
1107446,1107446,5679,2019-05-25 21:15:00-05,0.007,0.524,2390,2019-05-25 21:15:00
1107447,1107447,5679,2019-05-25 21:30:00-05,0.006,0.591,2391,2019-05-25 21:30:00
1107448,1107448,5679,2019-05-25 21:45:00-05,0.007,0.507,2392,2019-05-25 21:45:00
1107449,1107449,5679,2019-05-25 22:00:00-05,0.007,0.517,2393,2019-05-25 22:00:00
1107450,1107450,5679,2019-05-25 22:15:00-05,0.007,0.446,2394,2019-05-25 22:15:00
1107451,1107451,5679,2019-05-25 22:30:00-05,0.007,0.475,2395,2019-05-25 22:30:00
1107452,1107452,5679,2019-05-25 22:45:00-05,0.007,0.438,2396,2019-05-25 22:45:00
1107453,1107453,5679,2019-05-25 23:00:00-05,0.007,0.433,2397,2019-05-25 23:00:00
1107454,1107454,5679,2019-05-25 23:15:00-05,0.007,0.274,2398,2019-05-25 23:15:00
1107455,1107455,5679,2019-05-25 23:30:00-05,0.007,0.335,2399,2019-05-25 23:30:00
1107456,1107456,5679,2019-05-25 23:45:00-05,0.007,0.274,2400,2019-05-25 23:45:00
1107457,1107457,5679,2019-05-26 00:00:00-05,0.007,0.335,2401,2019-05-26 00:00:00
1107458,1107458,5679,2019-05-26 00:15:00-05,0.007,0.297,2402,2019-05-26 00:15:00
1107459,1107459,5679,2019-05-26 00:30:00-05,0.007,0.446,2403,2019-05-26 00:30:00
1107460,1107460,5679,2019-05-26 00:45:00-05,0.007,0.386,2404,2019-05-26 00:45:00
1107461,1107461,5679,2019-05-26 01:00:00-05,0.007,0.434,2405,2019-05-26 01:00:00
1107462,1107462,5679,2019-05-26 01:15:00-05,0.007,0.388,2406,2019-05-26 01:15:00
1107463,1107463,5679,2019-05-26 01:30:00-05,0.007,0.408,2407,2019-05-26 01:30:00
1107464,1107464,5679,2019-05-26 01:45:00-05,0.007,0.279,2408,2019-05-26 01:45:00
1107465,1107465,5679,2019-05-26 02:00:00-05,0.007,0.33,2409,2019-05-26 02:00:00
1107466,1107466,5679,2019-05-26 02:15:00-05,0.007,0.27,2410,2019-05-26 02:15:00
1107467,1107467,5679,2019-05-26 02:30:00-05,0.007,0.321,2411,2019-05-26 02:30:00
1107468,1107468,5679,2019-05-26 02:45:00-05,0.007,0.275,2412,2019-05-26 02:45:00
1107469,1107469,5679,2019-05-26 03:00:00-05,0.007,0.331,2413,2019-05-26 03:00:00
1107470,1107470,5679,2019-05-26 03:15:00-05,0.007,0.407,2414,2019-05-26 03:15:00
1107471,1107471,5679,2019-05-26 03:30:00-05,0.007,0.394,2415,2019-05-26 03:30:00
1107472,1107472,5679,2019-05-26 03:45:00-05,0.007,0.417,2416,2019-05-26 03:45:00
1107473,1107473,5679,2019-05-26 04:00:00-05,0.007,0.39,2417,2019-05-26 04:00:00
1107474,1107474,5679,2019-05-26 04:15:00-05,0.007,0.419,2418,2019-05-26 04:15:00
1107475,1107475,5679,2019-05-26 04:30:00-05,0.011,0.31,2419,2019-05-26 04:30:00
1107476,1107476,5679,2019-05-26 04:45:00-05,0.029,0.283,2420,2019-05-26 04:45:00
1107477,1107477,5679,2019-05-26 05:00:00-05,0.055,0.239,2421,2019-05-26 05:00:00
1107478,1107478,5679,2019-05-26 05:15:00-05,0.141,0.847,2422,2019-05-26 05:15:00
1107479,1107479,5679,2019-05-26 05:30:00-05,0.195,0.098,2423,2019-05-26 05:30:00
1107480,1107480,5679,2019-05-26 05:45:00-05,0.166,0.185,2424,2019-05-26 05:45:00
1107481,1107481,5679,2019-05-26 06:00:00-05,0.19,0.375,2425,2019-05-26 06:00:00
1107482,1107482,5679,2019-05-26 06:15:00-05,0.205,0.505,2426,2019-05-26 06:15:00
1107483,1107483,5679,2019-05-26 06:30:00-05,0.235,0.064,2427,2019-05-26 06:30:00
1107484,1107484,5679,2019-05-26 06:45:00-05,0.292,0.112,2428,2019-05-26 06:45:00
1107485,1107485,5679,2019-05-26 07:00:00-05,0.495,0.02,2429,2019-05-26 07:00:00
1107486,1107486,5679,2019-05-26 07:15:00-05,0.233,0.96,2430,2019-05-26 07:15:00
1107487,1107487,5679,2019-05-26 07:30:00-05,0.556,0.297,2431,2019-05-26 07:30:00
1107488,1107488,5679,2019-05-26 07:45:00-05,0.654,-0.13,2432,2019-05-26 07:45:00
1107489,1107489,5679,2019-05-26 08:00:00-05,0.768,-0.404,2433,2019-05-26 08:00:00
1107490,1107490,5679,2019-05-26 08:15:00-05,0.941,-0.57,2434,2019-05-26 08:15:00
1107491,1107491,5679,2019-05-26 08:30:00-05,0.84,-0.452,2435,2019-05-26 08:30:00
1107492,1107492,5679,2019-05-26 08:45:00-05,1.125,-0.47,2436,2019-05-26 08:45:00
1107493,1107493,5679,2019-05-26 09:00:00-05,2.286,-1.786,2437,2019-05-26 09:00:00
1107494,1107494,5679,2019-05-26 09:15:00-05,2.582,-1.616,2438,2019-05-26 09:15:00
1107495,1107495,5679,2019-05-26 09:30:00-05,2.026,-0.997,2439,2019-05-26 09:30:00
1107496,1107496,5679,2019-05-26 09:45:00-05,3.053,-1.952,2440,2019-05-26 09:45:00
1107497,1107497,5679,2019-05-26 10:00:00-05,3.633,-2.615,2441,2019-05-26 10:00:00
1107498,1107498,5679,2019-05-26 10:15:00-05,3.467,-2.146,2442,2019-05-26 10:15:00
1107499,1107499,5679,2019-05-26 10:30:00-05,3.369,-2.078,2443,2019-05-26 10:30:00
1107500,1107500,5679,2019-05-26 10:45:00-05,2.184,-0.468,2444,2019-05-26 10:45:00
1107501,1107501,5679,2019-05-26 11:00:00-05,2.817,-1.874,2445,2019-05-26 11:00:00
1107502,1107502,5679,2019-05-26 11:15:00-05,2.933,-1.936,2446,2019-05-26 11:15:00
1107503,1107503,5679,2019-05-26 11:30:00-05,2.732,-1.737,2447,2019-05-26 11:30:00
1107504,1107504,5679,2019-05-26 11:45:00-05,2.57,-1.513,2448,2019-05-26 11:45:00
1107505,1107505,5679,2019-05-26 12:00:00-05,3.338,-2.251,2449,2019-05-26 12:00:00
1107506,1107506,5679,2019-05-26 12:15:00-05,2.259,2.912,2450,2019-05-26 12:15:00
1107507,1107507,5679,2019-05-26 12:30:00-05,2.845,5.19,2451,2019-05-26 12:30:00
1107508,1107508,5679,2019-05-26 12:45:00-05,3.46,4.476,2452,2019-05-26 12:45:00
1107509,1107509,5679,2019-05-26 13:00:00-05,2.466,5.54,2453,2019-05-26 13:00:00
1107510,1107510,5679,2019-05-26 13:15:00-05,2.884,3.562,2454,2019-05-26 13:15:00
1107511,1107511,5679,2019-05-26 13:30:00-05,3.109,-2.393,2455,2019-05-26 13:30:00
1107512,1107512,5679,2019-05-26 13:45:00-05,1.756,-1.288,2456,2019-05-26 13:45:00
1107513,1107513,5679,2019-05-26 14:00:00-05,1.498,-0.616,2457,2019-05-26 14:00:00
1107514,1107514,5679,2019-05-26 14:15:00-05,2.099,-1.539,2458,2019-05-26 14:15:00
1107515,1107515,5679,2019-05-26 14:30:00-05,2.051,-1.52,2459,2019-05-26 14:30:00
1107516,1107516,5679,2019-05-26 14:45:00-05,1.593,-0.678,2460,2019-05-26 14:45:00
1107517,1107517,5679,2019-05-26 15:00:00-05,1.709,-1.098,2461,2019-05-26 15:00:00
1107518,1107518,5679,2019-05-26 15:15:00-05,1.723,-1.073,2462,2019-05-26 15:15:00
1107519,1107519,5679,2019-05-26 15:30:00-05,1.182,0.716,2463,2019-05-26 15:30:00
1107520,1107520,5679,2019-05-26 15:45:00-05,1.019,0.863,2464,2019-05-26 15:45:00
1107521,1107521,5679,2019-05-26 16:00:00-05,1.158,0.591,2465,2019-05-26 16:00:00
1107522,1107522,5679,2019-05-26 16:15:00-05,1.043,1.708,2466,2019-05-26 16:15:00
1107523,1107523,5679,2019-05-26 16:30:00-05,0.717,1.871,2467,2019-05-26 16:30:00
1107524,1107524,5679,2019-05-26 16:45:00-05,0.637,1.594,2468,2019-05-26 16:45:00
1107525,1107525,5679,2019-05-26 17:00:00-05,0.668,0.354,2469,2019-05-26 17:00:00
1107526,1107526,5679,2019-05-26 17:15:00-05,0.571,0.195,2470,2019-05-26 17:15:00
1107527,1107527,5679,2019-05-26 17:30:00-05,0.44,0.488,2471,2019-05-26 17:30:00
1107528,1107528,5679,2019-05-26 17:45:00-05,0.338,1.149,2472,2019-05-26 17:45:00
1107529,1107529,5679,2019-05-26 18:00:00-05,0.237,1.214,2473,2019-05-26 18:00:00
1107530,1107530,5679,2019-05-26 18:15:00-05,0.175,0.81,2474,2019-05-26 18:15:00
1107531,1107531,5679,2019-05-26 18:30:00-05,0.134,1.278,2475,2019-05-26 18:30:00
1107532,1107532,5679,2019-05-26 18:45:00-05,0.108,0.413,2476,2019-05-26 18:45:00
1107533,1107533,5679,2019-05-26 19:00:00-05,0.042,0.344,2477,2019-05-26 19:00:00
1107534,1107534,5679,2019-05-26 19:15:00-05,0.02,0.314,2478,2019-05-26 19:15:00
1107535,1107535,5679,2019-05-26 19:30:00-05,0.007,0.43,2479,2019-05-26 19:30:00
1107536,1107536,5679,2019-05-26 19:45:00-05,0.006,0.432,2480,2019-05-26 19:45:00
1107537,1107537,5679,2019-05-26 20:00:00-05,0.006,0.605,2481,2019-05-26 20:00:00
1107538,1107538,5679,2019-05-26 20:15:00-05,0.006,0.571,2482,2019-05-26 20:15:00
1107539,1107539,5679,2019-05-26 20:30:00-05,0.006,0.69,2483,2019-05-26 20:30:00
1107540,1107540,5679,2019-05-26 20:45:00-05,0.006,0.649,2484,2019-05-26 20:45:00
1107541,1107541,5679,2019-05-26 21:00:00-05,0.006,0.68,2485,2019-05-26 21:00:00
1107542,1107542,5679,2019-05-26 21:15:00-05,0.006,0.531,2486,2019-05-26 21:15:00
1107543,1107543,5679,2019-05-26 21:30:00-05,0.006,0.448,2487,2019-05-26 21:30:00
1107544,1107544,5679,2019-05-26 21:45:00-05,0.006,0.376,2488,2019-05-26 21:45:00
1107545,1107545,5679,2019-05-26 22:00:00-05,0.006,0.412,2489,2019-05-26 22:00:00
1107546,1107546,5679,2019-05-26 22:15:00-05,0.006,0.295,2490,2019-05-26 22:15:00
1107547,1107547,5679,2019-05-26 22:30:00-05,0.007,0.324,2491,2019-05-26 22:30:00
1107548,1107548,5679,2019-05-26 22:45:00-05,0.007,0.292,2492,2019-05-26 22:45:00
1107549,1107549,5679,2019-05-26 23:00:00-05,0.007,0.374,2493,2019-05-26 23:00:00
1107550,1107550,5679,2019-05-26 23:15:00-05,0.007,0.303,2494,2019-05-26 23:15:00
1107551,1107551,5679,2019-05-26 23:30:00-05,0.006,0.36,2495,2019-05-26 23:30:00
1107552,1107552,5679,2019-05-26 23:45:00-05,0.007,0.363,2496,2019-05-26 23:45:00
1107553,1107553,5679,2019-05-27 00:00:00-05,0.007,0.375,2497,2019-05-27 00:00:00
1107554,1107554,5679,2019-05-27 00:15:00-05,0.007,0.301,2498,2019-05-27 00:15:00
1107555,1107555,5679,2019-05-27 00:30:00-05,0.007,0.367,2499,2019-05-27 00:30:00
1107556,1107556,5679,2019-05-27 00:45:00-05,0.007,0.298,2500,2019-05-27 00:45:00
1107557,1107557,5679,2019-05-27 01:00:00-05,0.007,0.351,2501,2019-05-27 01:00:00
1107558,1107558,5679,2019-05-27 01:15:00-05,0.007,0.237,2502,2019-05-27 01:15:00
1107559,1107559,5679,2019-05-27 01:30:00-05,0.007,0.336,2503,2019-05-27 01:30:00
1107560,1107560,5679,2019-05-27 01:45:00-05,0.007,0.32,2504,2019-05-27 01:45:00
1107561,1107561,5679,2019-05-27 02:00:00-05,0.007,0.441,2505,2019-05-27 02:00:00
1107562,1107562,5679,2019-05-27 02:15:00-05,0.007,0.744,2506,2019-05-27 02:15:00
1107563,1107563,5679,2019-05-27 02:30:00-05,0.007,0.267,2507,2019-05-27 02:30:00
1107564,1107564,5679,2019-05-27 02:45:00-05,0.007,0.296,2508,2019-05-27 02:45:00
1107565,1107565,5679,2019-05-27 03:00:00-05,0.007,0.23,2509,2019-05-27 03:00:00
1107566,1107566,5679,2019-05-27 03:15:00-05,0.007,0.513,2510,2019-05-27 03:15:00
1107567,1107567,5679,2019-05-27 03:30:00-05,0.007,0.642,2511,2019-05-27 03:30:00
1107568,1107568,5679,2019-05-27 03:45:00-05,0.007,0.566,2512,2019-05-27 03:45:00
1107569,1107569,5679,2019-05-27 04:00:00-05,0.006,0.856,2513,2019-05-27 04:00:00
1107570,1107570,5679,2019-05-27 04:15:00-05,0.006,0.699,2514,2019-05-27 04:15:00
1107571,1107571,5679,2019-05-27 04:30:00-05,0.009,0.903,2515,2019-05-27 04:30:00
1107572,1107572,5679,2019-05-27 04:45:00-05,0.026,0.652,2516,2019-05-27 04:45:00
1107573,1107573,5679,2019-05-27 05:00:00-05,0.047,0.462,2517,2019-05-27 05:00:00
1107574,1107574,5679,2019-05-27 05:15:00-05,0.067,0.396,2518,2019-05-27 05:15:00
1107575,1107575,5679,2019-05-27 05:30:00-05,0.093,0.212,2519,2019-05-27 05:30:00
1107576,1107576,5679,2019-05-27 05:45:00-05,0.134,0.227,2520,2019-05-27 05:45:00
1107577,1107577,5679,2019-05-27 06:00:00-05,0.167,0.449,2521,2019-05-27 06:00:00
1107578,1107578,5679,2019-05-27 06:15:00-05,0.199,0.04,2522,2019-05-27 06:15:00
1107579,1107579,5679,2019-05-27 06:30:00-05,0.232,-0.067,2523,2019-05-27 06:30:00
1107580,1107580,5679,2019-05-27 06:45:00-05,0.28,-0.029,2524,2019-05-27 06:45:00
1107581,1107581,5679,2019-05-27 07:00:00-05,0.396,-0.113,2525,2019-05-27 07:00:00
1107582,1107582,5679,2019-05-27 07:15:00-05,0.525,-0.004,2526,2019-05-27 07:15:00
1107583,1107583,5679,2019-05-27 07:30:00-05,0.765,0.133,2527,2019-05-27 07:30:00
1107584,1107584,5679,2019-05-27 07:45:00-05,1.334,-0.568,2528,2019-05-27 07:45:00
1107585,1107585,5679,2019-05-27 08:00:00-05,1.912,-1.459,2529,2019-05-27 08:00:00
1107586,1107586,5679,2019-05-27 08:15:00-05,2.139,-1.789,2530,2019-05-27 08:15:00
1107587,1107587,5679,2019-05-27 08:30:00-05,2.385,-2.066,2531,2019-05-27 08:30:00
1107588,1107588,5679,2019-05-27 08:45:00-05,2.664,-2.335,2532,2019-05-27 08:45:00
1107589,1107589,5679,2019-05-27 09:00:00-05,3.025,-2.728,2533,2019-05-27 09:00:00
1107590,1107590,5679,2019-05-27 09:15:00-05,3.297,-3.015,2534,2019-05-27 09:15:00
1107591,1107591,5679,2019-05-27 09:30:00-05,3.504,-3.146,2535,2019-05-27 09:30:00
1107592,1107592,5679,2019-05-27 09:45:00-05,3.682,-3.336,2536,2019-05-27 09:45:00
1107593,1107593,5679,2019-05-27 10:00:00-05,3.85,-3.58,2537,2019-05-27 10:00:00
1107594,1107594,5679,2019-05-27 10:15:00-05,3.994,-3.679,2538,2019-05-27 10:15:00
1107595,1107595,5679,2019-05-27 10:30:00-05,4.129,-3.939,2539,2019-05-27 10:30:00
1107596,1107596,5679,2019-05-27 10:45:00-05,4.238,-3.97,2540,2019-05-27 10:45:00
1107597,1107597,5679,2019-05-27 11:00:00-05,4.335,-3.89,2541,2019-05-27 11:00:00
1107598,1107598,5679,2019-05-27 11:15:00-05,4.316,-3.233,2542,2019-05-27 11:15:00
1107599,1107599,5679,2019-05-27 11:30:00-05,4.34,-4.039,2543,2019-05-27 11:30:00
1107600,1107600,5679,2019-05-27 11:45:00-05,4.373,-3.963,2544,2019-05-27 11:45:00
1107601,1107601,5679,2019-05-27 12:00:00-05,4.412,-3.919,2545,2019-05-27 12:00:00
1107602,1107602,5679,2019-05-27 12:15:00-05,4.431,-3.643,2546,2019-05-27 12:15:00
1107603,1107603,5679,2019-05-27 12:30:00-05,4.291,-3.641,2547,2019-05-27 12:30:00
1107604,1107604,5679,2019-05-27 12:45:00-05,4.102,-3.535,2548,2019-05-27 12:45:00
1107605,1107605,5679,2019-05-27 13:00:00-05,3.954,-3.676,2549,2019-05-27 13:00:00
1107606,1107606,5679,2019-05-27 13:15:00-05,3.745,-3.312,2550,2019-05-27 13:15:00
1107607,1107607,5679,2019-05-27 13:30:00-05,3.348,-2.87,2551,2019-05-27 13:30:00
1107608,1107608,5679,2019-05-27 13:45:00-05,3.009,-2.185,2552,2019-05-27 13:45:00
1107609,1107609,5679,2019-05-27 14:00:00-05,2.646,-1.861,2553,2019-05-27 14:00:00
1107610,1107610,5679,2019-05-27 14:15:00-05,2.271,1.083,2554,2019-05-27 14:15:00
1107611,1107611,5679,2019-05-27 14:30:00-05,2.002,0.931,2555,2019-05-27 14:30:00
1107612,1107612,5679,2019-05-27 14:45:00-05,1.516,1.662,2556,2019-05-27 14:45:00
1107613,1107613,5679,2019-05-27 15:00:00-05,1.243,1.157,2557,2019-05-27 15:00:00
1107614,1107614,5679,2019-05-27 15:15:00-05,0.943,-0.078,2558,2019-05-27 15:15:00
1107615,1107615,5679,2019-05-27 15:30:00-05,0.739,-0.009,2559,2019-05-27 15:30:00
1107616,1107616,5679,2019-05-27 15:45:00-05,0.561,0.271,2560,2019-05-27 15:45:00
1107617,1107617,5679,2019-05-27 16:00:00-05,0.484,1.444,2561,2019-05-27 16:00:00
1107618,1107618,5679,2019-05-27 16:15:00-05,0.359,4.058,2562,2019-05-27 16:15:00
1107619,1107619,5679,2019-05-27 16:30:00-05,0.342,1.463,2563,2019-05-27 16:30:00
1107620,1107620,5679,2019-05-27 16:45:00-05,0.346,0.474,2564,2019-05-27 16:45:00
1107621,1107621,5679,2019-05-27 17:00:00-05,0.342,0.693,2565,2019-05-27 17:00:00
1107622,1107622,5679,2019-05-27 17:15:00-05,0.312,0.926,2566,2019-05-27 17:15:00
1107623,1107623,5679,2019-05-27 17:30:00-05,0.299,1.084,2567,2019-05-27 17:30:00
1107624,1107624,5679,2019-05-27 17:45:00-05,0.271,0.754,2568,2019-05-27 17:45:00
1107625,1107625,5679,2019-05-27 18:00:00-05,0.204,0.639,2569,2019-05-27 18:00:00
1107626,1107626,5679,2019-05-27 18:15:00-05,0.21,0.628,2570,2019-05-27 18:15:00
1107627,1107627,5679,2019-05-27 18:30:00-05,0.2,0.406,2571,2019-05-27 18:30:00
1107628,1107628,5679,2019-05-27 18:45:00-05,0.062,0.453,2572,2019-05-27 18:45:00
1107629,1107629,5679,2019-05-27 19:00:00-05,0.03,0.393,2573,2019-05-27 19:00:00
1107630,1107630,5679,2019-05-27 19:15:00-05,0.01,0.461,2574,2019-05-27 19:15:00
1107631,1107631,5679,2019-05-27 19:30:00-05,0.006,0.503,2575,2019-05-27 19:30:00
1107632,1107632,5679,2019-05-27 19:45:00-05,0.006,0.606,2576,2019-05-27 19:45:00
1107633,1107633,5679,2019-05-27 20:00:00-05,0.006,0.635,2577,2019-05-27 20:00:00
1107634,1107634,5679,2019-05-27 20:15:00-05,0.006,0.669,2578,2019-05-27 20:15:00
1107635,1107635,5679,2019-05-27 20:30:00-05,0.006,0.518,2579,2019-05-27 20:30:00
1107636,1107636,5679,2019-05-27 20:45:00-05,0.006,0.517,2580,2019-05-27 20:45:00
1107637,1107637,5679,2019-05-27 21:00:00-05,0.006,0.479,2581,2019-05-27 21:00:00
1107638,1107638,5679,2019-05-27 21:15:00-05,0.006,0.458,2582,2019-05-27 21:15:00
1107639,1107639,5679,2019-05-27 21:30:00-05,0.006,0.333,2583,2019-05-27 21:30:00
1107640,1107640,5679,2019-05-27 21:45:00-05,0.006,0.372,2584,2019-05-27 21:45:00
1107641,1107641,5679,2019-05-27 22:00:00-05,0.006,0.388,2585,2019-05-27 22:00:00
1107642,1107642,5679,2019-05-27 22:15:00-05,0.006,0.445,2586,2019-05-27 22:15:00
1107643,1107643,5679,2019-05-27 22:30:00-05,0.006,0.566,2587,2019-05-27 22:30:00
1107644,1107644,5679,2019-05-27 22:45:00-05,0.006,0.444,2588,2019-05-27 22:45:00
1107645,1107645,5679,2019-05-27 23:00:00-05,0.007,0.288,2589,2019-05-27 23:00:00
1107646,1107646,5679,2019-05-27 23:15:00-05,0.007,0.347,2590,2019-05-27 23:15:00
1107647,1107647,5679,2019-05-27 23:30:00-05,0.007,0.286,2591,2019-05-27 23:30:00
1107648,1107648,5679,2019-05-27 23:45:00-05,0.007,0.35,2592,2019-05-27 23:45:00
1107649,1107649,5679,2019-05-28 00:00:00-05,0.007,0.289,2593,2019-05-28 00:00:00
1107650,1107650,5679,2019-05-28 00:15:00-05,0.007,0.458,2594,2019-05-28 00:15:00
1107651,1107651,5679,2019-05-28 00:30:00-05,0.007,0.514,2595,2019-05-28 00:30:00
1107652,1107652,5679,2019-05-28 00:45:00-05,0.007,0.537,2596,2019-05-28 00:45:00
1107653,1107653,5679,2019-05-28 01:00:00-05,0.007,0.393,2597,2019-05-28 01:00:00
1107654,1107654,5679,2019-05-28 01:15:00-05,0.007,0.378,2598,2019-05-28 01:15:00
1107655,1107655,5679,2019-05-28 01:30:00-05,0.007,0.285,2599,2019-05-28 01:30:00
1107656,1107656,5679,2019-05-28 01:45:00-05,0.007,0.343,2600,2019-05-28 01:45:00
1107657,1107657,5679,2019-05-28 02:00:00-05,0.007,0.287,2601,2019-05-28 02:00:00
1107658,1107658,5679,2019-05-28 02:15:00-05,0.007,0.343,2602,2019-05-28 02:15:00
1107659,1107659,5679,2019-05-28 02:30:00-05,0.007,0.333,2603,2019-05-28 02:30:00
1107660,1107660,5679,2019-05-28 02:45:00-05,0.007,0.455,2604,2019-05-28 02:45:00
1107661,1107661,5679,2019-05-28 03:00:00-05,0.007,0.394,2605,2019-05-28 03:00:00
1107662,1107662,5679,2019-05-28 03:15:00-05,0.007,0.453,2606,2019-05-28 03:15:00
1107663,1107663,5679,2019-05-28 03:30:00-05,0.007,0.365,2607,2019-05-28 03:30:00
1107664,1107664,5679,2019-05-28 03:45:00-05,0.006,0.955,2608,2019-05-28 03:45:00
1107665,1107665,5679,2019-05-28 04:00:00-05,0.007,0.538,2609,2019-05-28 04:00:00
1107666,1107666,5679,2019-05-28 04:15:00-05,0.007,0.534,2610,2019-05-28 04:15:00
1107667,1107667,5679,2019-05-28 04:30:00-05,0.007,0.435,2611,2019-05-28 04:30:00
1107668,1107668,5679,2019-05-28 04:45:00-05,0.011,0.505,2612,2019-05-28 04:45:00
1107669,1107669,5679,2019-05-28 05:00:00-05,0.014,0.854,2613,2019-05-28 05:00:00
1107670,1107670,5679,2019-05-28 05:15:00-05,0.035,4.886,2614,2019-05-28 05:15:00
1107671,1107671,5679,2019-05-28 05:30:00-05,0.049,4.359,2615,2019-05-28 05:30:00
1107672,1107672,5679,2019-05-28 05:45:00-05,0.054,3.607,2616,2019-05-28 05:45:00
1107673,1107673,5679,2019-05-28 06:00:00-05,0.104,1.817,2617,2019-05-28 06:00:00
1107674,1107674,5679,2019-05-28 06:15:00-05,0.093,1.759,2618,2019-05-28 06:15:00
1107675,1107675,5679,2019-05-28 06:30:00-05,0.094,0.999,2619,2019-05-28 06:30:00
1107676,1107676,5679,2019-05-28 06:45:00-05,0.069,1.818,2620,2019-05-28 06:45:00
1107677,1107677,5679,2019-05-28 07:00:00-05,0.212,4.583,2621,2019-05-28 07:00:00
1107678,1107678,5679,2019-05-28 07:15:00-05,0.206,4.051,2622,2019-05-28 07:15:00
1107679,1107679,5679,2019-05-28 07:30:00-05,0.174,1.759,2623,2019-05-28 07:30:00
1107680,1107680,5679,2019-05-28 07:45:00-05,0.262,0.294,2624,2019-05-28 07:45:00
1107681,1107681,5679,2019-05-28 08:00:00-05,0.2,0.322,2625,2019-05-28 08:00:00
1107682,1107682,5679,2019-05-28 08:15:00-05,0.295,0.169,2626,2019-05-28 08:15:00
1107683,1107683,5679,2019-05-28 08:30:00-05,1.269,-0.913,2627,2019-05-28 08:30:00
1107684,1107684,5679,2019-05-28 08:45:00-05,0.657,0.094,2628,2019-05-28 08:45:00
1107685,1107685,5679,2019-05-28 09:00:00-05,0.246,0.121,2629,2019-05-28 09:00:00
1107686,1107686,5679,2019-05-28 09:15:00-05,0.537,0.649,2630,2019-05-28 09:15:00
1107687,1107687,5679,2019-05-28 09:30:00-05,0.328,4.644,2631,2019-05-28 09:30:00
1107688,1107688,5679,2019-05-28 09:45:00-05,0.668,2.985,2632,2019-05-28 09:45:00
1107689,1107689,5679,2019-05-28 10:00:00-05,0.431,0.86,2633,2019-05-28 10:00:00
1107690,1107690,5679,2019-05-28 10:15:00-05,0.249,0.447,2634,2019-05-28 10:15:00
1107691,1107691,5679,2019-05-28 10:30:00-05,0.479,4.41,2635,2019-05-28 10:30:00
1107692,1107692,5679,2019-05-28 10:45:00-05,0.318,2.673,2636,2019-05-28 10:45:00
1107693,1107693,5679,2019-05-28 11:00:00-05,1.923,0.686,2637,2019-05-28 11:00:00
1107694,1107694,5679,2019-05-28 11:15:00-05,2.452,0.33,2638,2019-05-28 11:15:00
1107695,1107695,5679,2019-05-28 11:30:00-05,2.2,0.199,2639,2019-05-28 11:30:00
1107696,1107696,5679,2019-05-28 11:45:00-05,1.488,0.854,2640,2019-05-28 11:45:00
1107697,1107697,5679,2019-05-28 12:00:00-05,3.624,-2.764,2641,2019-05-28 12:00:00
1107698,1107698,5679,2019-05-28 12:15:00-05,3.177,-2.736,2642,2019-05-28 12:15:00
1107699,1107699,5679,2019-05-28 12:30:00-05,3.347,-2.972,2643,2019-05-28 12:30:00
1107700,1107700,5679,2019-05-28 12:45:00-05,3.669,-3.236,2644,2019-05-28 12:45:00
1107701,1107701,5679,2019-05-28 13:00:00-05,3.255,-2.985,2645,2019-05-28 13:00:00
1107702,1107702,5679,2019-05-28 13:15:00-05,2.843,-2.524,2646,2019-05-28 13:15:00
1107703,1107703,5679,2019-05-28 13:30:00-05,2.324,-2.127,2647,2019-05-28 13:30:00
1107704,1107704,5679,2019-05-28 13:45:00-05,1.447,-1.239,2648,2019-05-28 13:45:00
1107705,1107705,5679,2019-05-28 14:00:00-05,0.724,-0.537,2649,2019-05-28 14:00:00
1107706,1107706,5679,2019-05-28 14:15:00-05,0.439,-0.235,2650,2019-05-28 14:15:00
1107707,1107707,5679,2019-05-28 14:30:00-05,1.28,-1.098,2651,2019-05-28 14:30:00
1107708,1107708,5679,2019-05-28 14:45:00-05,0.502,-0.219,2652,2019-05-28 14:45:00
1107709,1107709,5679,2019-05-28 15:00:00-05,0.941,-0.652,2653,2019-05-28 15:00:00
1107710,1107710,5679,2019-05-28 15:15:00-05,0.994,-0.407,2654,2019-05-28 15:15:00
1107711,1107711,5679,2019-05-28 15:30:00-05,1.047,-0.754,2655,2019-05-28 15:30:00
1107712,1107712,5679,2019-05-28 15:45:00-05,0.803,-0.525,2656,2019-05-28 15:45:00
1107713,1107713,5679,2019-05-28 16:00:00-05,0.715,-0.491,2657,2019-05-28 16:00:00
1107714,1107714,5679,2019-05-28 16:15:00-05,0.555,-0.387,2658,2019-05-28 16:15:00
1107715,1107715,5679,2019-05-28 16:30:00-05,0.61,-0.357,2659,2019-05-28 16:30:00
1107716,1107716,5679,2019-05-28 16:45:00-05,0.585,6.685,2660,2019-05-28 16:45:00
1107717,1107717,5679,2019-05-28 17:00:00-05,0.485,8.558,2661,2019-05-28 17:00:00
1107718,1107718,5679,2019-05-28 17:15:00-05,0.443,7.009,2662,2019-05-28 17:15:00
1107719,1107719,5679,2019-05-28 17:30:00-05,0.674,7.074,2663,2019-05-28 17:30:00
1107720,1107720,5679,2019-05-28 17:45:00-05,0.637,8.424,2664,2019-05-28 17:45:00
1107721,1107721,5679,2019-05-28 18:00:00-05,0.237,5.743,2665,2019-05-28 18:00:00
1107722,1107722,5679,2019-05-28 18:15:00-05,0.138,0.748,2666,2019-05-28 18:15:00
1107723,1107723,5679,2019-05-28 18:30:00-05,0.06,0.311,2667,2019-05-28 18:30:00
1107724,1107724,5679,2019-05-28 18:45:00-05,0.049,0.344,2668,2019-05-28 18:45:00
1107725,1107725,5679,2019-05-28 19:00:00-05,0.02,0.38,2669,2019-05-28 19:00:00
1107726,1107726,5679,2019-05-28 19:15:00-05,0.009,0.525,2670,2019-05-28 19:15:00
1107727,1107727,5679,2019-05-28 19:30:00-05,0.006,0.532,2671,2019-05-28 19:30:00
1107728,1107728,5679,2019-05-28 19:45:00-05,0.006,0.478,2672,2019-05-28 19:45:00
1107729,1107729,5679,2019-05-28 20:00:00-05,0.006,0.58,2673,2019-05-28 20:00:00
1107730,1107730,5679,2019-05-28 20:15:00-05,0.006,0.44,2674,2019-05-28 20:15:00
1107731,1107731,5679,2019-05-28 20:30:00-05,0.007,0.414,2675,2019-05-28 20:30:00
1107732,1107732,5679,2019-05-28 20:45:00-05,0.007,0.507,2676,2019-05-28 20:45:00
1107733,1107733,5679,2019-05-28 21:00:00-05,0.007,0.479,2677,2019-05-28 21:00:00
1107734,1107734,5679,2019-05-28 21:15:00-05,0.007,0.343,2678,2019-05-28 21:15:00
1107735,1107735,5679,2019-05-28 21:30:00-05,0.007,0.245,2679,2019-05-28 21:30:00
1107736,1107736,5679,2019-05-28 21:45:00-05,0.007,0.373,2680,2019-05-28 21:45:00
1107737,1107737,5679,2019-05-28 22:00:00-05,0.007,0.294,2681,2019-05-28 22:00:00
1107738,1107738,5679,2019-05-28 22:15:00-05,0.007,0.359,2682,2019-05-28 22:15:00
1107739,1107739,5679,2019-05-28 22:30:00-05,0.007,0.278,2683,2019-05-28 22:30:00
1107740,1107740,5679,2019-05-28 22:45:00-05,0.007,0.276,2684,2019-05-28 22:45:00
1107741,1107741,5679,2019-05-28 23:00:00-05,0.007,0.176,2685,2019-05-28 23:00:00
1107742,1107742,5679,2019-05-28 23:15:00-05,0.007,0.228,2686,2019-05-28 23:15:00
1107743,1107743,5679,2019-05-28 23:30:00-05,0.007,0.197,2687,2019-05-28 23:30:00
1107744,1107744,5679,2019-05-28 23:45:00-05,0.007,0.206,2688,2019-05-28 23:45:00
1107745,1107745,5679,2019-05-29 00:00:00-05,0.007,0.264,2689,2019-05-29 00:00:00
1107746,1107746,5679,2019-05-29 00:15:00-05,0.007,0.301,2690,2019-05-29 00:15:00
1107747,1107747,5679,2019-05-29 00:30:00-05,0.007,0.337,2691,2019-05-29 00:30:00
1107748,1107748,5679,2019-05-29 00:45:00-05,0.007,0.282,2692,2019-05-29 00:45:00
1107749,1107749,5679,2019-05-29 01:00:00-05,0.007,0.306,2693,2019-05-29 01:00:00
1107750,1107750,5679,2019-05-29 01:15:00-05,0.007,0.166,2694,2019-05-29 01:15:00
1107751,1107751,5679,2019-05-29 01:30:00-05,0.007,0.25,2695,2019-05-29 01:30:00
1107752,1107752,5679,2019-05-29 01:45:00-05,0.007,0.186,2696,2019-05-29 01:45:00
1107753,1107753,5679,2019-05-29 02:00:00-05,0.007,0.251,2697,2019-05-29 02:00:00
1107754,1107754,5679,2019-05-29 02:15:00-05,0.007,0.247,2698,2019-05-29 02:15:00
1107755,1107755,5679,2019-05-29 02:30:00-05,0.007,0.466,2699,2019-05-29 02:30:00
1107756,1107756,5679,2019-05-29 02:45:00-05,0.007,0.427,2700,2019-05-29 02:45:00
1107757,1107757,5679,2019-05-29 03:00:00-05,0.007,0.454,2701,2019-05-29 03:00:00
1107758,1107758,5679,2019-05-29 03:15:00-05,0.006,1.055,2702,2019-05-29 03:15:00
1107759,1107759,5679,2019-05-29 03:30:00-05,0.007,0.482,2703,2019-05-29 03:30:00
1107760,1107760,5679,2019-05-29 03:45:00-05,0.007,0.545,2704,2019-05-29 03:45:00
1107761,1107761,5679,2019-05-29 04:00:00-05,0.007,0.489,2705,2019-05-29 04:00:00
1107762,1107762,5679,2019-05-29 04:15:00-05,0.007,0.551,2706,2019-05-29 04:15:00
1107763,1107763,5679,2019-05-29 04:30:00-05,0.002,5.09,2707,2019-05-29 04:30:00
1107764,1107764,5679,2019-05-29 04:45:00-05,0.004,4.902,2708,2019-05-29 04:45:00
1107765,1107765,5679,2019-05-29 05:00:00-05,0.036,4.307,2709,2019-05-29 05:00:00
1107766,1107766,5679,2019-05-29 05:15:00-05,0.091,3.741,2710,2019-05-29 05:15:00
1107767,1107767,5679,2019-05-29 05:30:00-05,0.113,2.085,2711,2019-05-29 05:30:00
1107768,1107768,5679,2019-05-29 05:45:00-05,0.134,2.937,2712,2019-05-29 05:45:00
1107769,1107769,5679,2019-05-29 06:00:00-05,0.227,4.207,2713,2019-05-29 06:00:00
1107770,1107770,5679,2019-05-29 06:15:00-05,0.231,3.348,2714,2019-05-29 06:15:00
1107771,1107771,5679,2019-05-29 06:30:00-05,0.216,0.468,2715,2019-05-29 06:30:00
1107772,1107772,5679,2019-05-29 06:45:00-05,0.254,2.604,2716,2019-05-29 06:45:00
1107773,1107773,5679,2019-05-29 07:00:00-05,0.358,2.415,2717,2019-05-29 07:00:00
1107774,1107774,5679,2019-05-29 07:15:00-05,0.539,1.741,2718,2019-05-29 07:15:00
1107775,1107775,5679,2019-05-29 07:30:00-05,0.587,0.36,2719,2019-05-29 07:30:00
1107776,1107776,5679,2019-05-29 07:45:00-05,0.507,0.003,2720,2019-05-29 07:45:00
1107777,1107777,5679,2019-05-29 08:00:00-05,0.823,-0.393,2721,2019-05-29 08:00:00
1107778,1107778,5679,2019-05-29 08:15:00-05,0.889,-0.422,2722,2019-05-29 08:15:00
1107779,1107779,5679,2019-05-29 08:30:00-05,1.084,1.199,2723,2019-05-29 08:30:00
1107780,1107780,5679,2019-05-29 08:45:00-05,1.305,3.162,2724,2019-05-29 08:45:00
1107781,1107781,5679,2019-05-29 09:00:00-05,1.972,2.152,2725,2019-05-29 09:00:00
1107782,1107782,5679,2019-05-29 09:15:00-05,1.82,-0.917,2726,2019-05-29 09:15:00
1107783,1107783,5679,2019-05-29 09:30:00-05,1.28,-0.898,2727,2019-05-29 09:30:00
1107784,1107784,5679,2019-05-29 09:45:00-05,1.83,-1.389,2728,2019-05-29 09:45:00
1107785,1107785,5679,2019-05-29 10:00:00-05,0.963,-0.582,2729,2019-05-29 10:00:00
1107786,1107786,5679,2019-05-29 10:15:00-05,1.815,-1.376,2730,2019-05-29 10:15:00
1107787,1107787,5679,2019-05-29 10:30:00-05,1.436,-1.053,2731,2019-05-29 10:30:00
1107788,1107788,5679,2019-05-29 10:45:00-05,0.978,-0.639,2732,2019-05-29 10:45:00
1107789,1107789,5679,2019-05-29 11:00:00-05,0.589,0.05,2733,2019-05-29 11:00:00
1107790,1107790,5679,2019-05-29 11:15:00-05,0.332,-0.036,2734,2019-05-29 11:15:00
1107791,1107791,5679,2019-05-29 11:30:00-05,0.566,-0.346,2735,2019-05-29 11:30:00
1107792,1107792,5679,2019-05-29 11:45:00-05,0.651,0.209,2736,2019-05-29 11:45:00
1107793,1107793,5679,2019-05-29 12:00:00-05,1.041,-0.561,2737,2019-05-29 12:00:00
1107794,1107794,5679,2019-05-29 12:15:00-05,0.868,-0.479,2738,2019-05-29 12:15:00
1107795,1107795,5679,2019-05-29 12:30:00-05,0.56,0.088,2739,2019-05-29 12:30:00
1107796,1107796,5679,2019-05-29 12:45:00-05,1.224,-0.681,2740,2019-05-29 12:45:00
1107797,1107797,5679,2019-05-29 13:00:00-05,1.571,-1.226,2741,2019-05-29 13:00:00
1107798,1107798,5679,2019-05-29 13:15:00-05,1.124,-0.794,2742,2019-05-29 13:15:00
1107799,1107799,5679,2019-05-29 13:30:00-05,1.043,-0.729,2743,2019-05-29 13:30:00
1107800,1107800,5679,2019-05-29 13:45:00-05,0.769,-0.455,2744,2019-05-29 13:45:00
1107801,1107801,5679,2019-05-29 14:00:00-05,0.861,-0.543,2745,2019-05-29 14:00:00
1107802,1107802,5679,2019-05-29 14:15:00-05,1.195,-0.89,2746,2019-05-29 14:15:00
1107803,1107803,5679,2019-05-29 14:30:00-05,1.698,-1.374,2747,2019-05-29 14:30:00
1107804,1107804,5679,2019-05-29 14:45:00-05,1.864,-1.589,2748,2019-05-29 14:45:00
1107805,1107805,5679,2019-05-29 15:00:00-05,1.623,-1.19,2749,2019-05-29 15:00:00
1107806,1107806,5679,2019-05-29 15:15:00-05,0.885,-0.05,2750,2019-05-29 15:15:00
1107807,1107807,5679,2019-05-29 15:30:00-05,0.974,-0.428,2751,2019-05-29 15:30:00
1107808,1107808,5679,2019-05-29 15:45:00-05,1.334,-0.804,2752,2019-05-29 15:45:00
1107809,1107809,5679,2019-05-29 16:00:00-05,0.834,-0.241,2753,2019-05-29 16:00:00
1107810,1107810,5679,2019-05-29 16:15:00-05,0.761,0.157,2754,2019-05-29 16:15:00
1107811,1107811,5679,2019-05-29 16:30:00-05,0.531,0.132,2755,2019-05-29 16:30:00
1107812,1107812,5679,2019-05-29 16:45:00-05,0.773,-0.258,2756,2019-05-29 16:45:00
1107813,1107813,5679,2019-05-29 17:00:00-05,0.545,-0.03,2757,2019-05-29 17:00:00
1107814,1107814,5679,2019-05-29 17:15:00-05,0.577,-0.188,2758,2019-05-29 17:15:00
1107815,1107815,5679,2019-05-29 17:30:00-05,0.443,0.081,2759,2019-05-29 17:30:00
1107816,1107816,5679,2019-05-29 17:45:00-05,0.704,0.601,2760,2019-05-29 17:45:00
1107817,1107817,5679,2019-05-29 18:00:00-05,0.386,0.945,2761,2019-05-29 18:00:00
1107818,1107818,5679,2019-05-29 18:15:00-05,0.135,0.689,2762,2019-05-29 18:15:00
1107819,1107819,5679,2019-05-29 18:30:00-05,0.116,1.259,2763,2019-05-29 18:30:00
1107820,1107820,5679,2019-05-29 18:45:00-05,0.069,1.139,2764,2019-05-29 18:45:00
1107821,1107821,5679,2019-05-29 19:00:00-05,0.048,0.625,2765,2019-05-29 19:00:00
1107822,1107822,5679,2019-05-29 19:15:00-05,0.018,0.492,2766,2019-05-29 19:15:00
1107823,1107823,5679,2019-05-29 19:30:00-05,0.007,0.408,2767,2019-05-29 19:30:00
1107824,1107824,5679,2019-05-29 19:45:00-05,0.007,0.401,2768,2019-05-29 19:45:00
1107825,1107825,5679,2019-05-29 20:00:00-05,0.007,0.357,2769,2019-05-29 20:00:00
1107826,1107826,5679,2019-05-29 20:15:00-05,0.007,0.414,2770,2019-05-29 20:15:00
1107827,1107827,5679,2019-05-29 20:30:00-05,0.007,0.492,2771,2019-05-29 20:30:00
1107828,1107828,5679,2019-05-29 20:45:00-05,0.007,0.648,2772,2019-05-29 20:45:00
1107829,1107829,5679,2019-05-29 21:00:00-05,0.007,0.662,2773,2019-05-29 21:00:00
1107830,1107830,5679,2019-05-29 21:15:00-05,0.007,0.484,2774,2019-05-29 21:15:00
1107831,1107831,5679,2019-05-29 21:30:00-05,0.007,0.524,2775,2019-05-29 21:30:00
1107832,1107832,5679,2019-05-29 21:45:00-05,0.007,0.532,2776,2019-05-29 21:45:00
1107833,1107833,5679,2019-05-29 22:00:00-05,0.007,0.464,2777,2019-05-29 22:00:00
1107834,1107834,5679,2019-05-29 22:15:00-05,0.007,0.415,2778,2019-05-29 22:15:00
1107835,1107835,5679,2019-05-29 22:30:00-05,0.007,0.352,2779,2019-05-29 22:30:00
1107836,1107836,5679,2019-05-29 22:45:00-05,0.007,0.393,2780,2019-05-29 22:45:00
1107837,1107837,5679,2019-05-29 23:00:00-05,0.007,0.231,2781,2019-05-29 23:00:00
1107838,1107838,5679,2019-05-29 23:15:00-05,0.008,0.26,2782,2019-05-29 23:15:00
1107839,1107839,5679,2019-05-29 23:30:00-05,0.007,0.423,2783,2019-05-29 23:30:00
1107840,1107840,5679,2019-05-29 23:45:00-05,0.007,0.315,2784,2019-05-29 23:45:00
1107841,1107841,5679,2019-05-30 00:00:00-05,0.007,0.387,2785,2019-05-30 00:00:00
1107842,1107842,5679,2019-05-30 00:15:00-05,0.008,0.27,2786,2019-05-30 00:15:00
1107843,1107843,5679,2019-05-30 00:30:00-05,0.008,0.306,2787,2019-05-30 00:30:00
1107844,1107844,5679,2019-05-30 00:45:00-05,0.008,0.326,2788,2019-05-30 00:45:00
1107845,1107845,5679,2019-05-30 01:00:00-05,0.008,0.251,2789,2019-05-30 01:00:00
1107846,1107846,5679,2019-05-30 01:15:00-05,0.008,0.239,2790,2019-05-30 01:15:00
1107847,1107847,5679,2019-05-30 01:30:00-05,0.008,0.164,2791,2019-05-30 01:30:00
1107848,1107848,5679,2019-05-30 01:45:00-05,0.008,0.236,2792,2019-05-30 01:45:00
1107849,1107849,5679,2019-05-30 02:00:00-05,0.008,0.272,2793,2019-05-30 02:00:00
1107850,1107850,5679,2019-05-30 02:15:00-05,0.008,0.345,2794,2019-05-30 02:15:00
1107851,1107851,5679,2019-05-30 02:30:00-05,0.008,0.271,2795,2019-05-30 02:30:00
1107852,1107852,5679,2019-05-30 02:45:00-05,0.008,0.331,2796,2019-05-30 02:45:00
1107853,1107853,5679,2019-05-30 03:00:00-05,0.008,0.211,2797,2019-05-30 03:00:00
1107854,1107854,5679,2019-05-30 03:15:00-05,0.008,0.214,2798,2019-05-30 03:15:00
1107855,1107855,5679,2019-05-30 03:30:00-05,0.008,0.182,2799,2019-05-30 03:30:00
1107856,1107856,5679,2019-05-30 03:45:00-05,0.008,0.195,2800,2019-05-30 03:45:00
1107857,1107857,5679,2019-05-30 04:00:00-05,0.008,0.196,2801,2019-05-30 04:00:00
1107858,1107858,5679,2019-05-30 04:15:00-05,0.008,0.222,2802,2019-05-30 04:15:00
1107859,1107859,5679,2019-05-30 04:30:00-05,0.008,0.33,2803,2019-05-30 04:30:00
1107860,1107860,5679,2019-05-30 04:45:00-05,0.02,0.259,2804,2019-05-30 04:45:00
1107861,1107861,5679,2019-05-30 05:00:00-05,0.124,0.564,2805,2019-05-30 05:00:00
1107862,1107862,5679,2019-05-30 05:15:00-05,0.219,0.397,2806,2019-05-30 05:15:00
1107863,1107863,5679,2019-05-30 05:30:00-05,0.232,0.239,2807,2019-05-30 05:30:00
1107864,1107864,5679,2019-05-30 05:45:00-05,0.202,0.1,2808,2019-05-30 05:45:00
1107865,1107865,5679,2019-05-30 06:00:00-05,0.283,0.488,2809,2019-05-30 06:00:00
1107866,1107866,5679,2019-05-30 06:15:00-05,0.351,-0.055,2810,2019-05-30 06:15:00
1107867,1107867,5679,2019-05-30 06:30:00-05,0.485,-0.045,2811,2019-05-30 06:30:00
1107868,1107868,5679,2019-05-30 06:45:00-05,0.64,-0.202,2812,2019-05-30 06:45:00
1107869,1107869,5679,2019-05-30 07:00:00-05,0.792,-0.337,2813,2019-05-30 07:00:00
1107870,1107870,5679,2019-05-30 07:15:00-05,0.885,-0.445,2814,2019-05-30 07:15:00
1107871,1107871,5679,2019-05-30 07:30:00-05,1.148,-0.647,2815,2019-05-30 07:30:00
1107872,1107872,5679,2019-05-30 07:45:00-05,1.263,-0.735,2816,2019-05-30 07:45:00
1107873,1107873,5679,2019-05-30 08:00:00-05,1.657,-1.32,2817,2019-05-30 08:00:00
1107874,1107874,5679,2019-05-30 08:15:00-05,1.621,-1.291,2818,2019-05-30 08:15:00
1107875,1107875,5679,2019-05-30 08:30:00-05,1.58,-1.354,2819,2019-05-30 08:30:00
1107876,1107876,5679,2019-05-30 08:45:00-05,1.361,-1.122,2820,2019-05-30 08:45:00
1107877,1107877,5679,2019-05-30 09:00:00-05,1.483,-1.316,2821,2019-05-30 09:00:00
1107878,1107878,5679,2019-05-30 09:15:00-05,1.077,-0.725,2822,2019-05-30 09:15:00
1107879,1107879,5679,2019-05-30 09:30:00-05,0.806,-0.384,2823,2019-05-30 09:30:00
1107880,1107880,5679,2019-05-30 09:45:00-05,0.827,-0.355,2824,2019-05-30 09:45:00
1107881,1107881,5679,2019-05-30 10:00:00-05,0.738,-0.258,2825,2019-05-30 10:00:00
1107882,1107882,5679,2019-05-30 10:15:00-05,0.878,-0.519,2826,2019-05-30 10:15:00
1107883,1107883,5679,2019-05-30 10:30:00-05,1.252,-0.87,2827,2019-05-30 10:30:00
1107884,1107884,5679,2019-05-30 10:45:00-05,0.997,-0.566,2828,2019-05-30 10:45:00
1107885,1107885,5679,2019-05-30 11:00:00-05,1.199,-0.566,2829,2019-05-30 11:00:00
1107886,1107886,5679,2019-05-30 11:15:00-05,0.99,-0.666,2830,2019-05-30 11:15:00
1107887,1107887,5679,2019-05-30 11:30:00-05,1.194,-0.903,2831,2019-05-30 11:30:00
1107888,1107888,5679,2019-05-30 11:45:00-05,1.328,-0.986,2832,2019-05-30 11:45:00
1107889,1107889,5679,2019-05-30 12:00:00-05,0.92,-0.598,2833,2019-05-30 12:00:00
1107890,1107890,5679,2019-05-30 12:15:00-05,1.211,-0.869,2834,2019-05-30 12:15:00
1107891,1107891,5679,2019-05-30 12:30:00-05,2.165,-1.868,2835,2019-05-30 12:30:00
1107892,1107892,5679,2019-05-30 12:45:00-05,2.598,-1.556,2836,2019-05-30 12:45:00
1107893,1107893,5679,2019-05-30 13:00:00-05,2.266,-2.005,2837,2019-05-30 13:00:00
1107894,1107894,5679,2019-05-30 13:15:00-05,0.715,-0.338,2838,2019-05-30 13:15:00
1107895,1107895,5679,2019-05-30 13:30:00-05,0.424,-0.101,2839,2019-05-30 13:30:00
1107896,1107896,5679,2019-05-30 13:45:00-05,0.736,-0.357,2840,2019-05-30 13:45:00
1107897,1107897,5679,2019-05-30 14:00:00-05,1.462,-1.134,2841,2019-05-30 14:00:00
1107898,1107898,5679,2019-05-30 14:15:00-05,1.017,-0.708,2842,2019-05-30 14:15:00
1107899,1107899,5679,2019-05-30 14:30:00-05,0.702,-0.427,2843,2019-05-30 14:30:00
1107900,1107900,5679,2019-05-30 14:45:00-05,0.931,-0.711,2844,2019-05-30 14:45:00
1107901,1107901,5679,2019-05-30 15:00:00-05,0.462,-0.119,2845,2019-05-30 15:00:00
1107902,1107902,5679,2019-05-30 15:15:00-05,0.751,0.075,2846,2019-05-30 15:15:00
1107903,1107903,5679,2019-05-30 15:30:00-05,0.377,-0.022,2847,2019-05-30 15:30:00
1107904,1107904,5679,2019-05-30 15:45:00-05,0.167,0.174,2848,2019-05-30 15:45:00
1107905,1107905,5679,2019-05-30 16:00:00-05,0.074,0.462,2849,2019-05-30 16:00:00
1107906,1107906,5679,2019-05-30 16:15:00-05,0.087,0.339,2850,2019-05-30 16:15:00
1107907,1107907,5679,2019-05-30 16:30:00-05,0.054,0.394,2851,2019-05-30 16:30:00
1107908,1107908,5679,2019-05-30 16:45:00-05,0.095,0.288,2852,2019-05-30 16:45:00
1107909,1107909,5679,2019-05-30 17:00:00-05,0.14,0.201,2853,2019-05-30 17:00:00
1107910,1107910,5679,2019-05-30 17:15:00-05,0.074,0.207,2854,2019-05-30 17:15:00
1107911,1107911,5679,2019-05-30 17:30:00-05,0.077,0.262,2855,2019-05-30 17:30:00
1107912,1107912,5679,2019-05-30 17:45:00-05,0.09,0.39,2856,2019-05-30 17:45:00
1107913,1107913,5679,2019-05-30 18:00:00-05,0.128,1.753,2857,2019-05-30 18:00:00
1107914,1107914,5679,2019-05-30 18:15:00-05,0.278,6.957,2858,2019-05-30 18:15:00
1107915,1107915,5679,2019-05-30 18:30:00-05,0.152,7.187,2859,2019-05-30 18:30:00
1107916,1107916,5679,2019-05-30 18:45:00-05,0.039,7.244,2860,2019-05-30 18:45:00
1107917,1107917,5679,2019-05-30 19:00:00-05,0.005,7.339,2861,2019-05-30 19:00:00
1107918,1107918,5679,2019-05-30 19:15:00-05,0.001,7.276,2862,2019-05-30 19:15:00
1107919,1107919,5679,2019-05-30 19:30:00-05,0.001,5.753,2863,2019-05-30 19:30:00
1107920,1107920,5679,2019-05-30 19:45:00-05,0.006,0.526,2864,2019-05-30 19:45:00
1107921,1107921,5679,2019-05-30 20:00:00-05,0.006,0.41,2865,2019-05-30 20:00:00
1107922,1107922,5679,2019-05-30 20:15:00-05,0.007,0.268,2866,2019-05-30 20:15:00
1107923,1107923,5679,2019-05-30 20:30:00-05,0.007,0.298,2867,2019-05-30 20:30:00
1107924,1107924,5679,2019-05-30 20:45:00-05,0.007,0.256,2868,2019-05-30 20:45:00
1107925,1107925,5679,2019-05-30 21:00:00-05,0.007,0.351,2869,2019-05-30 21:00:00
1107926,1107926,5679,2019-05-30 21:15:00-05,0.007,0.281,2870,2019-05-30 21:15:00
1107927,1107927,5679,2019-05-30 21:30:00-05,0.007,0.428,2871,2019-05-30 21:30:00
1107928,1107928,5679,2019-05-30 21:45:00-05,0.007,0.394,2872,2019-05-30 21:45:00
1107929,1107929,5679,2019-05-30 22:00:00-05,0.007,0.252,2873,2019-05-30 22:00:00
1107930,1107930,5679,2019-05-30 22:15:00-05,0.007,0.175,2874,2019-05-30 22:15:00
1107931,1107931,5679,2019-05-30 22:30:00-05,0.007,0.223,2875,2019-05-30 22:30:00
1107932,1107932,5679,2019-05-30 22:45:00-05,0.007,0.168,2876,2019-05-30 22:45:00
1107933,1107933,5679,2019-05-30 23:00:00-05,0.007,0.225,2877,2019-05-30 23:00:00
1107934,1107934,5679,2019-05-30 23:15:00-05,0.007,0.245,2878,2019-05-30 23:15:00
1107935,1107935,5679,2019-05-30 23:30:00-05,0.007,0.334,2879,2019-05-30 23:30:00
1107936,1107936,5679,2019-05-30 23:45:00-05,0.007,0.275,2880,2019-05-30 23:45:00
1107937,1107937,5679,2019-05-31 00:00:00-05,0.007,0.331,2881,2019-05-31 00:00:00
1107938,1107938,5679,2019-05-31 00:15:00-05,0.007,0.191,2882,2019-05-31 00:15:00
1107939,1107939,5679,2019-05-31 00:30:00-05,0.007,0.226,2883,2019-05-31 00:30:00
1107940,1107940,5679,2019-05-31 00:45:00-05,0.008,0.167,2884,2019-05-31 00:45:00
1107941,1107941,5679,2019-05-31 01:00:00-05,0.007,0.222,2885,2019-05-31 01:00:00
1107942,1107942,5679,2019-05-31 01:15:00-05,0.008,0.165,2886,2019-05-31 01:15:00
1107943,1107943,5679,2019-05-31 01:30:00-05,0.007,0.306,2887,2019-05-31 01:30:00
1107944,1107944,5679,2019-05-31 01:45:00-05,0.007,0.278,2888,2019-05-31 01:45:00
1107945,1107945,5679,2019-05-31 02:00:00-05,0.007,0.331,2889,2019-05-31 02:00:00
1107946,1107946,5679,2019-05-31 02:15:00-05,0.007,0.283,2890,2019-05-31 02:15:00
1107947,1107947,5679,2019-05-31 02:30:00-05,0.008,0.236,2891,2019-05-31 02:30:00
1107948,1107948,5679,2019-05-31 02:45:00-05,0.008,0.254,2892,2019-05-31 02:45:00
1107949,1107949,5679,2019-05-31 03:00:00-05,0.007,0.344,2893,2019-05-31 03:00:00
1107950,1107950,5679,2019-05-31 03:15:00-05,0.007,0.282,2894,2019-05-31 03:15:00
1107951,1107951,5679,2019-05-31 03:30:00-05,0.007,0.337,2895,2019-05-31 03:30:00
1107952,1107952,5679,2019-05-31 03:45:00-05,0.007,1.004,2896,2019-05-31 03:45:00
1107953,1107953,5679,2019-05-31 04:00:00-05,0.007,0.603,2897,2019-05-31 04:00:00
1107954,1107954,5679,2019-05-31 04:15:00-05,0.007,0.933,2898,2019-05-31 04:15:00
1107955,1107955,5679,2019-05-31 04:30:00-05,0.01,0.594,2899,2019-05-31 04:30:00
1107956,1107956,5679,2019-05-31 04:45:00-05,0.033,0.93,2900,2019-05-31 04:45:00
1107957,1107957,5679,2019-05-31 05:00:00-05,0.073,1.777,2901,2019-05-31 05:00:00
1107958,1107958,5679,2019-05-31 05:15:00-05,0.093,4.506,2902,2019-05-31 05:15:00
1107959,1107959,5679,2019-05-31 05:30:00-05,0.12,2.966,2903,2019-05-31 05:30:00
1107960,1107960,5679,2019-05-31 05:45:00-05,0.239,0.715,2904,2019-05-31 05:45:00
1107961,1107961,5679,2019-05-31 06:00:00-05,0.322,0.113,2905,2019-05-31 06:00:00
1107962,1107962,5679,2019-05-31 06:15:00-05,0.393,-0.063,2906,2019-05-31 06:15:00
1107963,1107963,5679,2019-05-31 06:30:00-05,0.481,-0.01,2907,2019-05-31 06:30:00
1107964,1107964,5679,2019-05-31 06:45:00-05,0.618,-0.198,2908,2019-05-31 06:45:00
1107965,1107965,5679,2019-05-31 07:00:00-05,0.747,-0.377,2909,2019-05-31 07:00:00
1107966,1107966,5679,2019-05-31 07:15:00-05,0.841,-0.513,2910,2019-05-31 07:15:00
1107967,1107967,5679,2019-05-31 07:30:00-05,1.108,-0.721,2911,2019-05-31 07:30:00
1107968,1107968,5679,2019-05-31 07:45:00-05,0.966,-0.692,2912,2019-05-31 07:45:00
1107969,1107969,5679,2019-05-31 08:00:00-05,1.374,-1.153,2913,2019-05-31 08:00:00
1107970,1107970,5679,2019-05-31 08:15:00-05,1.972,-1.746,2914,2019-05-31 08:15:00
1107971,1107971,5679,2019-05-31 08:30:00-05,2.201,-1.964,2915,2019-05-31 08:30:00
1107972,1107972,5679,2019-05-31 08:45:00-05,2.531,-2.226,2916,2019-05-31 08:45:00
1107973,1107973,5679,2019-05-31 09:00:00-05,2.252,-1.983,2917,2019-05-31 09:00:00
1107974,1107974,5679,2019-05-31 09:15:00-05,2.886,-2.576,2918,2019-05-31 09:15:00
1107975,1107975,5679,2019-05-31 09:30:00-05,3.063,-2.805,2919,2019-05-31 09:30:00
1107976,1107976,5679,2019-05-31 09:45:00-05,3.306,-3.066,2920,2019-05-31 09:45:00
1107977,1107977,5679,2019-05-31 10:00:00-05,3.552,-3.399,2921,2019-05-31 10:00:00
1107978,1107978,5679,2019-05-31 10:15:00-05,3.699,-3.384,2922,2019-05-31 10:15:00
1107979,1107979,5679,2019-05-31 10:30:00-05,3.794,-3.534,2923,2019-05-31 10:30:00
1107980,1107980,5679,2019-05-31 10:45:00-05,3.839,-3.524,2924,2019-05-31 10:45:00
1107981,1107981,5679,2019-05-31 11:00:00-05,3.956,-3.645,2925,2019-05-31 11:00:00
1107982,1107982,5679,2019-05-31 11:15:00-05,4.017,-3.593,2926,2019-05-31 11:15:00
1107983,1107983,5679,2019-05-31 11:30:00-05,3.988,-3.575,2927,2019-05-31 11:30:00
1107984,1107984,5679,2019-05-31 11:45:00-05,3.69,-3.225,2928,2019-05-31 11:45:00
1107985,1107985,5679,2019-05-31 12:00:00-05,3.823,-2.941,2929,2019-05-31 12:00:00
1107986,1107986,5679,2019-05-31 12:15:00-05,3.793,-3.368,2930,2019-05-31 12:15:00
1107987,1107987,5679,2019-05-31 12:30:00-05,3.731,-3.463,2931,2019-05-31 12:30:00
1107988,1107988,5679,2019-05-31 12:45:00-05,3.715,-3.397,2932,2019-05-31 12:45:00
1107989,1107989,5679,2019-05-31 13:00:00-05,3.663,-3.394,2933,2019-05-31 13:00:00
1107990,1107990,5679,2019-05-31 13:15:00-05,3.393,-2.834,2934,2019-05-31 13:15:00
1107991,1107991,5679,2019-05-31 13:30:00-05,3.182,-2.795,2935,2019-05-31 13:30:00
1107992,1107992,5679,2019-05-31 13:45:00-05,2.947,-2.611,2936,2019-05-31 13:45:00
1107993,1107993,5679,2019-05-31 14:00:00-05,2.653,-2.388,2937,2019-05-31 14:00:00
1107994,1107994,5679,2019-05-31 14:15:00-05,2.414,-1.957,2938,2019-05-31 14:15:00
1107995,1107995,5679,2019-05-31 14:30:00-05,2.135,-1.636,2939,2019-05-31 14:30:00
1107996,1107996,5679,2019-05-31 14:45:00-05,1.891,-1.669,2940,2019-05-31 14:45:00
1107997,1107997,5679,2019-05-31 15:00:00-05,1.645,-1.282,2941,2019-05-31 15:00:00
1107998,1107998,5679,2019-05-31 15:15:00-05,1.422,-1.15,2942,2019-05-31 15:15:00
1107999,1107999,5679,2019-05-31 15:30:00-05,1.208,-0.79,2943,2019-05-31 15:30:00
1108000,1108000,5679,2019-05-31 15:45:00-05,1.057,-0.708,2944,2019-05-31 15:45:00
1108001,1108001,5679,2019-05-31 16:00:00-05,0.95,-0.618,2945,2019-05-31 16:00:00
1108002,1108002,5679,2019-05-31 16:15:00-05,0.86,-0.583,2946,2019-05-31 16:15:00
1108003,1108003,5679,2019-05-31 16:30:00-05,0.805,-0.623,2947,2019-05-31 16:30:00
1108004,1108004,5679,2019-05-31 16:45:00-05,0.721,-0.467,2948,2019-05-31 16:45:00
1108005,1108005,5679,2019-05-31 17:00:00-05,0.709,-0.53,2949,2019-05-31 17:00:00
1108006,1108006,5679,2019-05-31 17:15:00-05,0.648,-0.37,2950,2019-05-31 17:15:00
1108007,1108007,5679,2019-05-31 17:30:00-05,0.499,-0.011,2951,2019-05-31 17:30:00
1108008,1108008,5679,2019-05-31 17:45:00-05,0.465,-0.059,2952,2019-05-31 17:45:00
1108009,1108009,5679,2019-05-31 18:00:00-05,0.359,0.06,2953,2019-05-31 18:00:00
1108010,1108010,5679,2019-05-31 18:15:00-05,0.287,0.185,2954,2019-05-31 18:15:00
1108011,1108011,5679,2019-05-31 18:30:00-05,0.217,0.115,2955,2019-05-31 18:30:00
1108012,1108012,5679,2019-05-31 18:45:00-05,0.125,0.23,2956,2019-05-31 18:45:00
1108013,1108013,5679,2019-05-31 19:00:00-05,0.055,0.233,2957,2019-05-31 19:00:00
1108014,1108014,5679,2019-05-31 19:15:00-05,0.013,0.335,2958,2019-05-31 19:15:00
1108015,1108015,5679,2019-05-31 19:30:00-05,0.007,0.296,2959,2019-05-31 19:30:00
1108016,1108016,5679,2019-05-31 19:45:00-05,0.007,0.829,2960,2019-05-31 19:45:00
1108017,1108017,5679,2019-05-31 20:00:00-05,0.007,0.648,2961,2019-05-31 20:00:00
1108018,1108018,5679,2019-05-31 20:15:00-05,0.006,0.618,2962,2019-05-31 20:15:00
1108019,1108019,5679,2019-05-31 20:30:00-05,0.006,0.462,2963,2019-05-31 20:30:00
1108020,1108020,5679,2019-05-31 20:45:00-05,0.006,0.524,2964,2019-05-31 20:45:00
1108021,1108021,5679,2019-05-31 21:00:00-05,0.007,0.371,2965,2019-05-31 21:00:00
1108022,1108022,5679,2019-05-31 21:15:00-05,0.007,0.416,2966,2019-05-31 21:15:00
1108023,1108023,5679,2019-05-31 21:30:00-05,0.007,0.273,2967,2019-05-31 21:30:00
1108024,1108024,5679,2019-05-31 21:45:00-05,0.007,0.238,2968,2019-05-31 21:45:00
1108025,1108025,5679,2019-05-31 22:00:00-05,0.007,0.167,2969,2019-05-31 22:00:00
1108026,1108026,5679,2019-05-31 22:15:00-05,0.007,0.289,2970,2019-05-31 22:15:00
1108027,1108027,5679,2019-05-31 22:30:00-05,0.007,0.275,2971,2019-05-31 22:30:00
1108028,1108028,5679,2019-05-31 22:45:00-05,0.007,0.408,2972,2019-05-31 22:45:00
1108029,1108029,5679,2019-05-31 23:00:00-05,0.007,0.386,2973,2019-05-31 23:00:00
1108030,1108030,5679,2019-05-31 23:15:00-05,0.007,0.341,2974,2019-05-31 23:15:00
1108031,1108031,5679,2019-05-31 23:30:00-05,0.007,0.164,2975,2019-05-31 23:30:00
1108032,1108032,5679,2019-05-31 23:45:00-05,0.007,0.224,2976,2019-05-31 23:45:00
1108033,1108033,5679,2019-06-01 00:00:00-05,0.007,0.163,2977,2019-06-01 00:00:00
1108034,1108034,5679,2019-06-01 00:15:00-05,0.007,0.223,2978,2019-06-01 00:15:00
1108035,1108035,5679,2019-06-01 00:30:00-05,0.007,0.166,2979,2019-06-01 00:30:00
1108036,1108036,5679,2019-06-01 00:45:00-05,0.007,0.314,2980,2019-06-01 00:45:00
1108037,1108037,5679,2019-06-01 01:00:00-05,0.007,0.279,2981,2019-06-01 01:00:00
1108038,1108038,5679,2019-06-01 01:15:00-05,0.007,0.335,2982,2019-06-01 01:15:00
1108039,1108039,5679,2019-06-01 01:30:00-05,0.007,0.279,2983,2019-06-01 01:30:00
1108040,1108040,5679,2019-06-01 01:45:00-05,0.007,0.275,2984,2019-06-01 01:45:00
1108041,1108041,5679,2019-06-01 02:00:00-05,0.008,0.164,2985,2019-06-01 02:00:00
1108042,1108042,5679,2019-06-01 02:15:00-05,0.008,0.226,2986,2019-06-01 02:15:00
1108043,1108043,5679,2019-06-01 02:30:00-05,0.008,0.164,2987,2019-06-01 02:30:00
1108044,1108044,5679,2019-06-01 02:45:00-05,0.008,0.22,2988,2019-06-01 02:45:00
1108045,1108045,5679,2019-06-01 03:00:00-05,0.008,0.199,2989,2019-06-01 03:00:00
1108046,1108046,5679,2019-06-01 03:15:00-05,0.007,0.331,2990,2019-06-01 03:15:00
1108047,1108047,5679,2019-06-01 03:30:00-05,0.007,0.372,2991,2019-06-01 03:30:00
1108048,1108048,5679,2019-06-01 03:45:00-05,0.007,0.878,2992,2019-06-01 03:45:00
1108049,1108049,5679,2019-06-01 04:00:00-05,0.007,0.701,2993,2019-06-01 04:00:00
1108050,1108050,5679,2019-06-01 04:15:00-05,0.007,0.42,2994,2019-06-01 04:15:00
1108051,1108051,5679,2019-06-01 04:30:00-05,0.008,0.43,2995,2019-06-01 04:30:00
1108052,1108052,5679,2019-06-01 04:45:00-05,0.015,0.624,2996,2019-06-01 04:45:00
1108053,1108053,5679,2019-06-01 05:00:00-05,0.031,0.311,2997,2019-06-01 05:00:00
1108054,1108054,5679,2019-06-01 05:15:00-05,0.042,0.43,2998,2019-06-01 05:15:00
1108055,1108055,5679,2019-06-01 05:30:00-05,0.125,0.34,2999,2019-06-01 05:30:00
1108056,1108056,5679,2019-06-01 05:45:00-05,0.222,0.634,3000,2019-06-01 05:45:00
1108057,1108057,5679,2019-06-01 06:00:00-05,0.177,0.23,3001,2019-06-01 06:00:00
1108058,1108058,5679,2019-06-01 06:15:00-05,0.119,0.421,3002,2019-06-01 06:15:00
1108059,1108059,5679,2019-06-01 06:30:00-05,0.126,0.414,3003,2019-06-01 06:30:00
1108060,1108060,5679,2019-06-01 06:45:00-05,0.31,0.084,3004,2019-06-01 06:45:00
1108061,1108061,5679,2019-06-01 07:00:00-05,0.536,-0.157,3005,2019-06-01 07:00:00
1108062,1108062,5679,2019-06-01 07:15:00-05,0.694,-0.321,3006,2019-06-01 07:15:00
1108063,1108063,5679,2019-06-01 07:30:00-05,1.106,-0.943,3007,2019-06-01 07:30:00
1108064,1108064,5679,2019-06-01 07:45:00-05,1.536,-1.252,3008,2019-06-01 07:45:00
1108065,1108065,5679,2019-06-01 08:00:00-05,1.01,-0.705,3009,2019-06-01 08:00:00
1108066,1108066,5679,2019-06-01 08:15:00-05,1.062,-0.709,3010,2019-06-01 08:15:00
1108067,1108067,5679,2019-06-01 08:30:00-05,0.867,-0.58,3011,2019-06-01 08:30:00
1108068,1108068,5679,2019-06-01 08:45:00-05,0.345,0.007,3012,2019-06-01 08:45:00
1108069,1108069,5679,2019-06-01 09:00:00-05,0.286,-0.056,3013,2019-06-01 09:00:00
1108070,1108070,5679,2019-06-01 09:15:00-05,0.47,-0.205,3014,2019-06-01 09:15:00
1108071,1108071,5679,2019-06-01 09:30:00-05,1.23,-1.029,3015,2019-06-01 09:30:00
1108072,1108072,5679,2019-06-01 09:45:00-05,1.68,-1.409,3016,2019-06-01 09:45:00
1108073,1108073,5679,2019-06-01 10:00:00-05,1.784,-1.591,3017,2019-06-01 10:00:00
1108074,1108074,5679,2019-06-01 10:15:00-05,1.437,-1.148,3018,2019-06-01 10:15:00
1108075,1108075,5679,2019-06-01 10:30:00-05,2.893,-2.613,3019,2019-06-01 10:30:00
1108076,1108076,5679,2019-06-01 10:45:00-05,2.308,-1.998,3020,2019-06-01 10:45:00
1108077,1108077,5679,2019-06-01 11:00:00-05,3.951,-3.675,3021,2019-06-01 11:00:00
1108078,1108078,5679,2019-06-01 11:15:00-05,2.892,-2.59,3022,2019-06-01 11:15:00
1108079,1108079,5679,2019-06-01 11:30:00-05,2.066,-1.653,3023,2019-06-01 11:30:00
1108080,1108080,5679,2019-06-01 11:45:00-05,2.206,-1.676,3024,2019-06-01 11:45:00
1108081,1108081,5679,2019-06-01 12:00:00-05,2.954,-2.734,3025,2019-06-01 12:00:00
1108082,1108082,5679,2019-06-01 12:15:00-05,3.723,-3.406,3026,2019-06-01 12:15:00
1108083,1108083,5679,2019-06-01 12:30:00-05,4.179,-3.842,3027,2019-06-01 12:30:00
1108084,1108084,5679,2019-06-01 12:45:00-05,3.401,-2.99,3028,2019-06-01 12:45:00
1108085,1108085,5679,2019-06-01 13:00:00-05,1.435,-1.023,3029,2019-06-01 13:00:00
1108086,1108086,5679,2019-06-01 13:15:00-05,1.859,-1.459,3030,2019-06-01 13:15:00
1108087,1108087,5679,2019-06-01 13:30:00-05,2.213,-1.498,3031,2019-06-01 13:30:00
1108088,1108088,5679,2019-06-01 13:45:00-05,2.601,-1.986,3032,2019-06-01 13:45:00
1108089,1108089,5679,2019-06-01 14:00:00-05,2.686,-2.264,3033,2019-06-01 14:00:00
1108090,1108090,5679,2019-06-01 14:15:00-05,2.283,-1.729,3034,2019-06-01 14:15:00
1108091,1108091,5679,2019-06-01 14:30:00-05,1.457,-1.085,3035,2019-06-01 14:30:00
1108092,1108092,5679,2019-06-01 14:45:00-05,1.843,-1.438,3036,2019-06-01 14:45:00
1108093,1108093,5679,2019-06-01 15:00:00-05,1.521,-0.948,3037,2019-06-01 15:00:00
1108094,1108094,5679,2019-06-01 15:15:00-05,1.389,-0.886,3038,2019-06-01 15:15:00
1108095,1108095,5679,2019-06-01 15:30:00-05,0.947,-0.382,3039,2019-06-01 15:30:00
1108096,1108096,5679,2019-06-01 15:45:00-05,0.925,-0.432,3040,2019-06-01 15:45:00
1108097,1108097,5679,2019-06-01 16:00:00-05,0.762,0.187,3041,2019-06-01 16:00:00
1108098,1108098,5679,2019-06-01 16:15:00-05,0.495,0.005,3042,2019-06-01 16:15:00
1108099,1108099,5679,2019-06-01 16:30:00-05,0.712,0.309,3043,2019-06-01 16:30:00
1108100,1108100,5679,2019-06-01 16:45:00-05,0.586,-0.184,3044,2019-06-01 16:45:00
1108101,1108101,5679,2019-06-01 17:00:00-05,0.487,0.042,3045,2019-06-01 17:00:00
1108102,1108102,5679,2019-06-01 17:15:00-05,0.391,0.081,3046,2019-06-01 17:15:00
1108103,1108103,5679,2019-06-01 17:30:00-05,0.305,0.239,3047,2019-06-01 17:30:00
1108104,1108104,5679,2019-06-01 17:45:00-05,0.27,0.196,3048,2019-06-01 17:45:00
1108105,1108105,5679,2019-06-01 18:00:00-05,0.203,0.293,3049,2019-06-01 18:00:00
1108106,1108106,5679,2019-06-01 18:15:00-05,0.117,0.303,3050,2019-06-01 18:15:00
1108107,1108107,5679,2019-06-01 18:30:00-05,0.06,0.306,3051,2019-06-01 18:30:00
1108108,1108108,5679,2019-06-01 18:45:00-05,0.026,0.3,3052,2019-06-01 18:45:00
1108109,1108109,5679,2019-06-01 19:00:00-05,0.011,0.321,3053,2019-06-01 19:00:00
1108110,1108110,5679,2019-06-01 19:15:00-05,0.007,0.319,3054,2019-06-01 19:15:00
1108111,1108111,5679,2019-06-01 19:30:00-05,0.007,0.321,3055,2019-06-01 19:30:00
1108112,1108112,5679,2019-06-01 19:45:00-05,0.006,0.387,3056,2019-06-01 19:45:00
1108113,1108113,5679,2019-06-01 20:00:00-05,0.006,0.437,3057,2019-06-01 20:00:00
1108114,1108114,5679,2019-06-01 20:15:00-05,0.006,0.42,3058,2019-06-01 20:15:00
1108115,1108115,5679,2019-06-01 20:30:00-05,0.006,0.489,3059,2019-06-01 20:30:00
1108116,1108116,5679,2019-06-01 20:45:00-05,0.006,0.662,3060,2019-06-01 20:45:00
1108117,1108117,5679,2019-06-01 21:00:00-05,0.006,0.594,3061,2019-06-01 21:00:00
1108118,1108118,5679,2019-06-01 21:15:00-05,0.006,0.399,3062,2019-06-01 21:15:00
1108119,1108119,5679,2019-06-01 21:30:00-05,0.007,0.387,3063,2019-06-01 21:30:00
1108120,1108120,5679,2019-06-01 21:45:00-05,0.007,0.4,3064,2019-06-01 21:45:00
1108121,1108121,5679,2019-06-01 22:00:00-05,0.007,0.381,3065,2019-06-01 22:00:00
1108122,1108122,5679,2019-06-01 22:15:00-05,0.007,0.372,3066,2019-06-01 22:15:00
1108123,1108123,5679,2019-06-01 22:30:00-05,0.007,0.423,3067,2019-06-01 22:30:00
1108124,1108124,5679,2019-06-01 22:45:00-05,0.007,0.442,3068,2019-06-01 22:45:00
1108125,1108125,5679,2019-06-01 23:00:00-05,0.007,0.418,3069,2019-06-01 23:00:00
1108126,1108126,5679,2019-06-01 23:15:00-05,0.007,0.426,3070,2019-06-01 23:15:00
1108127,1108127,5679,2019-06-01 23:30:00-05,0.007,0.307,3071,2019-06-01 23:30:00
1108128,1108128,5679,2019-06-01 23:45:00-05,0.007,0.337,3072,2019-06-01 23:45:00
1108129,1108129,5679,2019-06-02 00:00:00-05,0.007,0.302,3073,2019-06-02 00:00:00
1108130,1108130,5679,2019-06-02 00:15:00-05,0.007,0.32,3074,2019-06-02 00:15:00
1108131,1108131,5679,2019-06-02 00:30:00-05,0.007,0.199,3075,2019-06-02 00:30:00
1108132,1108132,5679,2019-06-02 00:45:00-05,0.007,0.336,3076,2019-06-02 00:45:00
1108133,1108133,5679,2019-06-02 01:00:00-05,0.007,0.316,3077,2019-06-02 01:00:00
1108134,1108134,5679,2019-06-02 01:15:00-05,0.007,0.341,3078,2019-06-02 01:15:00
1108135,1108135,5679,2019-06-02 01:30:00-05,0.007,0.312,3079,2019-06-02 01:30:00
1108136,1108136,5679,2019-06-02 01:45:00-05,0.007,0.249,3080,2019-06-02 01:45:00
1108137,1108137,5679,2019-06-02 02:00:00-05,0.007,0.201,3081,2019-06-02 02:00:00
1108138,1108138,5679,2019-06-02 02:15:00-05,0.007,0.329,3082,2019-06-02 02:15:00
1108139,1108139,5679,2019-06-02 02:30:00-05,0.007,0.308,3083,2019-06-02 02:30:00
1108140,1108140,5679,2019-06-02 02:45:00-05,0.007,0.266,3084,2019-06-02 02:45:00
1108141,1108141,5679,2019-06-02 03:00:00-05,0.007,0.269,3085,2019-06-02 03:00:00
1108142,1108142,5679,2019-06-02 03:15:00-05,0.007,0.346,3086,2019-06-02 03:15:00
1108143,1108143,5679,2019-06-02 03:30:00-05,0.007,0.302,3087,2019-06-02 03:30:00
1108144,1108144,5679,2019-06-02 03:45:00-05,0.007,0.343,3088,2019-06-02 03:45:00
1108145,1108145,5679,2019-06-02 04:00:00-05,0.007,0.261,3089,2019-06-02 04:00:00
1108146,1108146,5679,2019-06-02 04:15:00-05,0.007,0.317,3090,2019-06-02 04:15:00
1108147,1108147,5679,2019-06-02 04:30:00-05,0.01,0.434,3091,2019-06-02 04:30:00
1108148,1108148,5679,2019-06-02 04:45:00-05,0.031,0.311,3092,2019-06-02 04:45:00
1108149,1108149,5679,2019-06-02 05:00:00-05,0.062,0.497,3093,2019-06-02 05:00:00
1108150,1108150,5679,2019-06-02 05:15:00-05,0.106,0.888,3094,2019-06-02 05:15:00
1108151,1108151,5679,2019-06-02 05:30:00-05,0.128,0.402,3095,2019-06-02 05:30:00
1108152,1108152,5679,2019-06-02 05:45:00-05,0.387,0.028,3096,2019-06-02 05:45:00
1108153,1108153,5679,2019-06-02 06:00:00-05,0.352,0.102,3097,2019-06-02 06:00:00
1108154,1108154,5679,2019-06-02 06:15:00-05,0.132,0.299,3098,2019-06-02 06:15:00
1108155,1108155,5679,2019-06-02 06:30:00-05,0.124,0.179,3099,2019-06-02 06:30:00
1108156,1108156,5679,2019-06-02 06:45:00-05,0.135,0.728,3100,2019-06-02 06:45:00
1108157,1108157,5679,2019-06-02 07:00:00-05,0.208,0.102,3101,2019-06-02 07:00:00
1108158,1108158,5679,2019-06-02 07:15:00-05,0.218,0.136,3102,2019-06-02 07:15:00
1108159,1108159,5679,2019-06-02 07:30:00-05,0.282,-0.052,3103,2019-06-02 07:30:00
1108160,1108160,5679,2019-06-02 07:45:00-05,0.353,0.226,3104,2019-06-02 07:45:00
1108161,1108161,5679,2019-06-02 08:00:00-05,0.301,0.051,3105,2019-06-02 08:00:00
1108162,1108162,5679,2019-06-02 08:15:00-05,0.298,0.057,3106,2019-06-02 08:15:00
1108163,1108163,5679,2019-06-02 08:30:00-05,0.334,0.009,3107,2019-06-02 08:30:00
1108164,1108164,5679,2019-06-02 08:45:00-05,0.236,0.055,3108,2019-06-02 08:45:00
1108165,1108165,5679,2019-06-02 09:00:00-05,0.305,-0.045,3109,2019-06-02 09:00:00
1108166,1108166,5679,2019-06-02 09:15:00-05,0.633,-0.215,3110,2019-06-02 09:15:00
1108167,1108167,5679,2019-06-02 09:30:00-05,0.719,-0.134,3111,2019-06-02 09:30:00
1108168,1108168,5679,2019-06-02 09:45:00-05,0.508,-0.025,3112,2019-06-02 09:45:00
1108169,1108169,5679,2019-06-02 10:00:00-05,0.464,0.309,3113,2019-06-02 10:00:00
1108170,1108170,5679,2019-06-02 10:15:00-05,0.773,-0.165,3114,2019-06-02 10:15:00
1108171,1108171,5679,2019-06-02 10:30:00-05,1.001,-0.275,3115,2019-06-02 10:30:00
1108172,1108172,5679,2019-06-02 10:45:00-05,0.836,-0.357,3116,2019-06-02 10:45:00
1108173,1108173,5679,2019-06-02 11:00:00-05,1.08,-0.771,3117,2019-06-02 11:00:00
1108174,1108174,5679,2019-06-02 11:15:00-05,1.602,-1.237,3118,2019-06-02 11:15:00
1108175,1108175,5679,2019-06-02 11:30:00-05,1.383,-1.083,3119,2019-06-02 11:30:00
1108176,1108176,5679,2019-06-02 11:45:00-05,0.802,0.192,3120,2019-06-02 11:45:00
1108177,1108177,5679,2019-06-02 12:00:00-05,2.26,-1.847,3121,2019-06-02 12:00:00
1108178,1108178,5679,2019-06-02 12:15:00-05,1.738,-1.227,3122,2019-06-02 12:15:00
1108179,1108179,5679,2019-06-02 12:30:00-05,0.926,-0.496,3123,2019-06-02 12:30:00
1108180,1108180,5679,2019-06-02 12:45:00-05,0.835,-0.238,3124,2019-06-02 12:45:00
1108181,1108181,5679,2019-06-02 13:00:00-05,0.674,0.033,3125,2019-06-02 13:00:00
1108182,1108182,5679,2019-06-02 13:15:00-05,0.527,-0.2,3126,2019-06-02 13:15:00
1108183,1108183,5679,2019-06-02 13:30:00-05,0.662,-0.423,3127,2019-06-02 13:30:00
1108184,1108184,5679,2019-06-02 13:45:00-05,0.155,0.026,3128,2019-06-02 13:45:00
1108185,1108185,5679,2019-06-02 14:00:00-05,0.287,-0.067,3129,2019-06-02 14:00:00
1108186,1108186,5679,2019-06-02 14:15:00-05,0.221,3.365,3130,2019-06-02 14:15:00
1108187,1108187,5679,2019-06-02 14:30:00-05,0.265,7.179,3131,2019-06-02 14:30:00
1108188,1108188,5679,2019-06-02 14:45:00-05,0.283,6.918,3132,2019-06-02 14:45:00
1108189,1108189,5679,2019-06-02 15:00:00-05,0.465,6.691,3133,2019-06-02 15:00:00
1108190,1108190,5679,2019-06-02 15:15:00-05,0.556,4.526,3134,2019-06-02 15:15:00
1108191,1108191,5679,2019-06-02 15:30:00-05,0.91,0.126,3135,2019-06-02 15:30:00
1108192,1108192,5679,2019-06-02 15:45:00-05,1.433,-0.52,3136,2019-06-02 15:45:00
1108193,1108193,5679,2019-06-02 16:00:00-05,1.17,-0.787,3137,2019-06-02 16:00:00
1108194,1108194,5679,2019-06-02 16:15:00-05,1.133,-0.764,3138,2019-06-02 16:15:00
1108195,1108195,5679,2019-06-02 16:30:00-05,0.916,-0.624,3139,2019-06-02 16:30:00
1108196,1108196,5679,2019-06-02 16:45:00-05,0.579,-0.157,3140,2019-06-02 16:45:00
1108197,1108197,5679,2019-06-02 17:00:00-05,0.761,-0.289,3141,2019-06-02 17:00:00
1108198,1108198,5679,2019-06-02 17:15:00-05,0.567,-0.072,3142,2019-06-02 17:15:00
1108199,1108199,5679,2019-06-02 17:30:00-05,0.392,0.199,3143,2019-06-02 17:30:00
1108200,1108200,5679,2019-06-02 17:45:00-05,0.379,0.015,3144,2019-06-02 17:45:00
1108201,1108201,5679,2019-06-02 18:00:00-05,0.525,-0.031,3145,2019-06-02 18:00:00
1108202,1108202,5679,2019-06-02 18:15:00-05,0.335,0.169,3146,2019-06-02 18:15:00
1108203,1108203,5679,2019-06-02 18:30:00-05,0.161,0.547,3147,2019-06-02 18:30:00
1108204,1108204,5679,2019-06-02 18:45:00-05,0.138,0.283,3148,2019-06-02 18:45:00
1108205,1108205,5679,2019-06-02 19:00:00-05,0.073,0.428,3149,2019-06-02 19:00:00
1108206,1108206,5679,2019-06-02 19:15:00-05,0.032,0.446,3150,2019-06-02 19:15:00
1108207,1108207,5679,2019-06-02 19:30:00-05,0.01,0.489,3151,2019-06-02 19:30:00
1108208,1108208,5679,2019-06-02 19:45:00-05,0.007,0.501,3152,2019-06-02 19:45:00
1108209,1108209,5679,2019-06-02 20:00:00-05,0.007,0.409,3153,2019-06-02 20:00:00
1108210,1108210,5679,2019-06-02 20:15:00-05,0.007,0.411,3154,2019-06-02 20:15:00
1108211,1108211,5679,2019-06-02 20:30:00-05,0.007,0.481,3155,2019-06-02 20:30:00
1108212,1108212,5679,2019-06-02 20:45:00-05,0.007,0.423,3156,2019-06-02 20:45:00
1108213,1108213,5679,2019-06-02 21:00:00-05,0.008,0.388,3157,2019-06-02 21:00:00
1108214,1108214,5679,2019-06-02 21:15:00-05,0.008,0.3,3158,2019-06-02 21:15:00
1108215,1108215,5679,2019-06-02 21:30:00-05,0.007,0.434,3159,2019-06-02 21:30:00
1108216,1108216,5679,2019-06-02 21:45:00-05,0.007,0.39,3160,2019-06-02 21:45:00
1108217,1108217,5679,2019-06-02 22:00:00-05,0.007,0.377,3161,2019-06-02 22:00:00
1108218,1108218,5679,2019-06-02 22:15:00-05,0.008,0.287,3162,2019-06-02 22:15:00
1108219,1108219,5679,2019-06-02 22:30:00-05,0.008,0.226,3163,2019-06-02 22:30:00
1108220,1108220,5679,2019-06-02 22:45:00-05,0.008,0.325,3164,2019-06-02 22:45:00
1108221,1108221,5679,2019-06-02 23:00:00-05,0.008,0.279,3165,2019-06-02 23:00:00
1108222,1108222,5679,2019-06-02 23:15:00-05,0.008,0.213,3166,2019-06-02 23:15:00
1108223,1108223,5679,2019-06-02 23:30:00-05,0.008,0.164,3167,2019-06-02 23:30:00
1108224,1108224,5679,2019-06-02 23:45:00-05,0.008,0.262,3168,2019-06-02 23:45:00
1108225,1108225,5679,2019-06-03 00:00:00-05,0.008,0.281,3169,2019-06-03 00:00:00
1108226,1108226,5679,2019-06-03 00:15:00-05,0.008,0.317,3170,2019-06-03 00:15:00
1108227,1108227,5679,2019-06-03 00:30:00-05,0.008,0.309,3171,2019-06-03 00:30:00
1108228,1108228,5679,2019-06-03 00:45:00-05,0.008,0.281,3172,2019-06-03 00:45:00
1108229,1108229,5679,2019-06-03 01:00:00-05,0.008,0.212,3173,2019-06-03 01:00:00
1108230,1108230,5679,2019-06-03 01:15:00-05,0.008,0.164,3174,2019-06-03 01:15:00
1108231,1108231,5679,2019-06-03 01:30:00-05,0.008,0.215,3175,2019-06-03 01:30:00
1108232,1108232,5679,2019-06-03 01:45:00-05,0.008,0.186,3176,2019-06-03 01:45:00
1108233,1108233,5679,2019-06-03 02:00:00-05,0.008,0.188,3177,2019-06-03 02:00:00
1108234,1108234,5679,2019-06-03 02:15:00-05,0.008,0.265,3178,2019-06-03 02:15:00
1108235,1108235,5679,2019-06-03 02:30:00-05,0.008,0.273,3179,2019-06-03 02:30:00
1108236,1108236,5679,2019-06-03 02:45:00-05,0.008,0.321,3180,2019-06-03 02:45:00
1108237,1108237,5679,2019-06-03 03:00:00-05,0.008,0.327,3181,2019-06-03 03:00:00
1108238,1108238,5679,2019-06-03 03:15:00-05,0.008,0.358,3182,2019-06-03 03:15:00
1108239,1108239,5679,2019-06-03 03:30:00-05,0.008,0.255,3183,2019-06-03 03:30:00
1108240,1108240,5679,2019-06-03 03:45:00-05,0.008,0.193,3184,2019-06-03 03:45:00
1108241,1108241,5679,2019-06-03 04:00:00-05,0.008,0.213,3185,2019-06-03 04:00:00
1108242,1108242,5679,2019-06-03 04:15:00-05,0.008,0.167,3186,2019-06-03 04:15:00
1108243,1108243,5679,2019-06-03 04:30:00-05,0.015,0.242,3187,2019-06-03 04:30:00
1108244,1108244,5679,2019-06-03 04:45:00-05,0.034,0.248,3188,2019-06-03 04:45:00
1108245,1108245,5679,2019-06-03 05:00:00-05,0.054,0.417,3189,2019-06-03 05:00:00
1108246,1108246,5679,2019-06-03 05:15:00-05,0.07,0.964,3190,2019-06-03 05:15:00
1108247,1108247,5679,2019-06-03 05:30:00-05,0.103,0.332,3191,2019-06-03 05:30:00
1108248,1108248,5679,2019-06-03 05:45:00-05,0.143,0.202,3192,2019-06-03 05:45:00
1108249,1108249,5679,2019-06-03 06:00:00-05,0.173,0.633,3193,2019-06-03 06:00:00
1108250,1108250,5679,2019-06-03 06:15:00-05,0.208,0.185,3194,2019-06-03 06:15:00
1108251,1108251,5679,2019-06-03 06:30:00-05,0.255,0.087,3195,2019-06-03 06:30:00
1108252,1108252,5679,2019-06-03 06:45:00-05,0.329,0.059,3196,2019-06-03 06:45:00
1108253,1108253,5679,2019-06-03 07:00:00-05,0.488,0.283,3197,2019-06-03 07:00:00
1108254,1108254,5679,2019-06-03 07:15:00-05,0.624,0.034,3198,2019-06-03 07:15:00
1108255,1108255,5679,2019-06-03 07:30:00-05,0.844,-0.287,3199,2019-06-03 07:30:00
1108256,1108256,5679,2019-06-03 07:45:00-05,1.425,-0.853,3200,2019-06-03 07:45:00
1108257,1108257,5679,2019-06-03 08:00:00-05,1.654,-1.19,3201,2019-06-03 08:00:00
1108258,1108258,5679,2019-06-03 08:15:00-05,2.183,-1.573,3202,2019-06-03 08:15:00
1108259,1108259,5679,2019-06-03 08:30:00-05,2.133,-1.481,3203,2019-06-03 08:30:00
1108260,1108260,5679,2019-06-03 08:45:00-05,1.679,-1.013,3204,2019-06-03 08:45:00
1108261,1108261,5679,2019-06-03 09:00:00-05,1.409,-0.606,3205,2019-06-03 09:00:00
1108262,1108262,5679,2019-06-03 09:15:00-05,1.179,-0.635,3206,2019-06-03 09:15:00
1108263,1108263,5679,2019-06-03 09:30:00-05,2.608,-1.155,3207,2019-06-03 09:30:00
1108264,1108264,5679,2019-06-03 09:45:00-05,3.32,-1.652,3208,2019-06-03 09:45:00
1108265,1108265,5679,2019-06-03 10:00:00-05,3.15,-2.895,3209,2019-06-03 10:00:00
1108266,1108266,5679,2019-06-03 10:15:00-05,2.443,-2.126,3210,2019-06-03 10:15:00
1108267,1108267,5679,2019-06-03 10:30:00-05,3.715,-3.438,3211,2019-06-03 10:30:00
1108268,1108268,5679,2019-06-03 10:45:00-05,4.575,-4.281,3212,2019-06-03 10:45:00
1108269,1108269,5679,2019-06-03 11:00:00-05,3.463,-3.15,3213,2019-06-03 11:00:00
1108270,1108270,5679,2019-06-03 11:15:00-05,4.038,-3.77,3214,2019-06-03 11:15:00
1108271,1108271,5679,2019-06-03 11:30:00-05,2.745,-2.405,3215,2019-06-03 11:30:00
1108272,1108272,5679,2019-06-03 11:45:00-05,2.344,-1.62,3216,2019-06-03 11:45:00
1108273,1108273,5679,2019-06-03 12:00:00-05,2.237,-1.894,3217,2019-06-03 12:00:00
1108274,1108274,5679,2019-06-03 12:15:00-05,3.594,-3.182,3218,2019-06-03 12:15:00
1108275,1108275,5679,2019-06-03 12:30:00-05,3.461,-3.027,3219,2019-06-03 12:30:00
1108276,1108276,5679,2019-06-03 12:45:00-05,4.278,-3.946,3220,2019-06-03 12:45:00
1108277,1108277,5679,2019-06-03 13:00:00-05,4.063,-3.792,3221,2019-06-03 13:00:00
1108278,1108278,5679,2019-06-03 13:15:00-05,3.991,-3.76,3222,2019-06-03 13:15:00
1108279,1108279,5679,2019-06-03 13:30:00-05,3.52,-3.365,3223,2019-06-03 13:30:00
1108280,1108280,5679,2019-06-03 13:45:00-05,2.716,-2.477,3224,2019-06-03 13:45:00
1108281,1108281,5679,2019-06-03 14:00:00-05,3.052,-2.843,3225,2019-06-03 14:00:00
1108282,1108282,5679,2019-06-03 14:15:00-05,2.464,-2.291,3226,2019-06-03 14:15:00
1108283,1108283,5679,2019-06-03 14:30:00-05,2.086,-1.855,3227,2019-06-03 14:30:00
1108284,1108284,5679,2019-06-03 14:45:00-05,1.619,-1.35,3228,2019-06-03 14:45:00
1108285,1108285,5679,2019-06-03 15:00:00-05,1.129,-0.527,3229,2019-06-03 15:00:00
1108286,1108286,5679,2019-06-03 15:15:00-05,0.999,0.166,3230,2019-06-03 15:15:00
1108287,1108287,5679,2019-06-03 15:30:00-05,0.873,-0.419,3231,2019-06-03 15:30:00
1108288,1108288,5679,2019-06-03 15:45:00-05,0.699,-0.253,3232,2019-06-03 15:45:00
1108289,1108289,5679,2019-06-03 16:00:00-05,0.55,-0.203,3233,2019-06-03 16:00:00
1108290,1108290,5679,2019-06-03 16:15:00-05,0.468,0.126,3234,2019-06-03 16:15:00
1108291,1108291,5679,2019-06-03 16:30:00-05,0.468,-0.081,3235,2019-06-03 16:30:00
1108292,1108292,5679,2019-06-03 16:45:00-05,0.386,0.025,3236,2019-06-03 16:45:00
1108293,1108293,5679,2019-06-03 17:00:00-05,0.341,0.051,3237,2019-06-03 17:00:00
1108294,1108294,5679,2019-06-03 17:15:00-05,0.315,0.116,3238,2019-06-03 17:15:00
1108295,1108295,5679,2019-06-03 17:30:00-05,0.265,0.2,3239,2019-06-03 17:30:00
1108296,1108296,5679,2019-06-03 17:45:00-05,0.275,0.18,3240,2019-06-03 17:45:00
1108297,1108297,5679,2019-06-03 18:00:00-05,0.228,0.268,3241,2019-06-03 18:00:00
1108298,1108298,5679,2019-06-03 18:15:00-05,0.182,0.184,3242,2019-06-03 18:15:00
1108299,1108299,5679,2019-06-03 18:30:00-05,0.148,0.227,3243,2019-06-03 18:30:00
1108300,1108300,5679,2019-06-03 18:45:00-05,0.111,0.287,3244,2019-06-03 18:45:00
1108301,1108301,5679,2019-06-03 19:00:00-05,0.065,0.24,3245,2019-06-03 19:00:00
1108302,1108302,5679,2019-06-03 19:15:00-05,0.032,0.256,3246,2019-06-03 19:15:00
1108303,1108303,5679,2019-06-03 19:30:00-05,0.01,0.288,3247,2019-06-03 19:30:00
1108304,1108304,5679,2019-06-03 19:45:00-05,0.007,0.457,3248,2019-06-03 19:45:00
1108305,1108305,5679,2019-06-03 20:00:00-05,0.007,0.272,3249,2019-06-03 20:00:00
1108306,1108306,5679,2019-06-03 20:15:00-05,0.007,0.497,3250,2019-06-03 20:15:00
1108307,1108307,5679,2019-06-03 20:30:00-05,0.007,0.598,3251,2019-06-03 20:30:00
1108308,1108308,5679,2019-06-03 20:45:00-05,0.007,0.437,3252,2019-06-03 20:45:00
1108309,1108309,5679,2019-06-03 21:00:00-05,0.007,0.514,3253,2019-06-03 21:00:00
1108310,1108310,5679,2019-06-03 21:15:00-05,0.007,0.531,3254,2019-06-03 21:15:00
1108311,1108311,5679,2019-06-03 21:30:00-05,0.007,0.4,3255,2019-06-03 21:30:00
1108312,1108312,5679,2019-06-03 21:45:00-05,0.007,0.423,3256,2019-06-03 21:45:00
1108313,1108313,5679,2019-06-03 22:00:00-05,0.008,0.339,3257,2019-06-03 22:00:00
1108314,1108314,5679,2019-06-03 22:15:00-05,0.008,0.338,3258,2019-06-03 22:15:00
1108315,1108315,5679,2019-06-03 22:30:00-05,0.008,0.159,3259,2019-06-03 22:30:00
1108316,1108316,5679,2019-06-03 22:45:00-05,0.008,0.225,3260,2019-06-03 22:45:00
1108317,1108317,5679,2019-06-03 23:00:00-05,0.008,0.159,3261,2019-06-03 23:00:00
1108318,1108318,5679,2019-06-03 23:15:00-05,0.008,0.216,3262,2019-06-03 23:15:00
1108319,1108319,5679,2019-06-03 23:30:00-05,0.008,0.157,3263,2019-06-03 23:30:00
1108320,1108320,5679,2019-06-03 23:45:00-05,0.008,0.29,3264,2019-06-03 23:45:00
1108321,1108321,5679,2019-06-04 00:00:00-05,0.008,0.284,3265,2019-06-04 00:00:00
1108322,1108322,5679,2019-06-04 00:15:00-05,0.008,0.299,3266,2019-06-04 00:15:00
1108323,1108323,5679,2019-06-04 00:30:00-05,0.008,0.378,3267,2019-06-04 00:30:00
1108324,1108324,5679,2019-06-04 00:45:00-05,0.008,0.328,3268,2019-06-04 00:45:00
1108325,1108325,5679,2019-06-04 01:00:00-05,0.008,0.274,3269,2019-06-04 01:00:00
1108326,1108326,5679,2019-06-04 01:15:00-05,0.008,0.157,3270,2019-06-04 01:15:00
1108327,1108327,5679,2019-06-04 01:30:00-05,0.008,0.325,3271,2019-06-04 01:30:00
1108328,1108328,5679,2019-06-04 01:45:00-05,0.008,0.312,3272,2019-06-04 01:45:00
1108329,1108329,5679,2019-06-04 02:00:00-05,0.008,0.291,3273,2019-06-04 02:00:00
1108330,1108330,5679,2019-06-04 02:15:00-05,0.008,0.429,3274,2019-06-04 02:15:00
1108331,1108331,5679,2019-06-04 02:30:00-05,0.008,0.382,3275,2019-06-04 02:30:00
1108332,1108332,5679,2019-06-04 02:45:00-05,0.008,0.429,3276,2019-06-04 02:45:00
1108333,1108333,5679,2019-06-04 03:00:00-05,0.008,0.379,3277,2019-06-04 03:00:00
1108334,1108334,5679,2019-06-04 03:15:00-05,0.008,0.353,3278,2019-06-04 03:15:00
1108335,1108335,5679,2019-06-04 03:30:00-05,0.008,0.313,3279,2019-06-04 03:30:00
1108336,1108336,5679,2019-06-04 03:45:00-05,0.008,0.27,3280,2019-06-04 03:45:00
1108337,1108337,5679,2019-06-04 04:00:00-05,0.008,0.259,3281,2019-06-04 04:00:00
1108338,1108338,5679,2019-06-04 04:15:00-05,0.008,0.157,3282,2019-06-04 04:15:00
1108339,1108339,5679,2019-06-04 04:30:00-05,0.014,0.483,3283,2019-06-04 04:30:00
1108340,1108340,5679,2019-06-04 04:45:00-05,0.035,0.494,3284,2019-06-04 04:45:00
1108341,1108341,5679,2019-06-04 05:00:00-05,0.085,0.381,3285,2019-06-04 05:00:00
1108342,1108342,5679,2019-06-04 05:15:00-05,0.192,0.232,3286,2019-06-04 05:15:00
1108343,1108343,5679,2019-06-04 05:30:00-05,0.207,0.124,3287,2019-06-04 05:30:00
1108344,1108344,5679,2019-06-04 05:45:00-05,0.212,0.496,3288,2019-06-04 05:45:00
1108345,1108345,5679,2019-06-04 06:00:00-05,0.187,0.432,3289,2019-06-04 06:00:00
1108346,1108346,5679,2019-06-04 06:15:00-05,0.228,0.313,3290,2019-06-04 06:15:00
1108347,1108347,5679,2019-06-04 06:30:00-05,0.263,0.225,3291,2019-06-04 06:30:00
1108348,1108348,5679,2019-06-04 06:45:00-05,0.305,0.224,3292,2019-06-04 06:45:00
1108349,1108349,5679,2019-06-04 07:00:00-05,0.447,0.483,3293,2019-06-04 07:00:00
1108350,1108350,5679,2019-06-04 07:15:00-05,0.587,0.886,3294,2019-06-04 07:15:00
1108351,1108351,5679,2019-06-04 07:30:00-05,0.839,0.997,3295,2019-06-04 07:30:00
1108352,1108352,5679,2019-06-04 07:45:00-05,1.592,0.297,3296,2019-06-04 07:45:00
1108353,1108353,5679,2019-06-04 08:00:00-05,1.974,0.037,3297,2019-06-04 08:00:00
1108354,1108354,5679,2019-06-04 08:15:00-05,2.196,-0.619,3298,2019-06-04 08:15:00
1108355,1108355,5679,2019-06-04 08:30:00-05,2.442,-2.028,3299,2019-06-04 08:30:00
1108356,1108356,5679,2019-06-04 08:45:00-05,2.769,-2.414,3300,2019-06-04 08:45:00
1108357,1108357,5679,2019-06-04 09:00:00-05,3.092,-2.82,3301,2019-06-04 09:00:00
1108358,1108358,5679,2019-06-04 09:15:00-05,2.604,-2.283,3302,2019-06-04 09:15:00
1108359,1108359,5679,2019-06-04 09:30:00-05,3.054,-2.779,3303,2019-06-04 09:30:00
1108360,1108360,5679,2019-06-04 09:45:00-05,1.792,-1.457,3304,2019-06-04 09:45:00
1108361,1108361,5679,2019-06-04 10:00:00-05,2.072,-1.32,3305,2019-06-04 10:00:00
1108362,1108362,5679,2019-06-04 10:15:00-05,3.445,-3.065,3306,2019-06-04 10:15:00
1108363,1108363,5679,2019-06-04 10:30:00-05,2.405,-1.977,3307,2019-06-04 10:30:00
1108364,1108364,5679,2019-06-04 10:45:00-05,3.651,-3.088,3308,2019-06-04 10:45:00
1108365,1108365,5679,2019-06-04 11:00:00-05,2.308,-2.004,3309,2019-06-04 11:00:00
1108366,1108366,5679,2019-06-04 11:15:00-05,1.774,-1.444,3310,2019-06-04 11:15:00
1108367,1108367,5679,2019-06-04 11:30:00-05,1.182,-0.855,3311,2019-06-04 11:30:00
1108368,1108368,5679,2019-06-04 11:45:00-05,1.462,-1.114,3312,2019-06-04 11:45:00
1108369,1108369,5679,2019-06-04 12:00:00-05,3.165,-2.875,3313,2019-06-04 12:00:00
1108370,1108370,5679,2019-06-04 12:15:00-05,3.275,-2.885,3314,2019-06-04 12:15:00
1108371,1108371,5679,2019-06-04 12:30:00-05,2.236,-1.833,3315,2019-06-04 12:30:00
1108372,1108372,5679,2019-06-04 12:45:00-05,2.279,-1.87,3316,2019-06-04 12:45:00
1108373,1108373,5679,2019-06-04 13:00:00-05,1.227,-0.81,3317,2019-06-04 13:00:00
1108374,1108374,5679,2019-06-04 13:15:00-05,1.592,-1.21,3318,2019-06-04 13:15:00
1108375,1108375,5679,2019-06-04 13:30:00-05,2.437,-2.092,3319,2019-06-04 13:30:00
1108376,1108376,5679,2019-06-04 13:45:00-05,0.994,-0.674,3320,2019-06-04 13:45:00
1108377,1108377,5679,2019-06-04 14:00:00-05,0.411,-0.064,3321,2019-06-04 14:00:00
1108378,1108378,5679,2019-06-04 14:15:00-05,0.427,-0.211,3322,2019-06-04 14:15:00
1108379,1108379,5679,2019-06-04 14:30:00-05,0.357,-0.183,3323,2019-06-04 14:30:00
1108380,1108380,5679,2019-06-04 14:45:00-05,0.342,-0.064,3324,2019-06-04 14:45:00
1108381,1108381,5679,2019-06-04 15:00:00-05,0.202,0.232,3325,2019-06-04 15:00:00
1108382,1108382,5679,2019-06-04 15:15:00-05,0.245,0.457,3326,2019-06-04 15:15:00
1108383,1108383,5679,2019-06-04 15:30:00-05,0.309,0.165,3327,2019-06-04 15:30:00
1108384,1108384,5679,2019-06-04 15:45:00-05,0.313,0.377,3328,2019-06-04 15:45:00
1108385,1108385,5679,2019-06-04 16:00:00-05,0.556,0.127,3329,2019-06-04 16:00:00
1108386,1108386,5679,2019-06-04 16:15:00-05,0.975,-0.124,3330,2019-06-04 16:15:00
1108387,1108387,5679,2019-06-04 16:30:00-05,0.811,-0.37,3331,2019-06-04 16:30:00
1108388,1108388,5679,2019-06-04 16:45:00-05,0.733,-0.411,3332,2019-06-04 16:45:00
1108389,1108389,5679,2019-06-04 17:00:00-05,0.65,-0.267,3333,2019-06-04 17:00:00
1108390,1108390,5679,2019-06-04 17:15:00-05,0.6,-0.185,3334,2019-06-04 17:15:00
1108391,1108391,5679,2019-06-04 17:30:00-05,0.309,0.069,3335,2019-06-04 17:30:00
1108392,1108392,5679,2019-06-04 17:45:00-05,0.296,0.161,3336,2019-06-04 17:45:00
1108393,1108393,5679,2019-06-04 18:00:00-05,0.397,0.741,3337,2019-06-04 18:00:00
1108394,1108394,5679,2019-06-04 18:15:00-05,0.396,1.081,3338,2019-06-04 18:15:00
1108395,1108395,5679,2019-06-04 18:30:00-05,0.208,1.039,3339,2019-06-04 18:30:00
1108396,1108396,5679,2019-06-04 18:45:00-05,0.053,1.078,3340,2019-06-04 18:45:00
1108397,1108397,5679,2019-06-04 19:00:00-05,0.027,1.159,3341,2019-06-04 19:00:00
1108398,1108398,5679,2019-06-04 19:15:00-05,0.007,0.358,3342,2019-06-04 19:15:00
1108399,1108399,5679,2019-06-04 19:30:00-05,0.007,0.396,3343,2019-06-04 19:30:00
1108400,1108400,5679,2019-06-04 19:45:00-05,0.007,0.365,3344,2019-06-04 19:45:00
1108401,1108401,5679,2019-06-04 20:00:00-05,0.007,0.356,3345,2019-06-04 20:00:00
1108402,1108402,5679,2019-06-04 20:15:00-05,0.007,0.345,3346,2019-06-04 20:15:00
1108403,1108403,5679,2019-06-04 20:30:00-05,0.007,0.487,3347,2019-06-04 20:30:00
1108404,1108404,5679,2019-06-04 20:45:00-05,0.008,0.277,3348,2019-06-04 20:45:00
1108405,1108405,5679,2019-06-04 21:00:00-05,0.007,0.306,3349,2019-06-04 21:00:00
1108406,1108406,5679,2019-06-04 21:15:00-05,0.007,0.425,3350,2019-06-04 21:15:00
1108407,1108407,5679,2019-06-04 21:30:00-05,0.007,0.374,3351,2019-06-04 21:30:00
1108408,1108408,5679,2019-06-04 21:45:00-05,0.008,0.378,3352,2019-06-04 21:45:00
1108409,1108409,5679,2019-06-04 22:00:00-05,0.008,0.323,3353,2019-06-04 22:00:00
1108410,1108410,5679,2019-06-04 22:15:00-05,0.007,0.27,3354,2019-06-04 22:15:00
1108411,1108411,5679,2019-06-04 22:30:00-05,0.007,0.318,3355,2019-06-04 22:30:00
1108412,1108412,5679,2019-06-04 22:45:00-05,0.007,0.29,3356,2019-06-04 22:45:00
1108413,1108413,5679,2019-06-04 23:00:00-05,0.008,0.285,3357,2019-06-04 23:00:00
1108414,1108414,5679,2019-06-04 23:15:00-05,0.008,0.322,3358,2019-06-04 23:15:00
1108415,1108415,5679,2019-06-04 23:30:00-05,0.008,0.255,3359,2019-06-04 23:30:00
1108416,1108416,5679,2019-06-04 23:45:00-05,0.008,0.205,3360,2019-06-04 23:45:00
1108417,1108417,5679,2019-06-05 00:00:00-05,0.008,0.17,3361,2019-06-05 00:00:00
1108418,1108418,5679,2019-06-05 00:15:00-05,0.008,0.208,3362,2019-06-05 00:15:00
1108419,1108419,5679,2019-06-05 00:30:00-05,0.008,0.313,3363,2019-06-05 00:30:00
1108420,1108420,5679,2019-06-05 00:45:00-05,0.008,0.274,3364,2019-06-05 00:45:00
1108421,1108421,5679,2019-06-05 01:00:00-05,0.008,0.313,3365,2019-06-05 01:00:00
1108422,1108422,5679,2019-06-05 01:15:00-05,0.008,0.236,3366,2019-06-05 01:15:00
1108423,1108423,5679,2019-06-05 01:30:00-05,0.008,0.224,3367,2019-06-05 01:30:00
1108424,1108424,5679,2019-06-05 01:45:00-05,0.008,0.299,3368,2019-06-05 01:45:00
1108425,1108425,5679,2019-06-05 02:00:00-05,0.008,0.298,3369,2019-06-05 02:00:00
1108426,1108426,5679,2019-06-05 02:15:00-05,0.008,0.321,3370,2019-06-05 02:15:00
1108427,1108427,5679,2019-06-05 02:30:00-05,0.008,0.279,3371,2019-06-05 02:30:00
1108428,1108428,5679,2019-06-05 02:45:00-05,0.007,0.429,3372,2019-06-05 02:45:00
1108429,1108429,5679,2019-06-05 03:00:00-05,0.008,0.376,3373,2019-06-05 03:00:00
1108430,1108430,5679,2019-06-05 03:15:00-05,0.007,0.649,3374,2019-06-05 03:15:00
1108431,1108431,5679,2019-06-05 03:30:00-05,0.007,0.865,3375,2019-06-05 03:30:00
1108432,1108432,5679,2019-06-05 03:45:00-05,0.007,0.472,3376,2019-06-05 03:45:00
1108433,1108433,5679,2019-06-05 04:00:00-05,0.007,0.629,3377,2019-06-05 04:00:00
1108434,1108434,5679,2019-06-05 04:15:00-05,0.008,0.412,3378,2019-06-05 04:15:00
1108435,1108435,5679,2019-06-05 04:30:00-05,0.007,0.527,3379,2019-06-05 04:30:00
1108436,1108436,5679,2019-06-05 04:45:00-05,0.007,1.064,3380,2019-06-05 04:45:00
1108437,1108437,5679,2019-06-05 05:00:00-05,0.012,5.293,3381,2019-06-05 05:00:00
1108438,1108438,5679,2019-06-05 05:15:00-05,0.03,4.887,3382,2019-06-05 05:15:00
1108439,1108439,5679,2019-06-05 05:30:00-05,0.1,2.8,3383,2019-06-05 05:30:00
1108440,1108440,5679,2019-06-05 05:45:00-05,0.185,0.607,3384,2019-06-05 05:45:00
1108441,1108441,5679,2019-06-05 06:00:00-05,0.2,0.142,3385,2019-06-05 06:00:00
1108442,1108442,5679,2019-06-05 06:15:00-05,0.351,3.152,3386,2019-06-05 06:15:00
1108443,1108443,5679,2019-06-05 06:30:00-05,0.526,4.163,3387,2019-06-05 06:30:00
1108444,1108444,5679,2019-06-05 06:45:00-05,0.737,3.144,3388,2019-06-05 06:45:00
1108445,1108445,5679,2019-06-05 07:00:00-05,0.865,0.314,3389,2019-06-05 07:00:00
1108446,1108446,5679,2019-06-05 07:15:00-05,0.606,-0.412,3390,2019-06-05 07:15:00
1108447,1108447,5679,2019-06-05 07:30:00-05,1.125,2.13,3391,2019-06-05 07:30:00
1108448,1108448,5679,2019-06-05 07:45:00-05,1.681,5.359,3392,2019-06-05 07:45:00
1108449,1108449,5679,2019-06-05 08:00:00-05,1.304,5.906,3393,2019-06-05 08:00:00
1108450,1108450,5679,2019-06-05 08:15:00-05,1.612,5.7,3394,2019-06-05 08:15:00
1108451,1108451,5679,2019-06-05 08:30:00-05,2.142,5.095,3395,2019-06-05 08:30:00
1108452,1108452,5679,2019-06-05 08:45:00-05,2.082,5.176,3396,2019-06-05 08:45:00
1108453,1108453,5679,2019-06-05 09:00:00-05,2.078,4.35,3397,2019-06-05 09:00:00
1108454,1108454,5679,2019-06-05 09:15:00-05,2.789,-2.09,3398,2019-06-05 09:15:00
1108455,1108455,5679,2019-06-05 09:30:00-05,1.152,-0.828,3399,2019-06-05 09:30:00
1108456,1108456,5679,2019-06-05 09:45:00-05,2.364,-2.131,3400,2019-06-05 09:45:00
1108457,1108457,5679,2019-06-05 10:00:00-05,2.177,-1.963,3401,2019-06-05 10:00:00
1108458,1108458,5679,2019-06-05 10:15:00-05,3.206,-3.031,3402,2019-06-05 10:15:00
1108459,1108459,5679,2019-06-05 10:30:00-05,2.989,-2.711,3403,2019-06-05 10:30:00
1108460,1108460,5679,2019-06-05 10:45:00-05,3.897,-3.612,3404,2019-06-05 10:45:00
1108461,1108461,5679,2019-06-05 11:00:00-05,2.864,-2.296,3405,2019-06-05 11:00:00
1108462,1108462,5679,2019-06-05 11:15:00-05,2.735,-2.266,3406,2019-06-05 11:15:00
1108463,1108463,5679,2019-06-05 11:30:00-05,2.954,-2.681,3407,2019-06-05 11:30:00
1108464,1108464,5679,2019-06-05 11:45:00-05,2.79,-2.508,3408,2019-06-05 11:45:00
1108465,1108465,5679,2019-06-05 12:00:00-05,2.399,-2.218,3409,2019-06-05 12:00:00
1108466,1108466,5679,2019-06-05 12:15:00-05,2.386,-2.099,3410,2019-06-05 12:15:00
1108467,1108467,5679,2019-06-05 12:30:00-05,1.652,-1.283,3411,2019-06-05 12:30:00
1108468,1108468,5679,2019-06-05 12:45:00-05,0.885,-0.589,3412,2019-06-05 12:45:00
1108469,1108469,5679,2019-06-05 13:00:00-05,0.74,0.894,3413,2019-06-05 13:00:00
1108470,1108470,5679,2019-06-05 13:15:00-05,0.856,7.051,3414,2019-06-05 13:15:00
1108471,1108471,5679,2019-06-05 13:30:00-05,0.646,6.618,3415,2019-06-05 13:30:00
1108472,1108472,5679,2019-06-05 13:45:00-05,0.925,4.057,3416,2019-06-05 13:45:00
1108473,1108473,5679,2019-06-05 14:00:00-05,1.197,-0.44,3417,2019-06-05 14:00:00
1108474,1108474,5679,2019-06-05 14:15:00-05,0.805,-0.36,3418,2019-06-05 14:15:00
1108475,1108475,5679,2019-06-05 14:30:00-05,0.426,0.072,3419,2019-06-05 14:30:00
1108476,1108476,5679,2019-06-05 14:45:00-05,0.232,0.143,3420,2019-06-05 14:45:00
1108477,1108477,5679,2019-06-05 15:00:00-05,0.477,-0.088,3421,2019-06-05 15:00:00
1108478,1108478,5679,2019-06-05 15:15:00-05,0.351,-0.003,3422,2019-06-05 15:15:00
1108479,1108479,5679,2019-06-05 15:30:00-05,0.429,-0.026,3423,2019-06-05 15:30:00
1108480,1108480,5679,2019-06-05 15:45:00-05,0.422,-0.115,3424,2019-06-05 15:45:00
1108481,1108481,5679,2019-06-05 16:00:00-05,0.539,-0.129,3425,2019-06-05 16:00:00
1108482,1108482,5679,2019-06-05 16:15:00-05,0.536,-0.125,3426,2019-06-05 16:15:00
1108483,1108483,5679,2019-06-05 16:30:00-05,0.542,-0.039,3427,2019-06-05 16:30:00
1108484,1108484,5679,2019-06-05 16:45:00-05,0.399,0.13,3428,2019-06-05 16:45:00
1108485,1108485,5679,2019-06-05 17:00:00-05,0.21,0.874,3429,2019-06-05 17:00:00
1108486,1108486,5679,2019-06-05 17:15:00-05,0.197,0.646,3430,2019-06-05 17:15:00
1108487,1108487,5679,2019-06-05 17:30:00-05,0.222,3.668,3431,2019-06-05 17:30:00
1108488,1108488,5679,2019-06-05 17:45:00-05,0.293,2.603,3432,2019-06-05 17:45:00
1108489,1108489,5679,2019-06-05 18:00:00-05,0.251,2.305,3433,2019-06-05 18:00:00
1108490,1108490,5679,2019-06-05 18:15:00-05,0.187,0.321,3434,2019-06-05 18:15:00
1108491,1108491,5679,2019-06-05 18:30:00-05,0.081,0.296,3435,2019-06-05 18:30:00
1108492,1108492,5679,2019-06-05 18:45:00-05,0.053,0.44,3436,2019-06-05 18:45:00
1108493,1108493,5679,2019-06-05 19:00:00-05,0.011,0.479,3437,2019-06-05 19:00:00
1108494,1108494,5679,2019-06-05 19:15:00-05,0.006,0.543,3438,2019-06-05 19:15:00
1108495,1108495,5679,2019-06-05 19:30:00-05,0.006,0.563,3439,2019-06-05 19:30:00
1108496,1108496,5679,2019-06-05 19:45:00-05,0.006,0.334,3440,2019-06-05 19:45:00
1108497,1108497,5679,2019-06-05 20:00:00-05,0.007,0.292,3441,2019-06-05 20:00:00
1108498,1108498,5679,2019-06-05 20:15:00-05,0.007,0.252,3442,2019-06-05 20:15:00
1108499,1108499,5679,2019-06-05 20:30:00-05,0.006,0.275,3443,2019-06-05 20:30:00
1108500,1108500,5679,2019-06-05 20:45:00-05,0.006,0.289,3444,2019-06-05 20:45:00
1108501,1108501,5679,2019-06-05 21:00:00-05,0.006,0.268,3445,2019-06-05 21:00:00
1108502,1108502,5679,2019-06-05 21:15:00-05,0.006,0.393,3446,2019-06-05 21:15:00
1108503,1108503,5679,2019-06-05 21:30:00-05,0.006,0.379,3447,2019-06-05 21:30:00
1108504,1108504,5679,2019-06-05 21:45:00-05,0.007,0.217,3448,2019-06-05 21:45:00
1108505,1108505,5679,2019-06-05 22:00:00-05,0.007,0.323,3449,2019-06-05 22:00:00
1108506,1108506,5679,2019-06-05 22:15:00-05,0.006,0.483,3450,2019-06-05 22:15:00
1108507,1108507,5679,2019-06-05 22:30:00-05,0.007,0.424,3451,2019-06-05 22:30:00
1108508,1108508,5679,2019-06-05 22:45:00-05,0.007,0.437,3452,2019-06-05 22:45:00
1108509,1108509,5679,2019-06-05 23:00:00-05,0.006,0.569,3453,2019-06-05 23:00:00
1108510,1108510,5679,2019-06-05 23:15:00-05,0.007,0.507,3454,2019-06-05 23:15:00
1108511,1108511,5679,2019-06-05 23:30:00-05,0.007,0.399,3455,2019-06-05 23:30:00
1108512,1108512,5679,2019-06-05 23:45:00-05,0.007,0.446,3456,2019-06-05 23:45:00
1108513,1108513,5679,2019-06-06 00:00:00-05,0.007,0.327,3457,2019-06-06 00:00:00
1108514,1108514,5679,2019-06-06 00:15:00-05,0.007,0.324,3458,2019-06-06 00:15:00
1108515,1108515,5679,2019-06-06 00:30:00-05,0.007,0.336,3459,2019-06-06 00:30:00
1108516,1108516,5679,2019-06-06 00:45:00-05,0.007,0.195,3460,2019-06-06 00:45:00
1108517,1108517,5679,2019-06-06 01:00:00-05,0.007,0.219,3461,2019-06-06 01:00:00
1108518,1108518,5679,2019-06-06 01:15:00-05,0.007,0.207,3462,2019-06-06 01:15:00
1108519,1108519,5679,2019-06-06 01:30:00-05,0.007,0.328,3463,2019-06-06 01:30:00
1108520,1108520,5679,2019-06-06 01:45:00-05,0.007,0.311,3464,2019-06-06 01:45:00
1108521,1108521,5679,2019-06-06 02:00:00-05,0.007,0.288,3465,2019-06-06 02:00:00
1108522,1108522,5679,2019-06-06 02:15:00-05,0.007,0.322,3466,2019-06-06 02:15:00
1108523,1108523,5679,2019-06-06 02:30:00-05,0.007,0.181,3467,2019-06-06 02:30:00
1108524,1108524,5679,2019-06-06 02:45:00-05,0.007,0.214,3468,2019-06-06 02:45:00
1108525,1108525,5679,2019-06-06 03:00:00-05,0.007,0.218,3469,2019-06-06 03:00:00
1108526,1108526,5679,2019-06-06 03:15:00-05,0.007,0.307,3470,2019-06-06 03:15:00
1108527,1108527,5679,2019-06-06 03:30:00-05,0.007,0.335,3471,2019-06-06 03:30:00
1108528,1108528,5679,2019-06-06 03:45:00-05,0.007,0.337,3472,2019-06-06 03:45:00
1108529,1108529,5679,2019-06-06 04:00:00-05,0.007,0.451,3473,2019-06-06 04:00:00
1108530,1108530,5679,2019-06-06 04:15:00-05,0.007,0.407,3474,2019-06-06 04:15:00
1108531,1108531,5679,2019-06-06 04:30:00-05,0.007,0.427,3475,2019-06-06 04:30:00
1108532,1108532,5679,2019-06-06 04:45:00-05,0.009,0.97,3476,2019-06-06 04:45:00
1108533,1108533,5679,2019-06-06 05:00:00-05,0.02,0.225,3477,2019-06-06 05:00:00
1108534,1108534,5679,2019-06-06 05:15:00-05,0.043,0.231,3478,2019-06-06 05:15:00
1108535,1108535,5679,2019-06-06 05:30:00-05,0.126,0.061,3479,2019-06-06 05:30:00
1108536,1108536,5679,2019-06-06 05:45:00-05,0.165,0.198,3480,2019-06-06 05:45:00
1108537,1108537,5679,2019-06-06 06:00:00-05,0.102,0.494,3481,2019-06-06 06:00:00
1108538,1108538,5679,2019-06-06 06:15:00-05,0.084,0.326,3482,2019-06-06 06:15:00
1108539,1108539,5679,2019-06-06 06:30:00-05,0.08,0.393,3483,2019-06-06 06:30:00
1108540,1108540,5679,2019-06-06 06:45:00-05,0.11,0.436,3484,2019-06-06 06:45:00
1108541,1108541,5679,2019-06-06 07:00:00-05,0.158,0.499,3485,2019-06-06 07:00:00
1108542,1108542,5679,2019-06-06 07:15:00-05,0.217,0.519,3486,2019-06-06 07:15:00
1108543,1108543,5679,2019-06-06 07:30:00-05,0.214,0.391,3487,2019-06-06 07:30:00
1108544,1108544,5679,2019-06-06 07:45:00-05,0.169,0.478,3488,2019-06-06 07:45:00
1108545,1108545,5679,2019-06-06 08:00:00-05,0.19,0.886,3489,2019-06-06 08:00:00
1108546,1108546,5679,2019-06-06 08:15:00-05,0.292,0.395,3490,2019-06-06 08:15:00
1108547,1108547,5679,2019-06-06 08:30:00-05,0.32,0.029,3491,2019-06-06 08:30:00
1108548,1108548,5679,2019-06-06 08:45:00-05,0.296,0.052,3492,2019-06-06 08:45:00
1108549,1108549,5679,2019-06-06 09:00:00-05,0.335,0.088,3493,2019-06-06 09:00:00
1108550,1108550,5679,2019-06-06 09:15:00-05,0.329,0.059,3494,2019-06-06 09:15:00
1108551,1108551,5679,2019-06-06 09:30:00-05,0.38,-0.062,3495,2019-06-06 09:30:00
1108552,1108552,5679,2019-06-06 09:45:00-05,0.446,-0.179,3496,2019-06-06 09:45:00
1108553,1108553,5679,2019-06-06 10:00:00-05,0.656,-0.402,3497,2019-06-06 10:00:00
1108554,1108554,5679,2019-06-06 10:15:00-05,1.517,-1.347,3498,2019-06-06 10:15:00
1108555,1108555,5679,2019-06-06 10:30:00-05,1.197,-1.011,3499,2019-06-06 10:30:00
1108556,1108556,5679,2019-06-06 10:45:00-05,1.363,-1.161,3500,2019-06-06 10:45:00
1108557,1108557,5679,2019-06-06 11:00:00-05,1.394,-1.241,3501,2019-06-06 11:00:00
1108558,1108558,5679,2019-06-06 11:15:00-05,1.592,-1.388,3502,2019-06-06 11:15:00
1108559,1108559,5679,2019-06-06 11:30:00-05,2.094,-1.844,3503,2019-06-06 11:30:00
1108560,1108560,5679,2019-06-06 11:45:00-05,3.88,-3.581,3504,2019-06-06 11:45:00
1108561,1108561,5679,2019-06-06 12:00:00-05,4.519,-4.232,3505,2019-06-06 12:00:00
1108562,1108562,5679,2019-06-06 12:15:00-05,4.28,-4.017,3506,2019-06-06 12:15:00
1108563,1108563,5679,2019-06-06 12:30:00-05,4.586,-4.248,3507,2019-06-06 12:30:00
1108564,1108564,5679,2019-06-06 12:45:00-05,4.353,-4.094,3508,2019-06-06 12:45:00
1108565,1108565,5679,2019-06-06 13:00:00-05,4.262,-3.958,3509,2019-06-06 13:00:00
1108566,1108566,5679,2019-06-06 13:15:00-05,3.783,-3.489,3510,2019-06-06 13:15:00
1108567,1108567,5679,2019-06-06 13:30:00-05,3.435,-3.162,3511,2019-06-06 13:30:00
1108568,1108568,5679,2019-06-06 13:45:00-05,3.123,-2.814,3512,2019-06-06 13:45:00
1108569,1108569,5679,2019-06-06 14:00:00-05,2.761,-2.438,3513,2019-06-06 14:00:00
1108570,1108570,5679,2019-06-06 14:15:00-05,2.432,-2.086,3514,2019-06-06 14:15:00
1108571,1108571,5679,2019-06-06 14:30:00-05,1.997,-1.716,3515,2019-06-06 14:30:00
1108572,1108572,5679,2019-06-06 14:45:00-05,1.666,-1.375,3516,2019-06-06 14:45:00
1108573,1108573,5679,2019-06-06 15:00:00-05,1.255,-0.943,3517,2019-06-06 15:00:00
1108574,1108574,5679,2019-06-06 15:15:00-05,0.919,-0.721,3518,2019-06-06 15:15:00
1108575,1108575,5679,2019-06-06 15:30:00-05,0.606,-0.398,3519,2019-06-06 15:30:00
1108576,1108576,5679,2019-06-06 15:45:00-05,0.497,-0.319,3520,2019-06-06 15:45:00
1108577,1108577,5679,2019-06-06 16:00:00-05,0.425,-0.232,3521,2019-06-06 16:00:00
1108578,1108578,5679,2019-06-06 16:15:00-05,0.351,-0.141,3522,2019-06-06 16:15:00
1108579,1108579,5679,2019-06-06 16:30:00-05,0.312,-0.144,3523,2019-06-06 16:30:00
1108580,1108580,5679,2019-06-06 16:45:00-05,0.298,0.022,3524,2019-06-06 16:45:00
1108581,1108581,5679,2019-06-06 17:00:00-05,0.273,0.001,3525,2019-06-06 17:00:00
1108582,1108582,5679,2019-06-06 17:15:00-05,0.252,0.186,3526,2019-06-06 17:15:00
1108583,1108583,5679,2019-06-06 17:30:00-05,0.226,0.191,3527,2019-06-06 17:30:00
1108584,1108584,5679,2019-06-06 17:45:00-05,0.201,0.158,3528,2019-06-06 17:45:00
1108585,1108585,5679,2019-06-06 18:00:00-05,0.174,0.151,3529,2019-06-06 18:00:00
1108586,1108586,5679,2019-06-06 18:15:00-05,0.153,0.123,3530,2019-06-06 18:15:00
1108587,1108587,5679,2019-06-06 18:30:00-05,0.129,0.324,3531,2019-06-06 18:30:00
1108588,1108588,5679,2019-06-06 18:45:00-05,0.102,0.209,3532,2019-06-06 18:45:00
1108589,1108589,5679,2019-06-06 19:00:00-05,0.066,0.194,3533,2019-06-06 19:00:00
1108590,1108590,5679,2019-06-06 19:15:00-05,0.035,0.383,3534,2019-06-06 19:15:00
1108591,1108591,5679,2019-06-06 19:30:00-05,0.011,0.381,3535,2019-06-06 19:30:00
1108592,1108592,5679,2019-06-06 19:45:00-05,0.007,0.43,3536,2019-06-06 19:45:00
1108593,1108593,5679,2019-06-06 20:00:00-05,0.007,0.42,3537,2019-06-06 20:00:00
1108594,1108594,5679,2019-06-06 20:15:00-05,0.007,0.421,3538,2019-06-06 20:15:00
1108595,1108595,5679,2019-06-06 20:30:00-05,0.007,0.231,3539,2019-06-06 20:30:00
1108596,1108596,5679,2019-06-06 20:45:00-05,0.007,0.172,3540,2019-06-06 20:45:00
1108597,1108597,5679,2019-06-06 21:00:00-05,0.007,0.215,3541,2019-06-06 21:00:00
1108598,1108598,5679,2019-06-06 21:15:00-05,0.007,0.166,3542,2019-06-06 21:15:00
1108599,1108599,5679,2019-06-06 21:30:00-05,0.007,0.214,3543,2019-06-06 21:30:00
1108600,1108600,5679,2019-06-06 21:45:00-05,0.007,0.214,3544,2019-06-06 21:45:00
1108601,1108601,5679,2019-06-06 22:00:00-05,0.007,0.308,3545,2019-06-06 22:00:00
1108602,1108602,5679,2019-06-06 22:15:00-05,0.007,0.322,3546,2019-06-06 22:15:00
1108603,1108603,5679,2019-06-06 22:30:00-05,0.007,0.409,3547,2019-06-06 22:30:00
1108604,1108604,5679,2019-06-06 22:45:00-05,0.007,0.22,3548,2019-06-06 22:45:00
1108605,1108605,5679,2019-06-06 23:00:00-05,0.007,0.246,3549,2019-06-06 23:00:00
1108606,1108606,5679,2019-06-06 23:15:00-05,0.007,0.41,3550,2019-06-06 23:15:00
1108607,1108607,5679,2019-06-06 23:30:00-05,0.007,0.44,3551,2019-06-06 23:30:00
1108608,1108608,5679,2019-06-06 23:45:00-05,0.007,0.396,3552,2019-06-06 23:45:00
1108609,1108609,5679,2019-06-07 00:00:00-05,0.007,0.439,3553,2019-06-07 00:00:00
1108610,1108610,5679,2019-06-07 00:15:00-05,0.007,0.39,3554,2019-06-07 00:15:00
1108611,1108611,5679,2019-06-07 00:30:00-05,0.007,0.428,3555,2019-06-07 00:30:00
1108612,1108612,5679,2019-06-07 00:45:00-05,0.007,0.41,3556,2019-06-07 00:45:00
1108613,1108613,5679,2019-06-07 01:00:00-05,0.008,0.283,3557,2019-06-07 01:00:00
1108614,1108614,5679,2019-06-07 01:15:00-05,0.008,0.244,3558,2019-06-07 01:15:00
1108615,1108615,5679,2019-06-07 01:30:00-05,0.008,0.168,3559,2019-06-07 01:30:00
1108616,1108616,5679,2019-06-07 01:45:00-05,0.008,0.211,3560,2019-06-07 01:45:00
1108617,1108617,5679,2019-06-07 02:00:00-05,0.008,0.271,3561,2019-06-07 02:00:00
1108618,1108618,5679,2019-06-07 02:15:00-05,0.008,0.287,3562,2019-06-07 02:15:00
1108619,1108619,5679,2019-06-07 02:30:00-05,0.008,0.322,3563,2019-06-07 02:30:00
1108620,1108620,5679,2019-06-07 02:45:00-05,0.008,0.274,3564,2019-06-07 02:45:00
1108621,1108621,5679,2019-06-07 03:00:00-05,0.008,0.284,3565,2019-06-07 03:00:00
1108622,1108622,5679,2019-06-07 03:15:00-05,0.008,0.198,3566,2019-06-07 03:15:00
1108623,1108623,5679,2019-06-07 03:30:00-05,0.008,0.18,3567,2019-06-07 03:30:00
1108624,1108624,5679,2019-06-07 03:45:00-05,0.008,0.213,3568,2019-06-07 03:45:00
1108625,1108625,5679,2019-06-07 04:00:00-05,0.008,0.164,3569,2019-06-07 04:00:00
1108626,1108626,5679,2019-06-07 04:15:00-05,0.009,0.267,3570,2019-06-07 04:15:00
1108627,1108627,5679,2019-06-07 04:30:00-05,0.02,0.375,3571,2019-06-07 04:30:00
1108628,1108628,5679,2019-06-07 04:45:00-05,0.039,0.402,3572,2019-06-07 04:45:00
1108629,1108629,5679,2019-06-07 05:00:00-05,0.06,0.368,3573,2019-06-07 05:00:00
1108630,1108630,5679,2019-06-07 05:15:00-05,0.082,0.312,3574,2019-06-07 05:15:00
1108631,1108631,5679,2019-06-07 05:30:00-05,0.116,0.254,3575,2019-06-07 05:30:00
1108632,1108632,5679,2019-06-07 05:45:00-05,0.16,0.116,3576,2019-06-07 05:45:00
1108633,1108633,5679,2019-06-07 06:00:00-05,0.196,0.353,3577,2019-06-07 06:00:00
1108634,1108634,5679,2019-06-07 06:15:00-05,0.228,0.073,3578,2019-06-07 06:15:00
1108635,1108635,5679,2019-06-07 06:30:00-05,0.276,-0.025,3579,2019-06-07 06:30:00
1108636,1108636,5679,2019-06-07 06:45:00-05,0.345,-0.154,3580,2019-06-07 06:45:00
1108637,1108637,5679,2019-06-07 07:00:00-05,0.491,-0.205,3581,2019-06-07 07:00:00
1108638,1108638,5679,2019-06-07 07:15:00-05,0.626,-0.32,3582,2019-06-07 07:15:00
1108639,1108639,5679,2019-06-07 07:30:00-05,0.888,-0.609,3583,2019-06-07 07:30:00
1108640,1108640,5679,2019-06-07 07:45:00-05,1.572,-1.264,3584,2019-06-07 07:45:00
1108641,1108641,5679,2019-06-07 08:00:00-05,1.918,-1.662,3585,2019-06-07 08:00:00
1108642,1108642,5679,2019-06-07 08:15:00-05,2.118,-1.92,3586,2019-06-07 08:15:00
1108643,1108643,5679,2019-06-07 08:30:00-05,2.302,-2.12,3587,2019-06-07 08:30:00
1108644,1108644,5679,2019-06-07 08:45:00-05,2.497,-2.323,3588,2019-06-07 08:45:00
1108645,1108645,5679,2019-06-07 09:00:00-05,2.86,-2.66,3589,2019-06-07 09:00:00
1108646,1108646,5679,2019-06-07 09:15:00-05,3.027,-2.882,3590,2019-06-07 09:15:00
1108647,1108647,5679,2019-06-07 09:30:00-05,3.311,-2.993,3591,2019-06-07 09:30:00
1108648,1108648,5679,2019-06-07 09:45:00-05,3.524,-3.147,3592,2019-06-07 09:45:00
1108649,1108649,5679,2019-06-07 10:00:00-05,3.698,-3.275,3593,2019-06-07 10:00:00
1108650,1108650,5679,2019-06-07 10:15:00-05,3.831,-3.433,3594,2019-06-07 10:15:00
1108651,1108651,5679,2019-06-07 10:30:00-05,3.951,-3.581,3595,2019-06-07 10:30:00
1108652,1108652,5679,2019-06-07 10:45:00-05,4.044,-3.736,3596,2019-06-07 10:45:00
1108653,1108653,5679,2019-06-07 11:00:00-05,4.117,-3.886,3597,2019-06-07 11:00:00
1108654,1108654,5679,2019-06-07 11:15:00-05,4.158,-3.969,3598,2019-06-07 11:15:00
1108655,1108655,5679,2019-06-07 11:30:00-05,4.148,-3.985,3599,2019-06-07 11:30:00
1108656,1108656,5679,2019-06-07 11:45:00-05,4.18,-4.014,3600,2019-06-07 11:45:00
1108657,1108657,5679,2019-06-07 12:00:00-05,4.201,-3.962,3601,2019-06-07 12:00:00
1108658,1108658,5679,2019-06-07 12:15:00-05,4.208,-3.958,3602,2019-06-07 12:15:00
1108659,1108659,5679,2019-06-07 12:30:00-05,4.061,-3.759,3603,2019-06-07 12:30:00
1108660,1108660,5679,2019-06-07 12:45:00-05,3.941,-3.694,3604,2019-06-07 12:45:00
1108661,1108661,5679,2019-06-07 13:00:00-05,3.836,-3.539,3605,2019-06-07 13:00:00
1108662,1108662,5679,2019-06-07 13:15:00-05,3.592,-3.396,3606,2019-06-07 13:15:00
1108663,1108663,5679,2019-06-07 13:30:00-05,3.293,-3.065,3607,2019-06-07 13:30:00
1108664,1108664,5679,2019-06-07 13:45:00-05,2.917,-2.602,3608,2019-06-07 13:45:00
1108665,1108665,5679,2019-06-07 14:00:00-05,2.56,-2.298,3609,2019-06-07 14:00:00
1108666,1108666,5679,2019-06-07 14:15:00-05,2.256,-1.944,3610,2019-06-07 14:15:00
1108667,1108667,5679,2019-06-07 14:30:00-05,1.92,-1.599,3611,2019-06-07 14:30:00
1108668,1108668,5679,2019-06-07 14:45:00-05,1.649,-1.239,3612,2019-06-07 14:45:00
1108669,1108669,5679,2019-06-07 15:00:00-05,1.308,-0.904,3613,2019-06-07 15:00:00
1108670,1108670,5679,2019-06-07 15:15:00-05,0.937,-0.673,3614,2019-06-07 15:15:00
1108671,1108671,5679,2019-06-07 15:30:00-05,0.683,-0.369,3615,2019-06-07 15:30:00
1108672,1108672,5679,2019-06-07 15:45:00-05,0.634,-0.445,3616,2019-06-07 15:45:00
1108673,1108673,5679,2019-06-07 16:00:00-05,0.55,-0.35,3617,2019-06-07 16:00:00
1108674,1108674,5679,2019-06-07 16:15:00-05,0.545,-0.342,3618,2019-06-07 16:15:00
1108675,1108675,5679,2019-06-07 16:30:00-05,0.423,-0.259,3619,2019-06-07 16:30:00
1108676,1108676,5679,2019-06-07 16:45:00-05,0.441,-0.23,3620,2019-06-07 16:45:00
1108677,1108677,5679,2019-06-07 17:00:00-05,0.443,-0.265,3621,2019-06-07 17:00:00
1108678,1108678,5679,2019-06-07 17:15:00-05,0.398,-0.077,3622,2019-06-07 17:15:00
1108679,1108679,5679,2019-06-07 17:30:00-05,0.358,-0.079,3623,2019-06-07 17:30:00
1108680,1108680,5679,2019-06-07 17:45:00-05,0.292,0.013,3624,2019-06-07 17:45:00
1108681,1108681,5679,2019-06-07 18:00:00-05,0.249,0.163,3625,2019-06-07 18:00:00
1108682,1108682,5679,2019-06-07 18:15:00-05,0.196,0.153,3626,2019-06-07 18:15:00
1108683,1108683,5679,2019-06-07 18:30:00-05,0.145,0.181,3627,2019-06-07 18:30:00
1108684,1108684,5679,2019-06-07 18:45:00-05,0.117,0.161,3628,2019-06-07 18:45:00
1108685,1108685,5679,2019-06-07 19:00:00-05,0.081,0.243,3629,2019-06-07 19:00:00
1108686,1108686,5679,2019-06-07 19:15:00-05,0.045,0.278,3630,2019-06-07 19:15:00
1108687,1108687,5679,2019-06-07 19:30:00-05,0.015,0.279,3631,2019-06-07 19:30:00
1108688,1108688,5679,2019-06-07 19:45:00-05,0.006,0.291,3632,2019-06-07 19:45:00
1108689,1108689,5679,2019-06-07 20:00:00-05,0.006,0.275,3633,2019-06-07 20:00:00
1108690,1108690,5679,2019-06-07 20:15:00-05,0.006,0.321,3634,2019-06-07 20:15:00
1108691,1108691,5679,2019-06-07 20:30:00-05,0.007,0.28,3635,2019-06-07 20:30:00
1108692,1108692,5679,2019-06-07 20:45:00-05,0.007,0.333,3636,2019-06-07 20:45:00
1108693,1108693,5679,2019-06-07 21:00:00-05,0.007,0.22,3637,2019-06-07 21:00:00
1108694,1108694,5679,2019-06-07 21:15:00-05,0.007,0.183,3638,2019-06-07 21:15:00
1108695,1108695,5679,2019-06-07 21:30:00-05,0.007,0.214,3639,2019-06-07 21:30:00
1108696,1108696,5679,2019-06-07 21:45:00-05,0.007,0.166,3640,2019-06-07 21:45:00
1108697,1108697,5679,2019-06-07 22:00:00-05,0.007,0.216,3641,2019-06-07 22:00:00
1108698,1108698,5679,2019-06-07 22:15:00-05,0.007,0.174,3642,2019-06-07 22:15:00
1108699,1108699,5679,2019-06-07 22:30:00-05,0.007,0.323,3643,2019-06-07 22:30:00
1108700,1108700,5679,2019-06-07 22:45:00-05,0.007,0.305,3644,2019-06-07 22:45:00
1108701,1108701,5679,2019-06-07 23:00:00-05,0.007,0.393,3645,2019-06-07 23:00:00
1108702,1108702,5679,2019-06-07 23:15:00-05,0.007,0.539,3646,2019-06-07 23:15:00
1108703,1108703,5679,2019-06-07 23:30:00-05,0.007,0.5,3647,2019-06-07 23:30:00
1108704,1108704,5679,2019-06-07 23:45:00-05,0.007,0.379,3648,2019-06-07 23:45:00
1108705,1108705,5679,2019-06-08 00:00:00-05,0.007,0.315,3649,2019-06-08 00:00:00
1108706,1108706,5679,2019-06-08 00:15:00-05,0.007,0.314,3650,2019-06-08 00:15:00
1108707,1108707,5679,2019-06-08 00:30:00-05,0.007,0.332,3651,2019-06-08 00:30:00
1108708,1108708,5679,2019-06-08 00:45:00-05,0.007,0.283,3652,2019-06-08 00:45:00
1108709,1108709,5679,2019-06-08 01:00:00-05,0.007,0.397,3653,2019-06-08 01:00:00
1108710,1108710,5679,2019-06-08 01:15:00-05,0.007,0.372,3654,2019-06-08 01:15:00
1108711,1108711,5679,2019-06-08 01:30:00-05,0.007,0.212,3655,2019-06-08 01:30:00
1108712,1108712,5679,2019-06-08 01:45:00-05,0.007,0.299,3656,2019-06-08 01:45:00
1108713,1108713,5679,2019-06-08 02:00:00-05,0.007,0.31,3657,2019-06-08 02:00:00
1108714,1108714,5679,2019-06-08 02:15:00-05,0.007,0.324,3658,2019-06-08 02:15:00
1108715,1108715,5679,2019-06-08 02:30:00-05,0.007,0.275,3659,2019-06-08 02:30:00
1108716,1108716,5679,2019-06-08 02:45:00-05,0.007,0.323,3660,2019-06-08 02:45:00
1108717,1108717,5679,2019-06-08 03:00:00-05,0.008,0.271,3661,2019-06-08 03:00:00
1108718,1108718,5679,2019-06-08 03:15:00-05,0.007,0.378,3662,2019-06-08 03:15:00
1108719,1108719,5679,2019-06-08 03:30:00-05,0.007,0.432,3663,2019-06-08 03:30:00
1108720,1108720,5679,2019-06-08 03:45:00-05,0.008,0.306,3664,2019-06-08 03:45:00
1108721,1108721,5679,2019-06-08 04:00:00-05,0.008,0.329,3665,2019-06-08 04:00:00
1108722,1108722,5679,2019-06-08 04:15:00-05,0.008,0.31,3666,2019-06-08 04:15:00
1108723,1108723,5679,2019-06-08 04:30:00-05,0.017,0.32,3667,2019-06-08 04:30:00
1108724,1108724,5679,2019-06-08 04:45:00-05,0.035,0.21,3668,2019-06-08 04:45:00
1108725,1108725,5679,2019-06-08 05:00:00-05,0.053,0.186,3669,2019-06-08 05:00:00
1108726,1108726,5679,2019-06-08 05:15:00-05,0.069,0.249,3670,2019-06-08 05:15:00
1108727,1108727,5679,2019-06-08 05:30:00-05,0.1,0.18,3671,2019-06-08 05:30:00
1108728,1108728,5679,2019-06-08 05:45:00-05,0.133,0.185,3672,2019-06-08 05:45:00
1108729,1108729,5679,2019-06-08 06:00:00-05,0.161,0.101,3673,2019-06-08 06:00:00
1108730,1108730,5679,2019-06-08 06:15:00-05,0.191,0.022,3674,2019-06-08 06:15:00
1108731,1108731,5679,2019-06-08 06:30:00-05,0.229,-0.043,3675,2019-06-08 06:30:00
1108732,1108732,5679,2019-06-08 06:45:00-05,0.287,-0.101,3676,2019-06-08 06:45:00
1108733,1108733,5679,2019-06-08 07:00:00-05,0.43,-0.175,3677,2019-06-08 07:00:00
1108734,1108734,5679,2019-06-08 07:15:00-05,0.56,-0.281,3678,2019-06-08 07:15:00
1108735,1108735,5679,2019-06-08 07:30:00-05,0.792,-0.416,3679,2019-06-08 07:30:00
1108736,1108736,5679,2019-06-08 07:45:00-05,1.493,-1.11,3680,2019-06-08 07:45:00
1108737,1108737,5679,2019-06-08 08:00:00-05,1.824,-1.398,3681,2019-06-08 08:00:00
1108738,1108738,5679,2019-06-08 08:15:00-05,2.026,-1.719,3682,2019-06-08 08:15:00
1108739,1108739,5679,2019-06-08 08:30:00-05,2.278,-2.01,3683,2019-06-08 08:30:00
1108740,1108740,5679,2019-06-08 08:45:00-05,2.583,-2.389,3684,2019-06-08 08:45:00
1108741,1108741,5679,2019-06-08 09:00:00-05,2.904,-2.76,3685,2019-06-08 09:00:00
1108742,1108742,5679,2019-06-08 09:15:00-05,3.149,-2.959,3686,2019-06-08 09:15:00
1108743,1108743,5679,2019-06-08 09:30:00-05,3.334,-3.186,3687,2019-06-08 09:30:00
1108744,1108744,5679,2019-06-08 09:45:00-05,3.507,-3.324,3688,2019-06-08 09:45:00
1108745,1108745,5679,2019-06-08 10:00:00-05,3.649,-3.4,3689,2019-06-08 10:00:00
1108746,1108746,5679,2019-06-08 10:15:00-05,3.786,-3.393,3690,2019-06-08 10:15:00
1108747,1108747,5679,2019-06-08 10:30:00-05,3.914,-3.497,3691,2019-06-08 10:30:00
1108748,1108748,5679,2019-06-08 10:45:00-05,4.042,-3.677,3692,2019-06-08 10:45:00
1108749,1108749,5679,2019-06-08 11:00:00-05,4.151,-3.769,3693,2019-06-08 11:00:00
1108750,1108750,5679,2019-06-08 11:15:00-05,4.17,-4.028,3694,2019-06-08 11:15:00
1108751,1108751,5679,2019-06-08 11:30:00-05,4.198,-4.015,3695,2019-06-08 11:30:00
1108752,1108752,5679,2019-06-08 11:45:00-05,4.228,-4.048,3696,2019-06-08 11:45:00
1108753,1108753,5679,2019-06-08 12:00:00-05,4.115,-3.963,3697,2019-06-08 12:00:00
1108754,1108754,5679,2019-06-08 12:15:00-05,3.953,-3.767,3698,2019-06-08 12:15:00
1108755,1108755,5679,2019-06-08 12:30:00-05,3.787,-3.603,3699,2019-06-08 12:30:00
1108756,1108756,5679,2019-06-08 12:45:00-05,3.855,-3.551,3700,2019-06-08 12:45:00
1108757,1108757,5679,2019-06-08 13:00:00-05,3.676,-3.3,3701,2019-06-08 13:00:00
1108758,1108758,5679,2019-06-08 13:15:00-05,3.556,-3.142,3702,2019-06-08 13:15:00
1108759,1108759,5679,2019-06-08 13:30:00-05,3.222,-2.822,3703,2019-06-08 13:30:00
1108760,1108760,5679,2019-06-08 13:45:00-05,2.864,-2.554,3704,2019-06-08 13:45:00
1108761,1108761,5679,2019-06-08 14:00:00-05,2.529,-2.282,3705,2019-06-08 14:00:00
1108762,1108762,5679,2019-06-08 14:15:00-05,2.226,-2.078,3706,2019-06-08 14:15:00
1108763,1108763,5679,2019-06-08 14:30:00-05,1.82,-1.621,3707,2019-06-08 14:30:00
1108764,1108764,5679,2019-06-08 14:45:00-05,1.543,-1.381,3708,2019-06-08 14:45:00
1108765,1108765,5679,2019-06-08 15:00:00-05,1.151,-0.96,3709,2019-06-08 15:00:00
1108766,1108766,5679,2019-06-08 15:15:00-05,0.83,-0.534,3710,2019-06-08 15:15:00
1108767,1108767,5679,2019-06-08 15:30:00-05,0.566,-0.288,3711,2019-06-08 15:30:00
1108768,1108768,5679,2019-06-08 15:45:00-05,0.473,-0.148,3712,2019-06-08 15:45:00
1108769,1108769,5679,2019-06-08 16:00:00-05,0.392,-0.005,3713,2019-06-08 16:00:00
1108770,1108770,5679,2019-06-08 16:15:00-05,0.333,0.051,3714,2019-06-08 16:15:00
1108771,1108771,5679,2019-06-08 16:30:00-05,0.327,-0.029,3715,2019-06-08 16:30:00
1108772,1108772,5679,2019-06-08 16:45:00-05,0.401,-0.104,3716,2019-06-08 16:45:00
1108773,1108773,5679,2019-06-08 17:00:00-05,0.401,-0.079,3717,2019-06-08 17:00:00
1108774,1108774,5679,2019-06-08 17:15:00-05,0.358,-0.174,3718,2019-06-08 17:15:00
1108775,1108775,5679,2019-06-08 17:30:00-05,0.343,-0.133,3719,2019-06-08 17:30:00
1108776,1108776,5679,2019-06-08 17:45:00-05,0.302,-0.051,3720,2019-06-08 17:45:00
1108777,1108777,5679,2019-06-08 18:00:00-05,0.308,0.01,3721,2019-06-08 18:00:00
1108778,1108778,5679,2019-06-08 18:15:00-05,0.251,0.029,3722,2019-06-08 18:15:00
1108779,1108779,5679,2019-06-08 18:30:00-05,0.186,0.122,3723,2019-06-08 18:30:00
1108780,1108780,5679,2019-06-08 18:45:00-05,0.137,0.179,3724,2019-06-08 18:45:00
1108781,1108781,5679,2019-06-08 19:00:00-05,0.082,0.092,3725,2019-06-08 19:00:00
1108782,1108782,5679,2019-06-08 19:15:00-05,0.041,0.179,3726,2019-06-08 19:15:00
1108783,1108783,5679,2019-06-08 19:30:00-05,0.009,0.261,3727,2019-06-08 19:30:00
1108784,1108784,5679,2019-06-08 19:45:00-05,0.006,0.333,3728,2019-06-08 19:45:00
1108785,1108785,5679,2019-06-08 20:00:00-05,0.006,0.304,3729,2019-06-08 20:00:00
1108786,1108786,5679,2019-06-08 20:15:00-05,0.006,0.325,3730,2019-06-08 20:15:00
1108787,1108787,5679,2019-06-08 20:30:00-05,0.006,0.439,3731,2019-06-08 20:30:00
1108788,1108788,5679,2019-06-08 20:45:00-05,0.006,0.337,3732,2019-06-08 20:45:00
1108789,1108789,5679,2019-06-08 21:00:00-05,0.006,0.321,3733,2019-06-08 21:00:00
1108790,1108790,5679,2019-06-08 21:15:00-05,0.006,0.272,3734,2019-06-08 21:15:00
1108791,1108791,5679,2019-06-08 21:30:00-05,0.007,0.265,3735,2019-06-08 21:30:00
1108792,1108792,5679,2019-06-08 21:45:00-05,0.007,0.209,3736,2019-06-08 21:45:00
1108793,1108793,5679,2019-06-08 22:00:00-05,0.007,0.176,3737,2019-06-08 22:00:00
1108794,1108794,5679,2019-06-08 22:15:00-05,0.007,0.216,3738,2019-06-08 22:15:00
1108795,1108795,5679,2019-06-08 22:30:00-05,0.007,0.167,3739,2019-06-08 22:30:00
1108796,1108796,5679,2019-06-08 22:45:00-05,0.007,0.292,3740,2019-06-08 22:45:00
1108797,1108797,5679,2019-06-08 23:00:00-05,0.007,0.387,3741,2019-06-08 23:00:00
1108798,1108798,5679,2019-06-08 23:15:00-05,0.007,0.431,3742,2019-06-08 23:15:00
1108799,1108799,5679,2019-06-08 23:30:00-05,0.007,0.428,3743,2019-06-08 23:30:00
1108800,1108800,5679,2019-06-08 23:45:00-05,0.006,0.668,3744,2019-06-08 23:45:00
1108801,1108801,5679,2019-06-09 00:00:00-05,0.007,0.282,3745,2019-06-09 00:00:00
1108802,1108802,5679,2019-06-09 00:15:00-05,0.007,0.283,3746,2019-06-09 00:15:00
1108803,1108803,5679,2019-06-09 00:30:00-05,0.007,0.166,3747,2019-06-09 00:30:00
1108804,1108804,5679,2019-06-09 00:45:00-05,0.007,0.236,3748,2019-06-09 00:45:00
1108805,1108805,5679,2019-06-09 01:00:00-05,0.007,0.165,3749,2019-06-09 01:00:00
1108806,1108806,5679,2019-06-09 01:15:00-05,0.007,0.286,3750,2019-06-09 01:15:00
1108807,1108807,5679,2019-06-09 01:30:00-05,0.007,0.358,3751,2019-06-09 01:30:00
1108808,1108808,5679,2019-06-09 01:45:00-05,0.007,0.374,3752,2019-06-09 01:45:00
1108809,1108809,5679,2019-06-09 02:00:00-05,0.007,0.286,3753,2019-06-09 02:00:00
1108810,1108810,5679,2019-06-09 02:15:00-05,0.007,0.361,3754,2019-06-09 02:15:00
1108811,1108811,5679,2019-06-09 02:30:00-05,0.007,0.311,3755,2019-06-09 02:30:00
1108812,1108812,5679,2019-06-09 02:45:00-05,0.007,0.233,3756,2019-06-09 02:45:00
1108813,1108813,5679,2019-06-09 03:00:00-05,0.007,0.522,3757,2019-06-09 03:00:00
1108814,1108814,5679,2019-06-09 03:15:00-05,0.007,0.318,3758,2019-06-09 03:15:00
1108815,1108815,5679,2019-06-09 03:30:00-05,0.007,0.438,3759,2019-06-09 03:30:00
1108816,1108816,5679,2019-06-09 03:45:00-05,0.007,0.404,3760,2019-06-09 03:45:00
1108817,1108817,5679,2019-06-09 04:00:00-05,0.007,0.437,3761,2019-06-09 04:00:00
1108818,1108818,5679,2019-06-09 04:15:00-05,0.007,0.379,3762,2019-06-09 04:15:00
1108819,1108819,5679,2019-06-09 04:30:00-05,0.016,0.317,3763,2019-06-09 04:30:00
1108820,1108820,5679,2019-06-09 04:45:00-05,0.036,0.28,3764,2019-06-09 04:45:00
1108821,1108821,5679,2019-06-09 05:00:00-05,0.057,0.237,3765,2019-06-09 05:00:00
1108822,1108822,5679,2019-06-09 05:15:00-05,0.075,0.157,3766,2019-06-09 05:15:00
1108823,1108823,5679,2019-06-09 05:30:00-05,0.102,0.063,3767,2019-06-09 05:30:00
1108824,1108824,5679,2019-06-09 05:45:00-05,0.127,0.15,3768,2019-06-09 05:45:00
1108825,1108825,5679,2019-06-09 06:00:00-05,0.153,0.132,3769,2019-06-09 06:00:00
1108826,1108826,5679,2019-06-09 06:15:00-05,0.205,0.103,3770,2019-06-09 06:15:00
1108827,1108827,5679,2019-06-09 06:30:00-05,0.241,0.075,3771,2019-06-09 06:30:00
1108828,1108828,5679,2019-06-09 06:45:00-05,0.296,-0.022,3772,2019-06-09 06:45:00
1108829,1108829,5679,2019-06-09 07:00:00-05,0.426,-0.102,3773,2019-06-09 07:00:00
1108830,1108830,5679,2019-06-09 07:15:00-05,0.55,-0.251,3774,2019-06-09 07:15:00
1108831,1108831,5679,2019-06-09 07:30:00-05,0.776,-0.448,3775,2019-06-09 07:30:00
1108832,1108832,5679,2019-06-09 07:45:00-05,1.41,-1.109,3776,2019-06-09 07:45:00
1108833,1108833,5679,2019-06-09 08:00:00-05,1.784,-1.494,3777,2019-06-09 08:00:00
1108834,1108834,5679,2019-06-09 08:15:00-05,1.913,-1.557,3778,2019-06-09 08:15:00
1108835,1108835,5679,2019-06-09 08:30:00-05,2.104,-1.792,3779,2019-06-09 08:30:00
1108836,1108836,5679,2019-06-09 08:45:00-05,2.368,-2.06,3780,2019-06-09 08:45:00
1108837,1108837,5679,2019-06-09 09:00:00-05,2.685,-2.432,3781,2019-06-09 09:00:00
1108838,1108838,5679,2019-06-09 09:15:00-05,2.923,-2.622,3782,2019-06-09 09:15:00
1108839,1108839,5679,2019-06-09 09:30:00-05,3.177,-2.994,3783,2019-06-09 09:30:00
1108840,1108840,5679,2019-06-09 09:45:00-05,3.278,-3.115,3784,2019-06-09 09:45:00
1108841,1108841,5679,2019-06-09 10:00:00-05,3.398,-3.205,3785,2019-06-09 10:00:00
1108842,1108842,5679,2019-06-09 10:15:00-05,3.695,-3.555,3786,2019-06-09 10:15:00
1108843,1108843,5679,2019-06-09 10:30:00-05,3.746,-3.557,3787,2019-06-09 10:30:00
1108844,1108844,5679,2019-06-09 10:45:00-05,3.081,-2.922,3788,2019-06-09 10:45:00
1108845,1108845,5679,2019-06-09 11:00:00-05,3.866,-3.452,3789,2019-06-09 11:00:00
1108846,1108846,5679,2019-06-09 11:15:00-05,4.034,-3.64,3790,2019-06-09 11:15:00
1108847,1108847,5679,2019-06-09 11:30:00-05,3.884,-3.488,3791,2019-06-09 11:30:00
1108848,1108848,5679,2019-06-09 11:45:00-05,2.721,-2.301,3792,2019-06-09 11:45:00
1108849,1108849,5679,2019-06-09 12:00:00-05,4.122,-3.78,3793,2019-06-09 12:00:00
1108850,1108850,5679,2019-06-09 12:15:00-05,4.283,-4.028,3794,2019-06-09 12:15:00
1108851,1108851,5679,2019-06-09 12:30:00-05,4.032,-3.885,3795,2019-06-09 12:30:00
1108852,1108852,5679,2019-06-09 12:45:00-05,3.762,-3.579,3796,2019-06-09 12:45:00
1108853,1108853,5679,2019-06-09 13:00:00-05,3.835,-3.658,3797,2019-06-09 13:00:00
1108854,1108854,5679,2019-06-09 13:15:00-05,3.199,-3.036,3798,2019-06-09 13:15:00
1108855,1108855,5679,2019-06-09 13:30:00-05,3.223,-2.979,3799,2019-06-09 13:30:00
1108856,1108856,5679,2019-06-09 13:45:00-05,2.809,-2.546,3800,2019-06-09 13:45:00
1108857,1108857,5679,2019-06-09 14:00:00-05,2.468,-2.149,3801,2019-06-09 14:00:00
1108858,1108858,5679,2019-06-09 14:15:00-05,2.233,-1.848,3802,2019-06-09 14:15:00
1108859,1108859,5679,2019-06-09 14:30:00-05,1.87,-1.448,3803,2019-06-09 14:30:00
1108860,1108860,5679,2019-06-09 14:45:00-05,1.464,-1.091,3804,2019-06-09 14:45:00
1108861,1108861,5679,2019-06-09 15:00:00-05,1.365,-1.092,3805,2019-06-09 15:00:00
1108862,1108862,5679,2019-06-09 15:15:00-05,1.182,-0.862,3806,2019-06-09 15:15:00
1108863,1108863,5679,2019-06-09 15:30:00-05,1.132,-0.921,3807,2019-06-09 15:30:00
1108864,1108864,5679,2019-06-09 15:45:00-05,0.865,-0.662,3808,2019-06-09 15:45:00
1108865,1108865,5679,2019-06-09 16:00:00-05,0.672,-0.489,3809,2019-06-09 16:00:00
1108866,1108866,5679,2019-06-09 16:15:00-05,0.797,-0.547,3810,2019-06-09 16:15:00
1108867,1108867,5679,2019-06-09 16:30:00-05,0.726,-0.407,3811,2019-06-09 16:30:00
1108868,1108868,5679,2019-06-09 16:45:00-05,0.507,-0.24,3812,2019-06-09 16:45:00
1108869,1108869,5679,2019-06-09 17:00:00-05,0.371,-0.056,3813,2019-06-09 17:00:00
1108870,1108870,5679,2019-06-09 17:15:00-05,0.396,-0.12,3814,2019-06-09 17:15:00
1108871,1108871,5679,2019-06-09 17:30:00-05,0.486,-0.266,3815,2019-06-09 17:30:00
1108872,1108872,5679,2019-06-09 17:45:00-05,0.469,-0.139,3816,2019-06-09 17:45:00
1108873,1108873,5679,2019-06-09 18:00:00-05,0.393,-0.114,3817,2019-06-09 18:00:00
1108874,1108874,5679,2019-06-09 18:15:00-05,0.308,0.018,3818,2019-06-09 18:15:00
1108875,1108875,5679,2019-06-09 18:30:00-05,0.245,0.042,3819,2019-06-09 18:30:00
1108876,1108876,5679,2019-06-09 18:45:00-05,0.153,0.196,3820,2019-06-09 18:45:00
1108877,1108877,5679,2019-06-09 19:00:00-05,0.078,0.299,3821,2019-06-09 19:00:00
1108878,1108878,5679,2019-06-09 19:15:00-05,0.032,0.278,3822,2019-06-09 19:15:00
1108879,1108879,5679,2019-06-09 19:30:00-05,0.008,0.321,3823,2019-06-09 19:30:00
1108880,1108880,5679,2019-06-09 19:45:00-05,0.006,0.272,3824,2019-06-09 19:45:00
1108881,1108881,5679,2019-06-09 20:00:00-05,0.006,0.28,3825,2019-06-09 20:00:00
1108882,1108882,5679,2019-06-09 20:15:00-05,0.006,0.182,3826,2019-06-09 20:15:00
1108883,1108883,5679,2019-06-09 20:30:00-05,0.006,0.21,3827,2019-06-09 20:30:00
1108884,1108884,5679,2019-06-09 20:45:00-05,0.006,0.281,3828,2019-06-09 20:45:00
1108885,1108885,5679,2019-06-09 21:00:00-05,0.006,0.285,3829,2019-06-09 21:00:00
1108886,1108886,5679,2019-06-09 21:15:00-05,0.006,0.33,3830,2019-06-09 21:15:00
1108887,1108887,5679,2019-06-09 21:30:00-05,0.006,0.357,3831,2019-06-09 21:30:00
1108888,1108888,5679,2019-06-09 21:45:00-05,0.006,0.438,3832,2019-06-09 21:45:00
1108889,1108889,5679,2019-06-09 22:00:00-05,0.006,0.317,3833,2019-06-09 22:00:00
1108890,1108890,5679,2019-06-09 22:15:00-05,0.006,0.299,3834,2019-06-09 22:15:00
1108891,1108891,5679,2019-06-09 22:30:00-05,0.006,0.32,3835,2019-06-09 22:30:00
1108892,1108892,5679,2019-06-09 22:45:00-05,0.007,0.185,3836,2019-06-09 22:45:00
1108893,1108893,5679,2019-06-09 23:00:00-05,0.007,0.214,3837,2019-06-09 23:00:00
1108894,1108894,5679,2019-06-09 23:15:00-05,0.007,0.177,3838,2019-06-09 23:15:00
1108895,1108895,5679,2019-06-09 23:30:00-05,0.007,0.203,3839,2019-06-09 23:30:00
1108896,1108896,5679,2019-06-09 23:45:00-05,0.007,0.24,3840,2019-06-09 23:45:00
1108897,1108897,5679,2019-06-10 00:00:00-05,0.007,0.298,3841,2019-06-10 00:00:00
1108898,1108898,5679,2019-06-10 00:15:00-05,0.007,0.444,3842,2019-06-10 00:15:00
1108899,1108899,5679,2019-06-10 00:30:00-05,0.007,0.39,3843,2019-06-10 00:30:00
1108900,1108900,5679,2019-06-10 00:45:00-05,0.007,0.437,3844,2019-06-10 00:45:00
1108901,1108901,5679,2019-06-10 01:00:00-05,0.007,0.395,3845,2019-06-10 01:00:00
1108902,1108902,5679,2019-06-10 01:15:00-05,0.007,0.262,3846,2019-06-10 01:15:00
1108903,1108903,5679,2019-06-10 01:30:00-05,0.007,0.214,3847,2019-06-10 01:30:00
1108904,1108904,5679,2019-06-10 01:45:00-05,0.007,0.166,3848,2019-06-10 01:45:00
1108905,1108905,5679,2019-06-10 02:00:00-05,0.007,0.214,3849,2019-06-10 02:00:00
1108906,1108906,5679,2019-06-10 02:15:00-05,0.007,0.178,3850,2019-06-10 02:15:00
1108907,1108907,5679,2019-06-10 02:30:00-05,0.007,0.201,3851,2019-06-10 02:30:00
1108908,1108908,5679,2019-06-10 02:45:00-05,0.007,0.279,3852,2019-06-10 02:45:00
1108909,1108909,5679,2019-06-10 03:00:00-05,0.007,0.384,3853,2019-06-10 03:00:00
1108910,1108910,5679,2019-06-10 03:15:00-05,0.007,0.476,3854,2019-06-10 03:15:00
1108911,1108911,5679,2019-06-10 03:30:00-05,0.007,0.329,3855,2019-06-10 03:30:00
1108912,1108912,5679,2019-06-10 03:45:00-05,0.007,0.589,3856,2019-06-10 03:45:00
1108913,1108913,5679,2019-06-10 04:00:00-05,0.007,0.41,3857,2019-06-10 04:00:00
1108914,1108914,5679,2019-06-10 04:15:00-05,0.008,0.497,3858,2019-06-10 04:15:00
1108915,1108915,5679,2019-06-10 04:30:00-05,0.021,0.45,3859,2019-06-10 04:30:00
1108916,1108916,5679,2019-06-10 04:45:00-05,0.059,0.331,3860,2019-06-10 04:45:00
1108917,1108917,5679,2019-06-10 05:00:00-05,0.1,0.338,3861,2019-06-10 05:00:00
1108918,1108918,5679,2019-06-10 05:15:00-05,0.164,0.19,3862,2019-06-10 05:15:00
1108919,1108919,5679,2019-06-10 05:30:00-05,0.265,0.018,3863,2019-06-10 05:30:00
1108920,1108920,5679,2019-06-10 05:45:00-05,0.31,-0.098,3864,2019-06-10 05:45:00
1108921,1108921,5679,2019-06-10 06:00:00-05,0.359,-0.198,3865,2019-06-10 06:00:00
1108922,1108922,5679,2019-06-10 06:15:00-05,0.443,-0.231,3866,2019-06-10 06:15:00
1108923,1108923,5679,2019-06-10 06:30:00-05,0.669,-0.51,3867,2019-06-10 06:30:00
1108924,1108924,5679,2019-06-10 06:45:00-05,0.575,-0.367,3868,2019-06-10 06:45:00
1108925,1108925,5679,2019-06-10 07:00:00-05,0.575,-0.296,3869,2019-06-10 07:00:00
1108926,1108926,5679,2019-06-10 07:15:00-05,0.711,-0.424,3870,2019-06-10 07:15:00
1108927,1108927,5679,2019-06-10 07:30:00-05,0.696,-0.38,3871,2019-06-10 07:30:00
1108928,1108928,5679,2019-06-10 07:45:00-05,1.006,-0.742,3872,2019-06-10 07:45:00
1108929,1108929,5679,2019-06-10 08:00:00-05,1.1,-0.826,3873,2019-06-10 08:00:00
1108930,1108930,5679,2019-06-10 08:15:00-05,0.987,-0.693,3874,2019-06-10 08:15:00
1108931,1108931,5679,2019-06-10 08:30:00-05,1.005,-0.697,3875,2019-06-10 08:30:00
1108932,1108932,5679,2019-06-10 08:45:00-05,1.055,-0.735,3876,2019-06-10 08:45:00
1108933,1108933,5679,2019-06-10 09:00:00-05,1.114,-0.843,3877,2019-06-10 09:00:00
1108934,1108934,5679,2019-06-10 09:15:00-05,1.02,-0.684,3878,2019-06-10 09:15:00
1108935,1108935,5679,2019-06-10 09:30:00-05,1.493,-1.112,3879,2019-06-10 09:30:00
1108936,1108936,5679,2019-06-10 09:45:00-05,1.273,-0.947,3880,2019-06-10 09:45:00
1108937,1108937,5679,2019-06-10 10:00:00-05,1.036,-0.749,3881,2019-06-10 10:00:00
1108938,1108938,5679,2019-06-10 10:15:00-05,1.057,-0.768,3882,2019-06-10 10:15:00
1108939,1108939,5679,2019-06-10 10:30:00-05,0.681,-0.419,3883,2019-06-10 10:30:00
1108940,1108940,5679,2019-06-10 10:45:00-05,0.53,-0.371,3884,2019-06-10 10:45:00
1108941,1108941,5679,2019-06-10 11:00:00-05,0.807,-0.6,3885,2019-06-10 11:00:00
1108942,1108942,5679,2019-06-10 11:15:00-05,1.03,-0.858,3886,2019-06-10 11:15:00
1108943,1108943,5679,2019-06-10 11:30:00-05,0.984,-0.796,3887,2019-06-10 11:30:00
1108944,1108944,5679,2019-06-10 11:45:00-05,1.006,-0.738,3888,2019-06-10 11:45:00
1108945,1108945,5679,2019-06-10 12:00:00-05,1.002,-0.609,3889,2019-06-10 12:00:00
1108946,1108946,5679,2019-06-10 12:15:00-05,1.154,-0.724,3890,2019-06-10 12:15:00
1108947,1108947,5679,2019-06-10 12:30:00-05,0.631,-0.248,3891,2019-06-10 12:30:00
1108948,1108948,5679,2019-06-10 12:45:00-05,0.374,0.053,3892,2019-06-10 12:45:00
1108949,1108949,5679,2019-06-10 13:00:00-05,0.575,-0.26,3893,2019-06-10 13:00:00
1108950,1108950,5679,2019-06-10 13:15:00-05,0.771,-0.572,3894,2019-06-10 13:15:00
1108951,1108951,5679,2019-06-10 13:30:00-05,0.438,-0.226,3895,2019-06-10 13:30:00
1108952,1108952,5679,2019-06-10 13:45:00-05,0.422,-0.26,3896,2019-06-10 13:45:00
1108953,1108953,5679,2019-06-10 14:00:00-05,0.589,-0.381,3897,2019-06-10 14:00:00
1108954,1108954,5679,2019-06-10 14:15:00-05,1.128,2.429,3898,2019-06-10 14:15:00
1108955,1108955,5679,2019-06-10 14:30:00-05,1.125,6.233,3899,2019-06-10 14:30:00
1108956,1108956,5679,2019-06-10 14:45:00-05,0.668,6.698,3900,2019-06-10 14:45:00
1108957,1108957,5679,2019-06-10 15:00:00-05,0.794,6.523,3901,2019-06-10 15:00:00
1108958,1108958,5679,2019-06-10 15:15:00-05,0.681,6.647,3902,2019-06-10 15:15:00
1108959,1108959,5679,2019-06-10 15:30:00-05,0.61,6.745,3903,2019-06-10 15:30:00
1108960,1108960,5679,2019-06-10 15:45:00-05,0.57,5.04,3904,2019-06-10 15:45:00
1108961,1108961,5679,2019-06-10 16:00:00-05,0.773,-0.326,3905,2019-06-10 16:00:00
1108962,1108962,5679,2019-06-10 16:15:00-05,0.601,-0.281,3906,2019-06-10 16:15:00
1108963,1108963,5679,2019-06-10 16:30:00-05,0.376,0.673,3907,2019-06-10 16:30:00
1108964,1108964,5679,2019-06-10 16:45:00-05,0.241,0.336,3908,2019-06-10 16:45:00
1108965,1108965,5679,2019-06-10 17:00:00-05,0.205,0.366,3909,2019-06-10 17:00:00
1108966,1108966,5679,2019-06-10 17:15:00-05,0.187,0.311,3910,2019-06-10 17:15:00
1108967,1108967,5679,2019-06-10 17:30:00-05,0.164,0.399,3911,2019-06-10 17:30:00
1108968,1108968,5679,2019-06-10 17:45:00-05,0.156,0.328,3912,2019-06-10 17:45:00
1108969,1108969,5679,2019-06-10 18:00:00-05,0.096,0.399,3913,2019-06-10 18:00:00
1108970,1108970,5679,2019-06-10 18:15:00-05,0.058,0.554,3914,2019-06-10 18:15:00
1108971,1108971,5679,2019-06-10 18:30:00-05,0.042,0.546,3915,2019-06-10 18:30:00
1108972,1108972,5679,2019-06-10 18:45:00-05,0.025,0.529,3916,2019-06-10 18:45:00
1108973,1108973,5679,2019-06-10 19:00:00-05,0.019,0.473,3917,2019-06-10 19:00:00
1108974,1108974,5679,2019-06-10 19:15:00-05,0.012,0.242,3918,2019-06-10 19:15:00
1108975,1108975,5679,2019-06-10 19:30:00-05,0.007,0.301,3919,2019-06-10 19:30:00
1108976,1108976,5679,2019-06-10 19:45:00-05,0.007,0.292,3920,2019-06-10 19:45:00
1108977,1108977,5679,2019-06-10 20:00:00-05,0.002,4.696,3921,2019-06-10 20:00:00
1108978,1108978,5679,2019-06-10 20:15:00-05,0.002,4.274,3922,2019-06-10 20:15:00
1108979,1108979,5679,2019-06-10 20:30:00-05,0.004,2.339,3923,2019-06-10 20:30:00
1108980,1108980,5679,2019-06-10 20:45:00-05,0.006,0.873,3924,2019-06-10 20:45:00
1108981,1108981,5679,2019-06-10 21:00:00-05,0.007,0.331,3925,2019-06-10 21:00:00
1108982,1108982,5679,2019-06-10 21:15:00-05,0.007,0.218,3926,2019-06-10 21:15:00
1108983,1108983,5679,2019-06-10 21:30:00-05,0.007,0.205,3927,2019-06-10 21:30:00
1108984,1108984,5679,2019-06-10 21:45:00-05,0.007,0.176,3928,2019-06-10 21:45:00
1108985,1108985,5679,2019-06-10 22:00:00-05,0.007,0.214,3929,2019-06-10 22:00:00
1108986,1108986,5679,2019-06-10 22:15:00-05,0.007,0.224,3930,2019-06-10 22:15:00
1108987,1108987,5679,2019-06-10 22:30:00-05,0.007,0.386,3931,2019-06-10 22:30:00
1108988,1108988,5679,2019-06-10 22:45:00-05,0.007,0.407,3932,2019-06-10 22:45:00
1108989,1108989,5679,2019-06-10 23:00:00-05,0.007,0.441,3933,2019-06-10 23:00:00
1108990,1108990,5679,2019-06-10 23:15:00-05,0.007,0.573,3934,2019-06-10 23:15:00
1108991,1108991,5679,2019-06-10 23:30:00-05,0.007,0.294,3935,2019-06-10 23:30:00
1108992,1108992,5679,2019-06-10 23:45:00-05,0.007,0.35,3936,2019-06-10 23:45:00
1108993,1108993,5679,2019-06-11 00:00:00-05,0.007,0.305,3937,2019-06-11 00:00:00
1108994,1108994,5679,2019-06-11 00:15:00-05,0.007,0.31,3938,2019-06-11 00:15:00
1108995,1108995,5679,2019-06-11 00:30:00-05,0.007,0.325,3939,2019-06-11 00:30:00
1108996,1108996,5679,2019-06-11 00:45:00-05,0.007,0.272,3940,2019-06-11 00:45:00
1108997,1108997,5679,2019-06-11 01:00:00-05,0.007,0.367,3941,2019-06-11 01:00:00
1108998,1108998,5679,2019-06-11 01:15:00-05,0.007,0.395,3942,2019-06-11 01:15:00
1108999,1108999,5679,2019-06-11 01:30:00-05,0.007,0.352,3943,2019-06-11 01:30:00
1109000,1109000,5679,2019-06-11 01:45:00-05,0.007,0.322,3944,2019-06-11 01:45:00
1109001,1109001,5679,2019-06-11 02:00:00-05,0.007,0.279,3945,2019-06-11 02:00:00
1109002,1109002,5679,2019-06-11 02:15:00-05,0.007,0.234,3946,2019-06-11 02:15:00
1109003,1109003,5679,2019-06-11 02:30:00-05,0.007,0.176,3947,2019-06-11 02:30:00
1109004,1109004,5679,2019-06-11 02:45:00-05,0.007,0.211,3948,2019-06-11 02:45:00
1109005,1109005,5679,2019-06-11 03:00:00-05,0.007,0.209,3949,2019-06-11 03:00:00
1109006,1109006,5679,2019-06-11 03:15:00-05,0.007,0.17,3950,2019-06-11 03:15:00
1109007,1109007,5679,2019-06-11 03:30:00-05,0.007,0.25,3951,2019-06-11 03:30:00
1109008,1109008,5679,2019-06-11 03:45:00-05,0.007,0.277,3952,2019-06-11 03:45:00
1109009,1109009,5679,2019-06-11 04:00:00-05,0.007,0.436,3953,2019-06-11 04:00:00
1109010,1109010,5679,2019-06-11 04:15:00-05,0.007,0.404,3954,2019-06-11 04:15:00
1109011,1109011,5679,2019-06-11 04:30:00-05,0.008,0.426,3955,2019-06-11 04:30:00
1109012,1109012,5679,2019-06-11 04:45:00-05,0.012,0.521,3956,2019-06-11 04:45:00
1109013,1109013,5679,2019-06-11 05:00:00-05,0.009,0.735,3957,2019-06-11 05:00:00
1109014,1109014,5679,2019-06-11 05:15:00-05,0.064,0.576,3958,2019-06-11 05:15:00
1109015,1109015,5679,2019-06-11 05:30:00-05,0.132,0.347,3959,2019-06-11 05:30:00
1109016,1109016,5679,2019-06-11 05:45:00-05,0.195,0.143,3960,2019-06-11 05:45:00
1109017,1109017,5679,2019-06-11 06:00:00-05,0.315,0.18,3961,2019-06-11 06:00:00
1109018,1109018,5679,2019-06-11 06:15:00-05,0.39,0.149,3962,2019-06-11 06:15:00
1109019,1109019,5679,2019-06-11 06:30:00-05,0.249,4.478,3963,2019-06-11 06:30:00
1109020,1109020,5679,2019-06-11 06:45:00-05,0.279,4.744,3964,2019-06-11 06:45:00
1109021,1109021,5679,2019-06-11 07:00:00-05,0.292,3.026,3965,2019-06-11 07:00:00
1109022,1109022,5679,2019-06-11 07:15:00-05,0.345,0.537,3966,2019-06-11 07:15:00
1109023,1109023,5679,2019-06-11 07:30:00-05,0.425,3.406,3967,2019-06-11 07:30:00
1109024,1109024,5679,2019-06-11 07:45:00-05,0.399,4.422,3968,2019-06-11 07:45:00
1109025,1109025,5679,2019-06-11 08:00:00-05,0.646,2.546,3969,2019-06-11 08:00:00
1109026,1109026,5679,2019-06-11 08:15:00-05,1.072,-0.52,3970,2019-06-11 08:15:00
1109027,1109027,5679,2019-06-11 08:30:00-05,1.331,-0.757,3971,2019-06-11 08:30:00
1109028,1109028,5679,2019-06-11 08:45:00-05,1.986,-1.606,3972,2019-06-11 08:45:00
1109029,1109029,5679,2019-06-11 09:00:00-05,3.046,-2.664,3973,2019-06-11 09:00:00
1109030,1109030,5679,2019-06-11 09:15:00-05,3.714,-3.294,3974,2019-06-11 09:15:00
1109031,1109031,5679,2019-06-11 09:30:00-05,3.405,-2.906,3975,2019-06-11 09:30:00
1109032,1109032,5679,2019-06-11 09:45:00-05,3.779,-3.495,3976,2019-06-11 09:45:00
1109033,1109033,5679,2019-06-11 10:00:00-05,4.026,-3.854,3977,2019-06-11 10:00:00
1109034,1109034,5679,2019-06-11 10:15:00-05,4.152,-3.858,3978,2019-06-11 10:15:00
1109035,1109035,5679,2019-06-11 10:30:00-05,4.255,-4.008,3979,2019-06-11 10:30:00
1109036,1109036,5679,2019-06-11 10:45:00-05,4.339,-4.047,3980,2019-06-11 10:45:00
1109037,1109037,5679,2019-06-11 11:00:00-05,4.448,-4.17,3981,2019-06-11 11:00:00
1109038,1109038,5679,2019-06-11 11:15:00-05,4.471,-4.087,3982,2019-06-11 11:15:00
1109039,1109039,5679,2019-06-11 11:30:00-05,4.484,-4.097,3983,2019-06-11 11:30:00
1109040,1109040,5679,2019-06-11 11:45:00-05,4.532,-4.193,3984,2019-06-11 11:45:00
1109041,1109041,5679,2019-06-11 12:00:00-05,4.575,-4.176,3985,2019-06-11 12:00:00
1109042,1109042,5679,2019-06-11 12:15:00-05,4.537,-4.232,3986,2019-06-11 12:15:00
1109043,1109043,5679,2019-06-11 12:30:00-05,4.354,-3.994,3987,2019-06-11 12:30:00
1109044,1109044,5679,2019-06-11 12:45:00-05,4.17,-3.287,3988,2019-06-11 12:45:00
1109045,1109045,5679,2019-06-11 13:00:00-05,4.077,-3.151,3989,2019-06-11 13:00:00
1109046,1109046,5679,2019-06-11 13:15:00-05,3.86,-3.499,3990,2019-06-11 13:15:00
1109047,1109047,5679,2019-06-11 13:30:00-05,3.416,-3.167,3991,2019-06-11 13:30:00
1109048,1109048,5679,2019-06-11 13:45:00-05,3.177,-2.914,3992,2019-06-11 13:45:00
1109049,1109049,5679,2019-06-11 14:00:00-05,2.811,-1.944,3993,2019-06-11 14:00:00
1109050,1109050,5679,2019-06-11 14:15:00-05,1.501,6.112,3994,2019-06-11 14:15:00
1109051,1109051,5679,2019-06-11 14:30:00-05,2.051,5.147,3995,2019-06-11 14:30:00
1109052,1109052,5679,2019-06-11 14:45:00-05,1.246,2.831,3996,2019-06-11 14:45:00
1109053,1109053,5679,2019-06-11 15:00:00-05,1.101,-0.708,3997,2019-06-11 15:00:00
1109054,1109054,5679,2019-06-11 15:15:00-05,0.964,-0.364,3998,2019-06-11 15:15:00
1109055,1109055,5679,2019-06-11 15:30:00-05,0.732,-0.028,3999,2019-06-11 15:30:00
1109056,1109056,5679,2019-06-11 15:45:00-05,0.762,-0.074,4000,2019-06-11 15:45:00
1109057,1109057,5679,2019-06-11 16:00:00-05,0.511,0.161,4001,2019-06-11 16:00:00
1109058,1109058,5679,2019-06-11 16:15:00-05,0.384,0.424,4002,2019-06-11 16:15:00
1109059,1109059,5679,2019-06-11 16:30:00-05,0.317,0.489,4003,2019-06-11 16:30:00
1109060,1109060,5679,2019-06-11 16:45:00-05,0.393,-0.105,4004,2019-06-11 16:45:00
1109061,1109061,5679,2019-06-11 17:00:00-05,0.273,0.122,4005,2019-06-11 17:00:00
1109062,1109062,5679,2019-06-11 17:15:00-05,0.325,0.024,4006,2019-06-11 17:15:00
1109063,1109063,5679,2019-06-11 17:30:00-05,0.399,0.114,4007,2019-06-11 17:30:00
1109064,1109064,5679,2019-06-11 17:45:00-05,0.34,0.212,4008,2019-06-11 17:45:00
1109065,1109065,5679,2019-06-11 18:00:00-05,0.225,0.192,4009,2019-06-11 18:00:00
1109066,1109066,5679,2019-06-11 18:15:00-05,0.22,0.308,4010,2019-06-11 18:15:00
1109067,1109067,5679,2019-06-11 18:30:00-05,0.162,0.308,4011,2019-06-11 18:30:00
1109068,1109068,5679,2019-06-11 18:45:00-05,0.128,0.406,4012,2019-06-11 18:45:00
1109069,1109069,5679,2019-06-11 19:00:00-05,0.08,0.32,4013,2019-06-11 19:00:00
1109070,1109070,5679,2019-06-11 19:15:00-05,0.04,0.282,4014,2019-06-11 19:15:00
1109071,1109071,5679,2019-06-11 19:30:00-05,0.014,0.277,4015,2019-06-11 19:30:00
1109072,1109072,5679,2019-06-11 19:45:00-05,0.006,0.306,4016,2019-06-11 19:45:00
1109073,1109073,5679,2019-06-11 20:00:00-05,0.006,0.396,4017,2019-06-11 20:00:00
1109074,1109074,5679,2019-06-11 20:15:00-05,0.006,0.343,4018,2019-06-11 20:15:00
1109075,1109075,5679,2019-06-11 20:30:00-05,0.006,0.393,4019,2019-06-11 20:30:00
1109076,1109076,5679,2019-06-11 20:45:00-05,0.006,0.404,4020,2019-06-11 20:45:00
1109077,1109077,5679,2019-06-11 21:00:00-05,0.006,0.459,4021,2019-06-11 21:00:00
1109078,1109078,5679,2019-06-11 21:15:00-05,0.007,0.347,4022,2019-06-11 21:15:00
1109079,1109079,5679,2019-06-11 21:30:00-05,0.007,0.279,4023,2019-06-11 21:30:00
1109080,1109080,5679,2019-06-11 21:45:00-05,0.007,0.274,4024,2019-06-11 21:45:00
1109081,1109081,5679,2019-06-11 22:00:00-05,0.007,0.184,4025,2019-06-11 22:00:00
1109082,1109082,5679,2019-06-11 22:15:00-05,0.007,0.192,4026,2019-06-11 22:15:00
1109083,1109083,5679,2019-06-11 22:30:00-05,0.007,0.32,4027,2019-06-11 22:30:00
1109084,1109084,5679,2019-06-11 22:45:00-05,0.007,0.389,4028,2019-06-11 22:45:00
1109085,1109085,5679,2019-06-11 23:00:00-05,0.007,0.392,4029,2019-06-11 23:00:00
1109086,1109086,5679,2019-06-11 23:15:00-05,0.007,0.268,4030,2019-06-11 23:15:00
1109087,1109087,5679,2019-06-11 23:30:00-05,0.007,0.398,4031,2019-06-11 23:30:00
1109088,1109088,5679,2019-06-11 23:45:00-05,0.007,0.306,4032,2019-06-11 23:45:00
1109089,1109089,5679,2019-06-12 00:00:00-05,0.007,0.3,4033,2019-06-12 00:00:00
1109090,1109090,5679,2019-06-12 00:15:00-05,0.007,0.314,4034,2019-06-12 00:15:00
1109091,1109091,5679,2019-06-12 00:30:00-05,0.007,0.163,4035,2019-06-12 00:30:00
1109092,1109092,5679,2019-06-12 00:45:00-05,0.007,0.211,4036,2019-06-12 00:45:00
1109093,1109093,5679,2019-06-12 01:00:00-05,0.007,0.235,4037,2019-06-12 01:00:00
1109094,1109094,5679,2019-06-12 01:15:00-05,0.007,0.324,4038,2019-06-12 01:15:00
1109095,1109095,5679,2019-06-12 01:30:00-05,0.007,0.282,4039,2019-06-12 01:30:00
1109096,1109096,5679,2019-06-12 01:45:00-05,0.007,0.307,4040,2019-06-12 01:45:00
1109097,1109097,5679,2019-06-12 02:00:00-05,0.007,0.292,4041,2019-06-12 02:00:00
1109098,1109098,5679,2019-06-12 02:15:00-05,0.008,0.165,4042,2019-06-12 02:15:00
1109099,1109099,5679,2019-06-12 02:30:00-05,0.008,0.295,4043,2019-06-12 02:30:00
1109100,1109100,5679,2019-06-12 02:45:00-05,0.008,0.277,4044,2019-06-12 02:45:00
1109101,1109101,5679,2019-06-12 03:00:00-05,0.008,0.427,4045,2019-06-12 03:00:00
1109102,1109102,5679,2019-06-12 03:15:00-05,0.008,0.395,4046,2019-06-12 03:15:00
1109103,1109103,5679,2019-06-12 03:30:00-05,0.008,0.326,4047,2019-06-12 03:30:00
1109104,1109104,5679,2019-06-12 03:45:00-05,0.008,0.302,4048,2019-06-12 03:45:00
1109105,1109105,5679,2019-06-12 04:00:00-05,0.008,0.298,4049,2019-06-12 04:00:00
1109106,1109106,5679,2019-06-12 04:15:00-05,0.007,1.093,4050,2019-06-12 04:15:00
1109107,1109107,5679,2019-06-12 04:30:00-05,0.018,0.441,4051,2019-06-12 04:30:00
1109108,1109108,5679,2019-06-12 04:45:00-05,0.039,0.526,4052,2019-06-12 04:45:00
1109109,1109109,5679,2019-06-12 05:00:00-05,0.06,0.55,4053,2019-06-12 05:00:00
1109110,1109110,5679,2019-06-12 05:15:00-05,0.079,0.496,4054,2019-06-12 05:15:00
1109111,1109111,5679,2019-06-12 05:30:00-05,0.113,0.278,4055,2019-06-12 05:30:00
1109112,1109112,5679,2019-06-12 05:45:00-05,0.15,0.168,4056,2019-06-12 05:45:00
1109113,1109113,5679,2019-06-12 06:00:00-05,0.182,0.145,4057,2019-06-12 06:00:00
1109114,1109114,5679,2019-06-12 06:15:00-05,0.217,0.383,4058,2019-06-12 06:15:00
1109115,1109115,5679,2019-06-12 06:30:00-05,0.262,0.358,4059,2019-06-12 06:30:00
1109116,1109116,5679,2019-06-12 06:45:00-05,0.329,-0.066,4060,2019-06-12 06:45:00
1109117,1109117,5679,2019-06-12 07:00:00-05,0.486,-0.244,4061,2019-06-12 07:00:00
1109118,1109118,5679,2019-06-12 07:15:00-05,0.627,-0.254,4062,2019-06-12 07:15:00
1109119,1109119,5679,2019-06-12 07:30:00-05,0.854,-0.169,4063,2019-06-12 07:30:00
1109120,1109120,5679,2019-06-12 07:45:00-05,1.596,-1.215,4064,2019-06-12 07:45:00
1109121,1109121,5679,2019-06-12 08:00:00-05,1.963,-1.553,4065,2019-06-12 08:00:00
1109122,1109122,5679,2019-06-12 08:15:00-05,2.149,-1.871,4066,2019-06-12 08:15:00
1109123,1109123,5679,2019-06-12 08:30:00-05,2.409,-2.078,4067,2019-06-12 08:30:00
1109124,1109124,5679,2019-06-12 08:45:00-05,2.597,-2.311,4068,2019-06-12 08:45:00
1109125,1109125,5679,2019-06-12 09:00:00-05,3.041,-2.785,4069,2019-06-12 09:00:00
1109126,1109126,5679,2019-06-12 09:15:00-05,3.285,-2.946,4070,2019-06-12 09:15:00
1109127,1109127,5679,2019-06-12 09:30:00-05,3.467,-3.105,4071,2019-06-12 09:30:00
1109128,1109128,5679,2019-06-12 09:45:00-05,3.648,-3.132,4072,2019-06-12 09:45:00
1109129,1109129,5679,2019-06-12 10:00:00-05,3.839,-3.504,4073,2019-06-12 10:00:00
1109130,1109130,5679,2019-06-12 10:15:00-05,3.912,-3.578,4074,2019-06-12 10:15:00
1109131,1109131,5679,2019-06-12 10:30:00-05,3.649,-3.256,4075,2019-06-12 10:30:00
1109132,1109132,5679,2019-06-12 10:45:00-05,3.983,-3.682,4076,2019-06-12 10:45:00
1109133,1109133,5679,2019-06-12 11:00:00-05,4.236,-3.875,4077,2019-06-12 11:00:00
1109134,1109134,5679,2019-06-12 11:15:00-05,4.119,-3.748,4078,2019-06-12 11:15:00
1109135,1109135,5679,2019-06-12 11:30:00-05,4.318,-3.898,4079,2019-06-12 11:30:00
1109136,1109136,5679,2019-06-12 11:45:00-05,4.146,-3.749,4080,2019-06-12 11:45:00
1109137,1109137,5679,2019-06-12 12:00:00-05,4.363,-4.03,4081,2019-06-12 12:00:00
1109138,1109138,5679,2019-06-12 12:15:00-05,4.484,-4.25,4082,2019-06-12 12:15:00
1109139,1109139,5679,2019-06-12 12:30:00-05,4.267,-4.017,4083,2019-06-12 12:30:00
1109140,1109140,5679,2019-06-12 12:45:00-05,3.949,-3.648,4084,2019-06-12 12:45:00
1109141,1109141,5679,2019-06-12 13:00:00-05,4.089,-3.848,4085,2019-06-12 13:00:00
1109142,1109142,5679,2019-06-12 13:15:00-05,3.642,-3.215,4086,2019-06-12 13:15:00
1109143,1109143,5679,2019-06-12 13:30:00-05,3.375,-2.458,4087,2019-06-12 13:30:00
1109144,1109144,5679,2019-06-12 13:45:00-05,3.042,-2.466,4088,2019-06-12 13:45:00
1109145,1109145,5679,2019-06-12 14:00:00-05,2.406,-1.856,4089,2019-06-12 14:00:00
1109146,1109146,5679,2019-06-12 14:15:00-05,2.207,-1.791,4090,2019-06-12 14:15:00
1109147,1109147,5679,2019-06-12 14:30:00-05,1.949,-1.535,4091,2019-06-12 14:30:00
1109148,1109148,5679,2019-06-12 14:45:00-05,1.927,-1.214,4092,2019-06-12 14:45:00
1109149,1109149,5679,2019-06-12 15:00:00-05,1.545,-1.169,4093,2019-06-12 15:00:00
1109150,1109150,5679,2019-06-12 15:15:00-05,1.382,-1.07,4094,2019-06-12 15:15:00
1109151,1109151,5679,2019-06-12 15:30:00-05,0.891,-0.552,4095,2019-06-12 15:30:00
1109152,1109152,5679,2019-06-12 15:45:00-05,0.785,-0.263,4096,2019-06-12 15:45:00
1109153,1109153,5679,2019-06-12 16:00:00-05,0.736,-0.531,4097,2019-06-12 16:00:00
1109154,1109154,5679,2019-06-12 16:15:00-05,0.679,-0.293,4098,2019-06-12 16:15:00
1109155,1109155,5679,2019-06-12 16:30:00-05,0.503,-0.071,4099,2019-06-12 16:30:00
1109156,1109156,5679,2019-06-12 16:45:00-05,0.459,-0.034,4100,2019-06-12 16:45:00
1109157,1109157,5679,2019-06-12 17:00:00-05,0.463,-0.047,4101,2019-06-12 17:00:00
1109158,1109158,5679,2019-06-12 17:15:00-05,0.555,-0.126,4102,2019-06-12 17:15:00
1109159,1109159,5679,2019-06-12 17:30:00-05,0.521,-0.186,4103,2019-06-12 17:30:00
1109160,1109160,5679,2019-06-12 17:45:00-05,0.436,-0.11,4104,2019-06-12 17:45:00
1109161,1109161,5679,2019-06-12 18:00:00-05,0.321,-0.131,4105,2019-06-12 18:00:00
1109162,1109162,5679,2019-06-12 18:15:00-05,0.196,5.485,4106,2019-06-12 18:15:00
1109163,1109163,5679,2019-06-12 18:30:00-05,0.168,7.134,4107,2019-06-12 18:30:00
1109164,1109164,5679,2019-06-12 18:45:00-05,0.099,7.13,4108,2019-06-12 18:45:00
1109165,1109165,5679,2019-06-12 19:00:00-05,0.045,7.22,4109,2019-06-12 19:00:00
1109166,1109166,5679,2019-06-12 19:15:00-05,0.014,7.346,4110,2019-06-12 19:15:00
1109167,1109167,5679,2019-06-12 19:30:00-05,0.001,7.283,4111,2019-06-12 19:30:00
1109168,1109168,5679,2019-06-12 19:45:00-05,0.003,2.459,4112,2019-06-12 19:45:00
1109169,1109169,5679,2019-06-12 20:00:00-05,0.006,0.556,4113,2019-06-12 20:00:00
1109170,1109170,5679,2019-06-12 20:15:00-05,0.006,0.452,4114,2019-06-12 20:15:00
1109171,1109171,5679,2019-06-12 20:30:00-05,0.006,0.277,4115,2019-06-12 20:30:00
1109172,1109172,5679,2019-06-12 20:45:00-05,0.006,0.305,4116,2019-06-12 20:45:00
1109173,1109173,5679,2019-06-12 21:00:00-05,0.006,0.273,4117,2019-06-12 21:00:00
1109174,1109174,5679,2019-06-12 21:15:00-05,0.006,0.321,4118,2019-06-12 21:15:00
1109175,1109175,5679,2019-06-12 21:30:00-05,0.006,0.267,4119,2019-06-12 21:30:00
1109176,1109176,5679,2019-06-12 21:45:00-05,0.006,0.305,4120,2019-06-12 21:45:00
1109177,1109177,5679,2019-06-12 22:00:00-05,0.006,0.36,4121,2019-06-12 22:00:00
1109178,1109178,5679,2019-06-12 22:15:00-05,0.006,0.413,4122,2019-06-12 22:15:00
1109179,1109179,5679,2019-06-12 22:30:00-05,0.006,0.412,4123,2019-06-12 22:30:00
1109180,1109180,5679,2019-06-12 22:45:00-05,0.006,0.427,4124,2019-06-12 22:45:00
1109181,1109181,5679,2019-06-12 23:00:00-05,0.006,0.312,4125,2019-06-12 23:00:00
1109182,1109182,5679,2019-06-12 23:15:00-05,0.006,0.362,4126,2019-06-12 23:15:00
1109183,1109183,5679,2019-06-12 23:30:00-05,0.007,0.285,4127,2019-06-12 23:30:00
1109184,1109184,5679,2019-06-12 23:45:00-05,0.007,0.242,4128,2019-06-12 23:45:00
1109185,1109185,5679,2019-06-13 00:00:00-05,0.007,0.18,4129,2019-06-13 00:00:00
1109186,1109186,5679,2019-06-13 00:15:00-05,0.007,0.332,4130,2019-06-13 00:15:00
1109187,1109187,5679,2019-06-13 00:30:00-05,0.007,0.289,4131,2019-06-13 00:30:00
1109188,1109188,5679,2019-06-13 00:45:00-05,0.007,0.349,4132,2019-06-13 00:45:00
1109189,1109189,5679,2019-06-13 01:00:00-05,0.007,0.285,4133,2019-06-13 01:00:00
1109190,1109190,5679,2019-06-13 01:15:00-05,0.007,0.331,4134,2019-06-13 01:15:00
1109191,1109191,5679,2019-06-13 01:30:00-05,0.007,0.19,4135,2019-06-13 01:30:00
1109192,1109192,5679,2019-06-13 01:45:00-05,0.007,0.34,4136,2019-06-13 01:45:00
1109193,1109193,5679,2019-06-13 02:00:00-05,0.007,0.273,4137,2019-06-13 02:00:00
1109194,1109194,5679,2019-06-13 02:15:00-05,0.007,0.333,4138,2019-06-13 02:15:00
1109195,1109195,5679,2019-06-13 02:30:00-05,0.007,0.271,4139,2019-06-13 02:30:00
1109196,1109196,5679,2019-06-13 02:45:00-05,0.007,0.287,4140,2019-06-13 02:45:00
1109197,1109197,5679,2019-06-13 03:00:00-05,0.007,0.27,4141,2019-06-13 03:00:00
1109198,1109198,5679,2019-06-13 03:15:00-05,0.007,0.493,4142,2019-06-13 03:15:00
1109199,1109199,5679,2019-06-13 03:30:00-05,0.006,0.852,4143,2019-06-13 03:30:00
1109200,1109200,5679,2019-06-13 03:45:00-05,0.007,0.463,4144,2019-06-13 03:45:00
1109201,1109201,5679,2019-06-13 04:00:00-05,0.007,0.424,4145,2019-06-13 04:00:00
1109202,1109202,5679,2019-06-13 04:15:00-05,0.007,0.517,4146,2019-06-13 04:15:00
1109203,1109203,5679,2019-06-13 04:30:00-05,0.007,0.557,4147,2019-06-13 04:30:00
1109204,1109204,5679,2019-06-13 04:45:00-05,0.007,0.894,4148,2019-06-13 04:45:00
1109205,1109205,5679,2019-06-13 05:00:00-05,0.012,0.368,4149,2019-06-13 05:00:00
1109206,1109206,5679,2019-06-13 05:15:00-05,0.023,0.427,4150,2019-06-13 05:15:00
1109207,1109207,5679,2019-06-13 05:30:00-05,0.061,0.4,4151,2019-06-13 05:30:00
1109208,1109208,5679,2019-06-13 05:45:00-05,0.05,0.619,4152,2019-06-13 05:45:00
1109209,1109209,5679,2019-06-13 06:00:00-05,0.052,0.348,4153,2019-06-13 06:00:00
1109210,1109210,5679,2019-06-13 06:15:00-05,0.073,0.387,4154,2019-06-13 06:15:00
1109211,1109211,5679,2019-06-13 06:30:00-05,0.092,0.233,4155,2019-06-13 06:30:00
1109212,1109212,5679,2019-06-13 06:45:00-05,0.137,0.271,4156,2019-06-13 06:45:00
1109213,1109213,5679,2019-06-13 07:00:00-05,0.116,0.256,4157,2019-06-13 07:00:00
1109214,1109214,5679,2019-06-13 07:15:00-05,0.119,0.216,4158,2019-06-13 07:15:00
1109215,1109215,5679,2019-06-13 07:30:00-05,0.158,0.224,4159,2019-06-13 07:30:00
1109216,1109216,5679,2019-06-13 07:45:00-05,0.162,0.168,4160,2019-06-13 07:45:00
1109217,1109217,5679,2019-06-13 08:00:00-05,0.271,0.103,4161,2019-06-13 08:00:00
1109218,1109218,5679,2019-06-13 08:15:00-05,0.486,-0.082,4162,2019-06-13 08:15:00
1109219,1109219,5679,2019-06-13 08:30:00-05,0.343,0.026,4163,2019-06-13 08:30:00
1109220,1109220,5679,2019-06-13 08:45:00-05,0.477,-0.103,4164,2019-06-13 08:45:00
1109221,1109221,5679,2019-06-13 09:00:00-05,0.594,-0.285,4165,2019-06-13 09:00:00
1109222,1109222,5679,2019-06-13 09:15:00-05,1.022,-0.686,4166,2019-06-13 09:15:00
1109223,1109223,5679,2019-06-13 09:30:00-05,0.563,-0.243,4167,2019-06-13 09:30:00
1109224,1109224,5679,2019-06-13 09:45:00-05,0.4,0.079,4168,2019-06-13 09:45:00
1109225,1109225,5679,2019-06-13 10:00:00-05,0.498,-0.062,4169,2019-06-13 10:00:00
1109226,1109226,5679,2019-06-13 10:15:00-05,0.708,-0.306,4170,2019-06-13 10:15:00
1109227,1109227,5679,2019-06-13 10:30:00-05,0.978,-0.645,4171,2019-06-13 10:30:00
1109228,1109228,5679,2019-06-13 10:45:00-05,0.728,-0.501,4172,2019-06-13 10:45:00
1109229,1109229,5679,2019-06-13 11:00:00-05,0.618,0.104,4173,2019-06-13 11:00:00
1109230,1109230,5679,2019-06-13 11:15:00-05,0.605,-0.374,4174,2019-06-13 11:15:00
1109231,1109231,5679,2019-06-13 11:30:00-05,0.49,-0.194,4175,2019-06-13 11:30:00
1109232,1109232,5679,2019-06-13 11:45:00-05,0.401,-0.168,4176,2019-06-13 11:45:00
1109233,1109233,5679,2019-06-13 12:00:00-05,0.387,-0.023,4177,2019-06-13 12:00:00
1109234,1109234,5679,2019-06-13 12:15:00-05,0.429,-0.116,4178,2019-06-13 12:15:00
1109235,1109235,5679,2019-06-13 12:30:00-05,0.55,-0.187,4179,2019-06-13 12:30:00
1109236,1109236,5679,2019-06-13 12:45:00-05,0.776,-0.42,4180,2019-06-13 12:45:00
1109237,1109237,5679,2019-06-13 13:00:00-05,0.4,0.026,4181,2019-06-13 13:00:00
1109238,1109238,5679,2019-06-13 13:15:00-05,0.379,0.229,4182,2019-06-13 13:15:00
1109239,1109239,5679,2019-06-13 13:30:00-05,0.669,-0.318,4183,2019-06-13 13:30:00
1109240,1109240,5679,2019-06-13 13:45:00-05,1.268,-0.471,4184,2019-06-13 13:45:00
1109241,1109241,5679,2019-06-13 14:00:00-05,0.867,0.926,4185,2019-06-13 14:00:00
1109242,1109242,5679,2019-06-13 14:15:00-05,0.654,1.331,4186,2019-06-13 14:15:00
1109243,1109243,5679,2019-06-13 14:30:00-05,0.974,0.663,4187,2019-06-13 14:30:00
1109244,1109244,5679,2019-06-13 14:45:00-05,0.817,0.302,4188,2019-06-13 14:45:00
1109245,1109245,5679,2019-06-13 15:00:00-05,0.866,-0.436,4189,2019-06-13 15:00:00
1109246,1109246,5679,2019-06-13 15:15:00-05,0.987,-0.689,4190,2019-06-13 15:15:00
1109247,1109247,5679,2019-06-13 15:30:00-05,1.564,-0.954,4191,2019-06-13 15:30:00
1109248,1109248,5679,2019-06-13 15:45:00-05,0.984,-0.157,4192,2019-06-13 15:45:00
1109249,1109249,5679,2019-06-13 16:00:00-05,0.724,0.6,4193,2019-06-13 16:00:00
1109250,1109250,5679,2019-06-13 16:15:00-05,0.978,-0.505,4194,2019-06-13 16:15:00
1109251,1109251,5679,2019-06-13 16:30:00-05,0.746,-0.452,4195,2019-06-13 16:30:00
1109252,1109252,5679,2019-06-13 16:45:00-05,0.632,-0.279,4196,2019-06-13 16:45:00
1109253,1109253,5679,2019-06-13 17:00:00-05,0.447,5.694,4197,2019-06-13 17:00:00
1109254,1109254,5679,2019-06-13 17:15:00-05,0.591,6.74,4198,2019-06-13 17:15:00
1109255,1109255,5679,2019-06-13 17:30:00-05,0.654,6.533,4199,2019-06-13 17:30:00
1109256,1109256,5679,2019-06-13 17:45:00-05,0.226,6.947,4200,2019-06-13 17:45:00
1109257,1109257,5679,2019-06-13 18:00:00-05,0.125,7.03,4201,2019-06-13 18:00:00
1109258,1109258,5679,2019-06-13 18:15:00-05,0.185,6.136,4202,2019-06-13 18:15:00
1109259,1109259,5679,2019-06-13 18:30:00-05,0.079,0.915,4203,2019-06-13 18:30:00
1109260,1109260,5679,2019-06-13 18:45:00-05,0.053,1.137,4204,2019-06-13 18:45:00
1109261,1109261,5679,2019-06-13 19:00:00-05,0.011,1.226,4205,2019-06-13 19:00:00
1109262,1109262,5679,2019-06-13 19:15:00-05,0.006,0.978,4206,2019-06-13 19:15:00
1109263,1109263,5679,2019-06-13 19:30:00-05,0.006,1.387,4207,2019-06-13 19:30:00
1109264,1109264,5679,2019-06-13 19:45:00-05,0.007,0.574,4208,2019-06-13 19:45:00
1109265,1109265,5679,2019-06-13 20:00:00-05,0.007,0.529,4209,2019-06-13 20:00:00
1109266,1109266,5679,2019-06-13 20:15:00-05,0.007,0.485,4210,2019-06-13 20:15:00
1109267,1109267,5679,2019-06-13 20:30:00-05,0.007,0.372,4211,2019-06-13 20:30:00
1109268,1109268,5679,2019-06-13 20:45:00-05,0.007,0.393,4212,2019-06-13 20:45:00
1109269,1109269,5679,2019-06-13 21:00:00-05,0.007,0.251,4213,2019-06-13 21:00:00
1109270,1109270,5679,2019-06-13 21:15:00-05,0.007,0.399,4214,2019-06-13 21:15:00
1109271,1109271,5679,2019-06-13 21:30:00-05,0.007,0.364,4215,2019-06-13 21:30:00
1109272,1109272,5679,2019-06-13 21:45:00-05,0.007,0.549,4216,2019-06-13 21:45:00
1109273,1109273,5679,2019-06-13 22:00:00-05,0.007,0.191,4217,2019-06-13 22:00:00
1109274,1109274,5679,2019-06-13 22:15:00-05,0.007,0.347,4218,2019-06-13 22:15:00
1109275,1109275,5679,2019-06-13 22:30:00-05,0.007,0.409,4219,2019-06-13 22:30:00
1109276,1109276,5679,2019-06-13 22:45:00-05,0.007,0.433,4220,2019-06-13 22:45:00
1109277,1109277,5679,2019-06-13 23:00:00-05,0.007,0.414,4221,2019-06-13 23:00:00
1109278,1109278,5679,2019-06-13 23:15:00-05,0.007,0.382,4222,2019-06-13 23:15:00
1109279,1109279,5679,2019-06-13 23:30:00-05,0.008,0.206,4223,2019-06-13 23:30:00
1109280,1109280,5679,2019-06-13 23:45:00-05,0.008,0.172,4224,2019-06-13 23:45:00
1109281,1109281,5679,2019-06-14 00:00:00-05,0.008,0.214,4225,2019-06-14 00:00:00
1109282,1109282,5679,2019-06-14 00:15:00-05,0.008,0.184,4226,2019-06-14 00:15:00
1109283,1109283,5679,2019-06-14 00:30:00-05,0.008,0.198,4227,2019-06-14 00:30:00
1109284,1109284,5679,2019-06-14 00:45:00-05,0.007,0.271,4228,2019-06-14 00:45:00
1109285,1109285,5679,2019-06-14 01:00:00-05,0.007,0.282,4229,2019-06-14 01:00:00
1109286,1109286,5679,2019-06-14 01:15:00-05,0.007,0.335,4230,2019-06-14 01:15:00
1109287,1109287,5679,2019-06-14 01:30:00-05,0.007,0.392,4231,2019-06-14 01:30:00
1109288,1109288,5679,2019-06-14 01:45:00-05,0.007,0.398,4232,2019-06-14 01:45:00
1109289,1109289,5679,2019-06-14 02:00:00-05,0.008,0.286,4233,2019-06-14 02:00:00
1109290,1109290,5679,2019-06-14 02:15:00-05,0.008,0.322,4234,2019-06-14 02:15:00
1109291,1109291,5679,2019-06-14 02:30:00-05,0.008,0.292,4235,2019-06-14 02:30:00
1109292,1109292,5679,2019-06-14 02:45:00-05,0.008,0.176,4236,2019-06-14 02:45:00
1109293,1109293,5679,2019-06-14 03:00:00-05,0.008,0.222,4237,2019-06-14 03:00:00
1109294,1109294,5679,2019-06-14 03:15:00-05,0.008,0.272,4238,2019-06-14 03:15:00
1109295,1109295,5679,2019-06-14 03:30:00-05,0.007,0.776,4239,2019-06-14 03:30:00
1109296,1109296,5679,2019-06-14 03:45:00-05,0.007,0.602,4240,2019-06-14 03:45:00
1109297,1109297,5679,2019-06-14 04:00:00-05,0.007,0.528,4241,2019-06-14 04:00:00
1109298,1109298,5679,2019-06-14 04:15:00-05,0.007,0.501,4242,2019-06-14 04:15:00
1109299,1109299,5679,2019-06-14 04:30:00-05,0.007,0.722,4243,2019-06-14 04:30:00
1109300,1109300,5679,2019-06-14 04:45:00-05,0.009,0.726,4244,2019-06-14 04:45:00
1109301,1109301,5679,2019-06-14 05:00:00-05,0.019,0.419,4245,2019-06-14 05:00:00
1109302,1109302,5679,2019-06-14 05:15:00-05,0.045,0.485,4246,2019-06-14 05:15:00
1109303,1109303,5679,2019-06-14 05:30:00-05,0.087,0.202,4247,2019-06-14 05:30:00
1109304,1109304,5679,2019-06-14 05:45:00-05,0.099,1.732,4248,2019-06-14 05:45:00
1109305,1109305,5679,2019-06-14 06:00:00-05,0.131,5.314,4249,2019-06-14 06:00:00
1109306,1109306,5679,2019-06-14 06:15:00-05,0.205,4.367,4250,2019-06-14 06:15:00
1109307,1109307,5679,2019-06-14 06:30:00-05,0.296,3.417,4251,2019-06-14 06:30:00
1109308,1109308,5679,2019-06-14 06:45:00-05,0.24,1.363,4252,2019-06-14 06:45:00
1109309,1109309,5679,2019-06-14 07:00:00-05,0.211,0.14,4253,2019-06-14 07:00:00
1109310,1109310,5679,2019-06-14 07:15:00-05,0.259,1.466,4254,2019-06-14 07:15:00
1109311,1109311,5679,2019-06-14 07:30:00-05,0.338,0.072,4255,2019-06-14 07:30:00
1109312,1109312,5679,2019-06-14 07:45:00-05,0.353,0.032,4256,2019-06-14 07:45:00
1109313,1109313,5679,2019-06-14 08:00:00-05,0.58,-0.128,4257,2019-06-14 08:00:00
1109314,1109314,5679,2019-06-14 08:15:00-05,0.875,-0.438,4258,2019-06-14 08:15:00
1109315,1109315,5679,2019-06-14 08:30:00-05,1.072,-0.724,4259,2019-06-14 08:30:00
1109316,1109316,5679,2019-06-14 08:45:00-05,0.991,-0.618,4260,2019-06-14 08:45:00
1109317,1109317,5679,2019-06-14 09:00:00-05,1.043,-0.743,4261,2019-06-14 09:00:00
1109318,1109318,5679,2019-06-14 09:15:00-05,0.992,-0.552,4262,2019-06-14 09:15:00
1109319,1109319,5679,2019-06-14 09:30:00-05,0.821,-0.38,4263,2019-06-14 09:30:00
1109320,1109320,5679,2019-06-14 09:45:00-05,0.697,-0.171,4264,2019-06-14 09:45:00
1109321,1109321,5679,2019-06-14 10:00:00-05,0.641,0.092,4265,2019-06-14 10:00:00
1109322,1109322,5679,2019-06-14 10:15:00-05,1.253,-0.833,4266,2019-06-14 10:15:00
1109323,1109323,5679,2019-06-14 10:30:00-05,1.53,-1.075,4267,2019-06-14 10:30:00
1109324,1109324,5679,2019-06-14 10:45:00-05,0.995,-0.65,4268,2019-06-14 10:45:00
1109325,1109325,5679,2019-06-14 11:00:00-05,1.7,-1.458,4269,2019-06-14 11:00:00
1109326,1109326,5679,2019-06-14 11:15:00-05,2.233,-2.079,4270,2019-06-14 11:15:00
1109327,1109327,5679,2019-06-14 11:30:00-05,1.993,-1.782,4271,2019-06-14 11:30:00
1109328,1109328,5679,2019-06-14 11:45:00-05,2.521,-2.347,4272,2019-06-14 11:45:00
1109329,1109329,5679,2019-06-14 12:00:00-05,3.238,-3.013,4273,2019-06-14 12:00:00
1109330,1109330,5679,2019-06-14 12:15:00-05,3.346,-3.023,4274,2019-06-14 12:15:00
1109331,1109331,5679,2019-06-14 12:30:00-05,1.958,-1.643,4275,2019-06-14 12:30:00
1109332,1109332,5679,2019-06-14 12:45:00-05,1.56,-1.17,4276,2019-06-14 12:45:00
1109333,1109333,5679,2019-06-14 13:00:00-05,2.015,0.717,4277,2019-06-14 13:00:00
1109334,1109334,5679,2019-06-14 13:15:00-05,2.453,-0.434,4278,2019-06-14 13:15:00
1109335,1109335,5679,2019-06-14 13:30:00-05,2.537,-1.281,4279,2019-06-14 13:30:00
1109336,1109336,5679,2019-06-14 13:45:00-05,2.09,-1.749,4280,2019-06-14 13:45:00
1109337,1109337,5679,2019-06-14 14:00:00-05,1.74,-1.411,4281,2019-06-14 14:00:00
1109338,1109338,5679,2019-06-14 14:15:00-05,1.875,-1.569,4282,2019-06-14 14:15:00
1109339,1109339,5679,2019-06-14 14:30:00-05,1.98,-1.44,4283,2019-06-14 14:30:00
1109340,1109340,5679,2019-06-14 14:45:00-05,1.764,-1.342,4284,2019-06-14 14:45:00
1109341,1109341,5679,2019-06-14 15:00:00-05,1.089,-0.681,4285,2019-06-14 15:00:00
1109342,1109342,5679,2019-06-14 15:15:00-05,1.345,-0.724,4286,2019-06-14 15:15:00
1109343,1109343,5679,2019-06-14 15:30:00-05,1.294,-0.83,4287,2019-06-14 15:30:00
1109344,1109344,5679,2019-06-14 15:45:00-05,0.891,-0.528,4288,2019-06-14 15:45:00
1109345,1109345,5679,2019-06-14 16:00:00-05,0.906,-0.252,4289,2019-06-14 16:00:00
1109346,1109346,5679,2019-06-14 16:15:00-05,0.578,0.017,4290,2019-06-14 16:15:00
1109347,1109347,5679,2019-06-14 16:30:00-05,0.427,0.401,4291,2019-06-14 16:30:00
1109348,1109348,5679,2019-06-14 16:45:00-05,0.323,-0.025,4292,2019-06-14 16:45:00
1109349,1109349,5679,2019-06-14 17:00:00-05,0.291,0.054,4293,2019-06-14 17:00:00
1109350,1109350,5679,2019-06-14 17:15:00-05,0.27,0.164,4294,2019-06-14 17:15:00
1109351,1109351,5679,2019-06-14 17:30:00-05,0.243,0.266,4295,2019-06-14 17:30:00
1109352,1109352,5679,2019-06-14 17:45:00-05,0.243,0.217,4296,2019-06-14 17:45:00
1109353,1109353,5679,2019-06-14 18:00:00-05,0.255,0.222,4297,2019-06-14 18:00:00
1109354,1109354,5679,2019-06-14 18:15:00-05,0.204,0.182,4298,2019-06-14 18:15:00
1109355,1109355,5679,2019-06-14 18:30:00-05,0.175,0.172,4299,2019-06-14 18:30:00
1109356,1109356,5679,2019-06-14 18:45:00-05,0.086,0.335,4300,2019-06-14 18:45:00
1109357,1109357,5679,2019-06-14 19:00:00-05,0.062,0.206,4301,2019-06-14 19:00:00
1109358,1109358,5679,2019-06-14 19:15:00-05,0.052,0.233,4302,2019-06-14 19:15:00
1109359,1109359,5679,2019-06-14 19:30:00-05,0.016,0.223,4303,2019-06-14 19:30:00
1109360,1109360,5679,2019-06-14 19:45:00-05,0.007,0.365,4304,2019-06-14 19:45:00
1109361,1109361,5679,2019-06-14 20:00:00-05,0.007,0.359,4305,2019-06-14 20:00:00
1109362,1109362,5679,2019-06-14 20:15:00-05,0.007,0.396,4306,2019-06-14 20:15:00
1109363,1109363,5679,2019-06-14 20:30:00-05,0.007,0.378,4307,2019-06-14 20:30:00
1109364,1109364,5679,2019-06-14 20:45:00-05,0.007,0.356,4308,2019-06-14 20:45:00
1109365,1109365,5679,2019-06-14 21:00:00-05,0.007,0.32,4309,2019-06-14 21:00:00
1109366,1109366,5679,2019-06-14 21:15:00-05,0.007,0.165,4310,2019-06-14 21:15:00
1109367,1109367,5679,2019-06-14 21:30:00-05,0.007,0.311,4311,2019-06-14 21:30:00
1109368,1109368,5679,2019-06-14 21:45:00-05,0.007,0.276,4312,2019-06-14 21:45:00
1109369,1109369,5679,2019-06-14 22:00:00-05,0.007,0.324,4313,2019-06-14 22:00:00
1109370,1109370,5679,2019-06-14 22:15:00-05,0.007,0.301,4314,2019-06-14 22:15:00
1109371,1109371,5679,2019-06-14 22:30:00-05,0.007,0.406,4315,2019-06-14 22:30:00
1109372,1109372,5679,2019-06-14 22:45:00-05,0.007,0.433,4316,2019-06-14 22:45:00
1109373,1109373,5679,2019-06-14 23:00:00-05,0.007,0.378,4317,2019-06-14 23:00:00
1109374,1109374,5679,2019-06-14 23:15:00-05,0.007,0.336,4318,2019-06-14 23:15:00
1109375,1109375,5679,2019-06-14 23:30:00-05,0.008,0.224,4319,2019-06-14 23:30:00
1109376,1109376,5679,2019-06-14 23:45:00-05,0.008,0.213,4320,2019-06-14 23:45:00
1109377,1109377,5679,2019-06-15 00:00:00-05,0.008,0.17,4321,2019-06-15 00:00:00
1109378,1109378,5679,2019-06-15 00:15:00-05,0.008,0.199,4322,2019-06-15 00:15:00
1109379,1109379,5679,2019-06-15 00:30:00-05,0.008,0.198,4323,2019-06-15 00:30:00
1109380,1109380,5679,2019-06-15 00:45:00-05,0.008,0.171,4324,2019-06-15 00:45:00
1109381,1109381,5679,2019-06-15 01:00:00-05,0.007,0.386,4325,2019-06-15 01:00:00
1109382,1109382,5679,2019-06-15 01:15:00-05,0.007,0.383,4326,2019-06-15 01:15:00
1109383,1109383,5679,2019-06-15 01:30:00-05,0.008,0.363,4327,2019-06-15 01:30:00
1109384,1109384,5679,2019-06-15 01:45:00-05,0.008,0.266,4328,2019-06-15 01:45:00
1109385,1109385,5679,2019-06-15 02:00:00-05,0.008,0.233,4329,2019-06-15 02:00:00
1109386,1109386,5679,2019-06-15 02:15:00-05,0.008,0.283,4330,2019-06-15 02:15:00
1109387,1109387,5679,2019-06-15 02:30:00-05,0.008,0.32,4331,2019-06-15 02:30:00
1109388,1109388,5679,2019-06-15 02:45:00-05,0.008,0.298,4332,2019-06-15 02:45:00
1109389,1109389,5679,2019-06-15 03:00:00-05,0.008,0.299,4333,2019-06-15 03:00:00
1109390,1109390,5679,2019-06-15 03:15:00-05,0.008,0.364,4334,2019-06-15 03:15:00
1109391,1109391,5679,2019-06-15 03:30:00-05,0.008,0.383,4335,2019-06-15 03:30:00
1109392,1109392,5679,2019-06-15 03:45:00-05,0.008,0.426,4336,2019-06-15 03:45:00
1109393,1109393,5679,2019-06-15 04:00:00-05,0.008,0.284,4337,2019-06-15 04:00:00
1109394,1109394,5679,2019-06-15 04:15:00-05,0.008,0.317,4338,2019-06-15 04:15:00
1109395,1109395,5679,2019-06-15 04:30:00-05,0.01,0.175,4339,2019-06-15 04:30:00
1109396,1109396,5679,2019-06-15 04:45:00-05,0.041,0.225,4340,2019-06-15 04:45:00
1109397,1109397,5679,2019-06-15 05:00:00-05,0.138,0.656,4341,2019-06-15 05:00:00
1109398,1109398,5679,2019-06-15 05:15:00-05,0.178,0.149,4342,2019-06-15 05:15:00
1109399,1109399,5679,2019-06-15 05:30:00-05,0.17,0.396,4343,2019-06-15 05:30:00
1109400,1109400,5679,2019-06-15 05:45:00-05,0.365,-0.009,4344,2019-06-15 05:45:00
1109401,1109401,5679,2019-06-15 06:00:00-05,0.568,0.209,4345,2019-06-15 06:00:00
1109402,1109402,5679,2019-06-15 06:15:00-05,0.605,-0.204,4346,2019-06-15 06:15:00
1109403,1109403,5679,2019-06-15 06:30:00-05,0.725,-0.281,4347,2019-06-15 06:30:00
1109404,1109404,5679,2019-06-15 06:45:00-05,0.498,-0.109,4348,2019-06-15 06:45:00
1109405,1109405,5679,2019-06-15 07:00:00-05,0.496,0.001,4349,2019-06-15 07:00:00
1109406,1109406,5679,2019-06-15 07:15:00-05,0.694,-0.527,4350,2019-06-15 07:15:00
1109407,1109407,5679,2019-06-15 07:30:00-05,1.533,-0.855,4351,2019-06-15 07:30:00
1109408,1109408,5679,2019-06-15 07:45:00-05,1.942,-1.63,4352,2019-06-15 07:45:00
1109409,1109409,5679,2019-06-15 08:00:00-05,2.106,-1.759,4353,2019-06-15 08:00:00
1109410,1109410,5679,2019-06-15 08:15:00-05,2.58,-2.171,4354,2019-06-15 08:15:00
1109411,1109411,5679,2019-06-15 08:30:00-05,1.83,-1.281,4355,2019-06-15 08:30:00
1109412,1109412,5679,2019-06-15 08:45:00-05,2.853,-2.648,4356,2019-06-15 08:45:00
1109413,1109413,5679,2019-06-15 09:00:00-05,3.598,-3.373,4357,2019-06-15 09:00:00
1109414,1109414,5679,2019-06-15 09:15:00-05,3.44,-3.127,4358,2019-06-15 09:15:00
1109415,1109415,5679,2019-06-15 09:30:00-05,3.111,-2.852,4359,2019-06-15 09:30:00
1109416,1109416,5679,2019-06-15 09:45:00-05,2.635,-2.323,4360,2019-06-15 09:45:00
1109417,1109417,5679,2019-06-15 10:00:00-05,2.81,-2.54,4361,2019-06-15 10:00:00
1109418,1109418,5679,2019-06-15 10:15:00-05,1.967,-1.665,4362,2019-06-15 10:15:00
1109419,1109419,5679,2019-06-15 10:30:00-05,1.666,-1.363,4363,2019-06-15 10:30:00
1109420,1109420,5679,2019-06-15 10:45:00-05,1.564,-1.202,4364,2019-06-15 10:45:00
1109421,1109421,5679,2019-06-15 11:00:00-05,1.849,-1.44,4365,2019-06-15 11:00:00
1109422,1109422,5679,2019-06-15 11:15:00-05,2.725,-2.46,4366,2019-06-15 11:15:00
1109423,1109423,5679,2019-06-15 11:30:00-05,3.291,-2.975,4367,2019-06-15 11:30:00
1109424,1109424,5679,2019-06-15 11:45:00-05,4.011,-3.753,4368,2019-06-15 11:45:00
1109425,1109425,5679,2019-06-15 12:00:00-05,3.01,-2.753,4369,2019-06-15 12:00:00
1109426,1109426,5679,2019-06-15 12:15:00-05,1.16,-0.985,4370,2019-06-15 12:15:00
1109427,1109427,5679,2019-06-15 12:30:00-05,1.116,-0.534,4371,2019-06-15 12:30:00
1109428,1109428,5679,2019-06-15 12:45:00-05,0.697,-0.425,4372,2019-06-15 12:45:00
1109429,1109429,5679,2019-06-15 13:00:00-05,1.096,-0.722,4373,2019-06-15 13:00:00
1109430,1109430,5679,2019-06-15 13:15:00-05,1.22,-0.927,4374,2019-06-15 13:15:00
1109431,1109431,5679,2019-06-15 13:30:00-05,1.038,-0.821,4375,2019-06-15 13:30:00
1109432,1109432,5679,2019-06-15 13:45:00-05,0.559,-0.369,4376,2019-06-15 13:45:00
1109433,1109433,5679,2019-06-15 14:00:00-05,0.688,-0.501,4377,2019-06-15 14:00:00
1109434,1109434,5679,2019-06-15 14:15:00-05,0.527,-0.323,4378,2019-06-15 14:15:00
1109435,1109435,5679,2019-06-15 14:30:00-05,0.551,-0.252,4379,2019-06-15 14:30:00
1109436,1109436,5679,2019-06-15 14:45:00-05,0.508,-0.119,4380,2019-06-15 14:45:00
1109437,1109437,5679,2019-06-15 15:00:00-05,0.23,0.165,4381,2019-06-15 15:00:00
1109438,1109438,5679,2019-06-15 15:15:00-05,0.198,0.242,4382,2019-06-15 15:15:00
1109439,1109439,5679,2019-06-15 15:30:00-05,0.182,0.23,4383,2019-06-15 15:30:00
1109440,1109440,5679,2019-06-15 15:45:00-05,0.211,0.201,4384,2019-06-15 15:45:00
1109441,1109441,5679,2019-06-15 16:00:00-05,0.268,0.05,4385,2019-06-15 16:00:00
1109442,1109442,5679,2019-06-15 16:15:00-05,0.242,-0.063,4386,2019-06-15 16:15:00
1109443,1109443,5679,2019-06-15 16:30:00-05,0.152,0.072,4387,2019-06-15 16:30:00
1109444,1109444,5679,2019-06-15 16:45:00-05,0.235,3.746,4388,2019-06-15 16:45:00
1109445,1109445,5679,2019-06-15 17:00:00-05,0.175,7.522,4389,2019-06-15 17:00:00
1109446,1109446,5679,2019-06-15 17:15:00-05,0.126,7.137,4390,2019-06-15 17:15:00
1109447,1109447,5679,2019-06-15 17:30:00-05,0.162,7.193,4391,2019-06-15 17:30:00
1109448,1109448,5679,2019-06-15 17:45:00-05,0.13,7.15,4392,2019-06-15 17:45:00
1109449,1109449,5679,2019-06-15 18:00:00-05,0.101,4.434,4393,2019-06-15 18:00:00
1109450,1109450,5679,2019-06-15 18:15:00-05,0.039,0.427,4394,2019-06-15 18:15:00
1109451,1109451,5679,2019-06-15 18:30:00-05,0.036,0.401,4395,2019-06-15 18:30:00
1109452,1109452,5679,2019-06-15 18:45:00-05,0.021,0.377,4396,2019-06-15 18:45:00
1109453,1109453,5679,2019-06-15 19:00:00-05,0.009,0.451,4397,2019-06-15 19:00:00
1109454,1109454,5679,2019-06-15 19:15:00-05,0.006,0.377,4398,2019-06-15 19:15:00
1109455,1109455,5679,2019-06-15 19:30:00-05,0.006,0.423,4399,2019-06-15 19:30:00
1109456,1109456,5679,2019-06-15 19:45:00-05,0.006,0.458,4400,2019-06-15 19:45:00
1109457,1109457,5679,2019-06-15 20:00:00-05,0.007,0.522,4401,2019-06-15 20:00:00
1109458,1109458,5679,2019-06-15 20:15:00-05,0.006,0.493,4402,2019-06-15 20:15:00
1109459,1109459,5679,2019-06-15 20:30:00-05,0.007,0.487,4403,2019-06-15 20:30:00
1109460,1109460,5679,2019-06-15 20:45:00-05,0.007,0.397,4404,2019-06-15 20:45:00
1109461,1109461,5679,2019-06-15 21:00:00-05,0.007,0.262,4405,2019-06-15 21:00:00
1109462,1109462,5679,2019-06-15 21:15:00-05,0.007,0.296,4406,2019-06-15 21:15:00
1109463,1109463,5679,2019-06-15 21:30:00-05,0.007,0.309,4407,2019-06-15 21:30:00
1109464,1109464,5679,2019-06-15 21:45:00-05,0.007,0.302,4408,2019-06-15 21:45:00
1109465,1109465,5679,2019-06-15 22:00:00-05,0.007,0.238,4409,2019-06-15 22:00:00
1109466,1109466,5679,2019-06-15 22:15:00-05,0.007,0.29,4410,2019-06-15 22:15:00
1109467,1109467,5679,2019-06-15 22:30:00-05,0.007,0.271,4411,2019-06-15 22:30:00
1109468,1109468,5679,2019-06-15 22:45:00-05,0.007,0.324,4412,2019-06-15 22:45:00
1109469,1109469,5679,2019-06-15 23:00:00-05,0.007,0.268,4413,2019-06-15 23:00:00
1109470,1109470,5679,2019-06-15 23:15:00-05,0.007,0.31,4414,2019-06-15 23:15:00
1109471,1109471,5679,2019-06-15 23:30:00-05,0.007,0.165,4415,2019-06-15 23:30:00
1109472,1109472,5679,2019-06-15 23:45:00-05,0.007,0.421,4416,2019-06-15 23:45:00
1109473,1109473,5679,2019-06-16 00:00:00-05,0.007,0.405,4417,2019-06-16 00:00:00
1109474,1109474,5679,2019-06-16 00:15:00-05,0.007,0.425,4418,2019-06-16 00:15:00
1109475,1109475,5679,2019-06-16 00:30:00-05,0.007,0.371,4419,2019-06-16 00:30:00
1109476,1109476,5679,2019-06-16 00:45:00-05,0.007,0.323,4420,2019-06-16 00:45:00
1109477,1109477,5679,2019-06-16 01:00:00-05,0.007,0.444,4421,2019-06-16 01:00:00
1109478,1109478,5679,2019-06-16 01:15:00-05,0.007,0.395,4422,2019-06-16 01:15:00
1109479,1109479,5679,2019-06-16 01:30:00-05,0.007,0.443,4423,2019-06-16 01:30:00
1109480,1109480,5679,2019-06-16 01:45:00-05,0.007,0.233,4424,2019-06-16 01:45:00
1109481,1109481,5679,2019-06-16 02:00:00-05,0.007,0.217,4425,2019-06-16 02:00:00
1109482,1109482,5679,2019-06-16 02:15:00-05,0.007,0.158,4426,2019-06-16 02:15:00
1109483,1109483,5679,2019-06-16 02:30:00-05,0.007,0.215,4427,2019-06-16 02:30:00
1109484,1109484,5679,2019-06-16 02:45:00-05,0.007,0.229,4428,2019-06-16 02:45:00
1109485,1109485,5679,2019-06-16 03:00:00-05,0.007,0.287,4429,2019-06-16 03:00:00
1109486,1109486,5679,2019-06-16 03:15:00-05,0.007,0.421,4430,2019-06-16 03:15:00
1109487,1109487,5679,2019-06-16 03:30:00-05,0.007,0.503,4431,2019-06-16 03:30:00
1109488,1109488,5679,2019-06-16 03:45:00-05,0.007,0.46,4432,2019-06-16 03:45:00
1109489,1109489,5679,2019-06-16 04:00:00-05,0.007,0.411,4433,2019-06-16 04:00:00
1109490,1109490,5679,2019-06-16 04:15:00-05,0.007,0.267,4434,2019-06-16 04:15:00
1109491,1109491,5679,2019-06-16 04:30:00-05,0.007,0.245,4435,2019-06-16 04:30:00
1109492,1109492,5679,2019-06-16 04:45:00-05,0.01,0.239,4436,2019-06-16 04:45:00
1109493,1109493,5679,2019-06-16 05:00:00-05,0.023,0.771,4437,2019-06-16 05:00:00
1109494,1109494,5679,2019-06-16 05:15:00-05,0.063,0.273,4438,2019-06-16 05:15:00
1109495,1109495,5679,2019-06-16 05:30:00-05,0.044,0.727,4439,2019-06-16 05:30:00
1109496,1109496,5679,2019-06-16 05:45:00-05,0.05,0.405,4440,2019-06-16 05:45:00
1109497,1109497,5679,2019-06-16 06:00:00-05,0.107,0.557,4441,2019-06-16 06:00:00
1109498,1109498,5679,2019-06-16 06:15:00-05,0.088,0.655,4442,2019-06-16 06:15:00
1109499,1109499,5679,2019-06-16 06:30:00-05,0.164,0.241,4443,2019-06-16 06:30:00
1109500,1109500,5679,2019-06-16 06:45:00-05,0.187,0.241,4444,2019-06-16 06:45:00
1109501,1109501,5679,2019-06-16 07:00:00-05,0.167,0.149,4445,2019-06-16 07:00:00
1109502,1109502,5679,2019-06-16 07:15:00-05,0.229,0.157,4446,2019-06-16 07:15:00
1109503,1109503,5679,2019-06-16 07:30:00-05,0.171,0.23,4447,2019-06-16 07:30:00
1109504,1109504,5679,2019-06-16 07:45:00-05,0.204,0.382,4448,2019-06-16 07:45:00
1109505,1109505,5679,2019-06-16 08:00:00-05,0.16,0.247,4449,2019-06-16 08:00:00
1109506,1109506,5679,2019-06-16 08:15:00-05,0.336,0.422,4450,2019-06-16 08:15:00
1109507,1109507,5679,2019-06-16 08:30:00-05,0.515,1.041,4451,2019-06-16 08:30:00
1109508,1109508,5679,2019-06-16 08:45:00-05,0.494,0.784,4452,2019-06-16 08:45:00
1109509,1109509,5679,2019-06-16 09:00:00-05,0.231,0.252,4453,2019-06-16 09:00:00
1109510,1109510,5679,2019-06-16 09:15:00-05,0.169,0.667,4454,2019-06-16 09:15:00
1109511,1109511,5679,2019-06-16 09:30:00-05,0.275,0.343,4455,2019-06-16 09:30:00
1109512,1109512,5679,2019-06-16 09:45:00-05,0.323,-0.012,4456,2019-06-16 09:45:00
1109513,1109513,5679,2019-06-16 10:00:00-05,0.308,0.043,4457,2019-06-16 10:00:00
1109514,1109514,5679,2019-06-16 10:15:00-05,0.512,-0.142,4458,2019-06-16 10:15:00
1109515,1109515,5679,2019-06-16 10:30:00-05,0.332,0.028,4459,2019-06-16 10:30:00
1109516,1109516,5679,2019-06-16 10:45:00-05,0.436,-0.066,4460,2019-06-16 10:45:00
1109517,1109517,5679,2019-06-16 11:00:00-05,0.563,-0.208,4461,2019-06-16 11:00:00
1109518,1109518,5679,2019-06-16 11:15:00-05,0.7,-0.195,4462,2019-06-16 11:15:00
1109519,1109519,5679,2019-06-16 11:30:00-05,0.577,-0.123,4463,2019-06-16 11:30:00
1109520,1109520,5679,2019-06-16 11:45:00-05,1.116,-0.179,4464,2019-06-16 11:45:00
1109521,1109521,5679,2019-06-16 12:00:00-05,1.098,-0.653,4465,2019-06-16 12:00:00
1109522,1109522,5679,2019-06-16 12:15:00-05,0.789,-0.364,4466,2019-06-16 12:15:00
1109523,1109523,5679,2019-06-16 12:30:00-05,0.651,-0.301,4467,2019-06-16 12:30:00
1109524,1109524,5679,2019-06-16 12:45:00-05,0.413,-0.045,4468,2019-06-16 12:45:00
1109525,1109525,5679,2019-06-16 13:00:00-05,0.333,-0.101,4469,2019-06-16 13:00:00
1109526,1109526,5679,2019-06-16 13:15:00-05,0.399,0.391,4470,2019-06-16 13:15:00
1109527,1109527,5679,2019-06-16 13:30:00-05,0.218,0.363,4471,2019-06-16 13:30:00
1109528,1109528,5679,2019-06-16 13:45:00-05,0.306,0.371,4472,2019-06-16 13:45:00
1109529,1109529,5679,2019-06-16 14:00:00-05,0.471,0.107,4473,2019-06-16 14:00:00
1109530,1109530,5679,2019-06-16 14:15:00-05,0.391,0.348,4474,2019-06-16 14:15:00
1109531,1109531,5679,2019-06-16 14:30:00-05,0.219,3.164,4475,2019-06-16 14:30:00
1109532,1109532,5679,2019-06-16 14:45:00-05,0.128,4.531,4476,2019-06-16 14:45:00
1109533,1109533,5679,2019-06-16 15:00:00-05,0.098,3.009,4477,2019-06-16 15:00:00
1109534,1109534,5679,2019-06-16 15:15:00-05,0.123,1.799,4478,2019-06-16 15:15:00
1109535,1109535,5679,2019-06-16 15:30:00-05,0.219,0.757,4479,2019-06-16 15:30:00
1109536,1109536,5679,2019-06-16 15:45:00-05,0.301,0.604,4480,2019-06-16 15:45:00
1109537,1109537,5679,2019-06-16 16:00:00-05,0.435,0.536,4481,2019-06-16 16:00:00
1109538,1109538,5679,2019-06-16 16:15:00-05,0.357,0.511,4482,2019-06-16 16:15:00
1109539,1109539,5679,2019-06-16 16:30:00-05,0.224,0.604,4483,2019-06-16 16:30:00
1109540,1109540,5679,2019-06-16 16:45:00-05,0.327,0.326,4484,2019-06-16 16:45:00
1109541,1109541,5679,2019-06-16 17:00:00-05,0.326,0.156,4485,2019-06-16 17:00:00
1109542,1109542,5679,2019-06-16 17:15:00-05,0.16,0.456,4486,2019-06-16 17:15:00
1109543,1109543,5679,2019-06-16 17:30:00-05,0.386,0.414,4487,2019-06-16 17:30:00
1109544,1109544,5679,2019-06-16 17:45:00-05,0.388,0.397,4488,2019-06-16 17:45:00
1109545,1109545,5679,2019-06-16 18:00:00-05,0.143,0.193,4489,2019-06-16 18:00:00
1109546,1109546,5679,2019-06-16 18:15:00-05,0.178,0.165,4490,2019-06-16 18:15:00
1109547,1109547,5679,2019-06-16 18:30:00-05,0.191,0.078,4491,2019-06-16 18:30:00
1109548,1109548,5679,2019-06-16 18:45:00-05,0.163,0.179,4492,2019-06-16 18:45:00
1109549,1109549,5679,2019-06-16 19:00:00-05,0.063,0.448,4493,2019-06-16 19:00:00
1109550,1109550,5679,2019-06-16 19:15:00-05,0.033,0.536,4494,2019-06-16 19:15:00
1109551,1109551,5679,2019-06-16 19:30:00-05,0.008,0.532,4495,2019-06-16 19:30:00
1109552,1109552,5679,2019-06-16 19:45:00-05,0.007,0.535,4496,2019-06-16 19:45:00
1109553,1109553,5679,2019-06-16 20:00:00-05,0.007,0.541,4497,2019-06-16 20:00:00
1109554,1109554,5679,2019-06-16 20:15:00-05,0.007,0.408,4498,2019-06-16 20:15:00
1109555,1109555,5679,2019-06-16 20:30:00-05,0.007,0.427,4499,2019-06-16 20:30:00
1109556,1109556,5679,2019-06-16 20:45:00-05,0.007,0.388,4500,2019-06-16 20:45:00
1109557,1109557,5679,2019-06-16 21:00:00-05,0.007,0.478,4501,2019-06-16 21:00:00
1109558,1109558,5679,2019-06-16 21:15:00-05,0.008,0.338,4502,2019-06-16 21:15:00
1109559,1109559,5679,2019-06-16 21:30:00-05,0.008,0.328,4503,2019-06-16 21:30:00
1109560,1109560,5679,2019-06-16 21:45:00-05,0.007,0.394,4504,2019-06-16 21:45:00
1109561,1109561,5679,2019-06-16 22:00:00-05,0.007,0.418,4505,2019-06-16 22:00:00
1109562,1109562,5679,2019-06-16 22:15:00-05,0.007,0.433,4506,2019-06-16 22:15:00
1109563,1109563,5679,2019-06-16 22:30:00-05,0.008,0.394,4507,2019-06-16 22:30:00
1109564,1109564,5679,2019-06-16 22:45:00-05,0.007,0.44,4508,2019-06-16 22:45:00
1109565,1109565,5679,2019-06-16 23:00:00-05,0.008,0.282,4509,2019-06-16 23:00:00
1109566,1109566,5679,2019-06-16 23:15:00-05,0.008,0.328,4510,2019-06-16 23:15:00
1109567,1109567,5679,2019-06-16 23:30:00-05,0.008,0.274,4511,2019-06-16 23:30:00
1109568,1109568,5679,2019-06-16 23:45:00-05,0.008,0.325,4512,2019-06-16 23:45:00
1109569,1109569,5679,2019-06-17 00:00:00-05,0.008,0.344,4513,2019-06-17 00:00:00
1109570,1109570,5679,2019-06-17 00:15:00-05,0.008,0.44,4514,2019-06-17 00:15:00
1109571,1109571,5679,2019-06-17 00:30:00-05,0.008,0.456,4515,2019-06-17 00:30:00
1109572,1109572,5679,2019-06-17 00:45:00-05,0.008,0.41,4516,2019-06-17 00:45:00
1109573,1109573,5679,2019-06-17 01:00:00-05,0.008,0.422,4517,2019-06-17 01:00:00
1109574,1109574,5679,2019-06-17 01:15:00-05,0.008,0.387,4518,2019-06-17 01:15:00
1109575,1109575,5679,2019-06-17 01:30:00-05,0.008,0.426,4519,2019-06-17 01:30:00
1109576,1109576,5679,2019-06-17 01:45:00-05,0.008,0.272,4520,2019-06-17 01:45:00
1109577,1109577,5679,2019-06-17 02:00:00-05,0.008,0.323,4521,2019-06-17 02:00:00
1109578,1109578,5679,2019-06-17 02:15:00-05,0.008,0.304,4522,2019-06-17 02:15:00
1109579,1109579,5679,2019-06-17 02:30:00-05,0.007,0.552,4523,2019-06-17 02:30:00
1109580,1109580,5679,2019-06-17 02:45:00-05,0.008,0.191,4524,2019-06-17 02:45:00
1109581,1109581,5679,2019-06-17 03:00:00-05,0.008,0.351,4525,2019-06-17 03:00:00
1109582,1109582,5679,2019-06-17 03:15:00-05,0.008,0.41,4526,2019-06-17 03:15:00
1109583,1109583,5679,2019-06-17 03:30:00-05,0.008,0.434,4527,2019-06-17 03:30:00
1109584,1109584,5679,2019-06-17 03:45:00-05,0.007,0.415,4528,2019-06-17 03:45:00
1109585,1109585,5679,2019-06-17 04:00:00-05,0.008,0.415,4529,2019-06-17 04:00:00
1109586,1109586,5679,2019-06-17 04:15:00-05,0.01,0.468,4530,2019-06-17 04:15:00
1109587,1109587,5679,2019-06-17 04:30:00-05,0.035,0.424,4531,2019-06-17 04:30:00
1109588,1109588,5679,2019-06-17 04:45:00-05,0.078,0.855,4532,2019-06-17 04:45:00
1109589,1109589,5679,2019-06-17 05:00:00-05,0.122,0.258,4533,2019-06-17 05:00:00
1109590,1109590,5679,2019-06-17 05:15:00-05,0.2,0.092,4534,2019-06-17 05:15:00
1109591,1109591,5679,2019-06-17 05:30:00-05,0.186,0.194,4535,2019-06-17 05:30:00
1109592,1109592,5679,2019-06-17 05:45:00-05,0.335,0.244,4536,2019-06-17 05:45:00
1109593,1109593,5679,2019-06-17 06:00:00-05,0.236,0.677,4537,2019-06-17 06:00:00
1109594,1109594,5679,2019-06-17 06:15:00-05,0.249,0.06,4538,2019-06-17 06:15:00
1109595,1109595,5679,2019-06-17 06:30:00-05,0.438,-0.065,4539,2019-06-17 06:30:00
1109596,1109596,5679,2019-06-17 06:45:00-05,0.911,-0.483,4540,2019-06-17 06:45:00
1109597,1109597,5679,2019-06-17 07:00:00-05,0.626,-0.178,4541,2019-06-17 07:00:00
1109598,1109598,5679,2019-06-17 07:15:00-05,0.619,-0.274,4542,2019-06-17 07:15:00
1109599,1109599,5679,2019-06-17 07:30:00-05,1.069,-0.682,4543,2019-06-17 07:30:00
1109600,1109600,5679,2019-06-17 07:45:00-05,1.283,-0.927,4544,2019-06-17 07:45:00
1109601,1109601,5679,2019-06-17 08:00:00-05,1.5,-1.212,4545,2019-06-17 08:00:00
1109602,1109602,5679,2019-06-17 08:15:00-05,1.789,-1.522,4546,2019-06-17 08:15:00
1109603,1109603,5679,2019-06-17 08:30:00-05,1.771,-1.494,4547,2019-06-17 08:30:00
1109604,1109604,5679,2019-06-17 08:45:00-05,1.711,-1.351,4548,2019-06-17 08:45:00
1109605,1109605,5679,2019-06-17 09:00:00-05,2.041,-1.655,4549,2019-06-17 09:00:00
1109606,1109606,5679,2019-06-17 09:15:00-05,2.918,-2.514,4550,2019-06-17 09:15:00
1109607,1109607,5679,2019-06-17 09:30:00-05,2.69,-2.05,4551,2019-06-17 09:30:00
1109608,1109608,5679,2019-06-17 09:45:00-05,3.23,-2.439,4552,2019-06-17 09:45:00
1109609,1109609,5679,2019-06-17 10:00:00-05,3.397,-2.88,4553,2019-06-17 10:00:00
1109610,1109610,5679,2019-06-17 10:15:00-05,3.622,-2.925,4554,2019-06-17 10:15:00
1109611,1109611,5679,2019-06-17 10:30:00-05,3.393,-3.013,4555,2019-06-17 10:30:00
1109612,1109612,5679,2019-06-17 10:45:00-05,3.572,-3.18,4556,2019-06-17 10:45:00
1109613,1109613,5679,2019-06-17 11:00:00-05,3.679,-3.357,4557,2019-06-17 11:00:00
1109614,1109614,5679,2019-06-17 11:15:00-05,4.123,-3.855,4558,2019-06-17 11:15:00
1109615,1109615,5679,2019-06-17 11:30:00-05,4.344,-4.013,4559,2019-06-17 11:30:00
1109616,1109616,5679,2019-06-17 11:45:00-05,3.507,-3.272,4560,2019-06-17 11:45:00
1109617,1109617,5679,2019-06-17 12:00:00-05,3.432,-2.621,4561,2019-06-17 12:00:00
1109618,1109618,5679,2019-06-17 12:15:00-05,3.497,-3.179,4562,2019-06-17 12:15:00
1109619,1109619,5679,2019-06-17 12:30:00-05,3.864,-3.604,4563,2019-06-17 12:30:00
1109620,1109620,5679,2019-06-17 12:45:00-05,3.955,-3.648,4564,2019-06-17 12:45:00
1109621,1109621,5679,2019-06-17 13:00:00-05,3.965,-3.685,4565,2019-06-17 13:00:00
1109622,1109622,5679,2019-06-17 13:15:00-05,3.689,-3.373,4566,2019-06-17 13:15:00
1109623,1109623,5679,2019-06-17 13:30:00-05,3.248,-2.566,4567,2019-06-17 13:30:00
1109624,1109624,5679,2019-06-17 13:45:00-05,3.23,-2.745,4568,2019-06-17 13:45:00
1109625,1109625,5679,2019-06-17 14:00:00-05,2.807,-2.356,4569,2019-06-17 14:00:00
1109626,1109626,5679,2019-06-17 14:15:00-05,2.165,-1.761,4570,2019-06-17 14:15:00
1109627,1109627,5679,2019-06-17 14:30:00-05,2.15,-1.456,4571,2019-06-17 14:30:00
1109628,1109628,5679,2019-06-17 14:45:00-05,1.817,-1.468,4572,2019-06-17 14:45:00
1109629,1109629,5679,2019-06-17 15:00:00-05,1.562,-1.266,4573,2019-06-17 15:00:00
1109630,1109630,5679,2019-06-17 15:15:00-05,1.371,-1.038,4574,2019-06-17 15:15:00
1109631,1109631,5679,2019-06-17 15:30:00-05,1.071,-0.758,4575,2019-06-17 15:30:00
1109632,1109632,5679,2019-06-17 15:45:00-05,1.027,-0.851,4576,2019-06-17 15:45:00
1109633,1109633,5679,2019-06-17 16:00:00-05,1.155,-0.939,4577,2019-06-17 16:00:00
1109634,1109634,5679,2019-06-17 16:15:00-05,1.074,-0.807,4578,2019-06-17 16:15:00
1109635,1109635,5679,2019-06-17 16:30:00-05,0.792,-0.478,4579,2019-06-17 16:30:00
1109636,1109636,5679,2019-06-17 16:45:00-05,0.616,-0.328,4580,2019-06-17 16:45:00
1109637,1109637,5679,2019-06-17 17:00:00-05,0.597,-0.306,4581,2019-06-17 17:00:00
1109638,1109638,5679,2019-06-17 17:15:00-05,0.687,-0.41,4582,2019-06-17 17:15:00
1109639,1109639,5679,2019-06-17 17:30:00-05,0.483,-0.326,4583,2019-06-17 17:30:00
1109640,1109640,5679,2019-06-17 17:45:00-05,0.471,-0.226,4584,2019-06-17 17:45:00
1109641,1109641,5679,2019-06-17 18:00:00-05,0.354,0.211,4585,2019-06-17 18:00:00
1109642,1109642,5679,2019-06-17 18:15:00-05,0.358,-0.12,4586,2019-06-17 18:15:00
1109643,1109643,5679,2019-06-17 18:30:00-05,0.243,0.167,4587,2019-06-17 18:30:00
1109644,1109644,5679,2019-06-17 18:45:00-05,0.096,0.359,4588,2019-06-17 18:45:00
1109645,1109645,5679,2019-06-17 19:00:00-05,0.061,0.461,4589,2019-06-17 19:00:00
1109646,1109646,5679,2019-06-17 19:15:00-05,0.042,0.453,4590,2019-06-17 19:15:00
1109647,1109647,5679,2019-06-17 19:30:00-05,0.015,0.492,4591,2019-06-17 19:30:00
1109648,1109648,5679,2019-06-17 19:45:00-05,0.006,0.443,4592,2019-06-17 19:45:00
1109649,1109649,5679,2019-06-17 20:00:00-05,0.006,0.255,4593,2019-06-17 20:00:00
1109650,1109650,5679,2019-06-17 20:15:00-05,0.006,0.292,4594,2019-06-17 20:15:00
1109651,1109651,5679,2019-06-17 20:30:00-05,0.006,0.26,4595,2019-06-17 20:30:00
1109652,1109652,5679,2019-06-17 20:45:00-05,0.006,0.273,4596,2019-06-17 20:45:00
1109653,1109653,5679,2019-06-17 21:00:00-05,0.006,0.29,4597,2019-06-17 21:00:00
1109654,1109654,5679,2019-06-17 21:15:00-05,0.006,0.281,4598,2019-06-17 21:15:00
1109655,1109655,5679,2019-06-17 21:30:00-05,0.006,0.327,4599,2019-06-17 21:30:00
1109656,1109656,5679,2019-06-17 21:45:00-05,0.007,0.283,4600,2019-06-17 21:45:00
1109657,1109657,5679,2019-06-17 22:00:00-05,0.007,0.305,4601,2019-06-17 22:00:00
1109658,1109658,5679,2019-06-17 22:15:00-05,0.007,0.319,4602,2019-06-17 22:15:00
1109659,1109659,5679,2019-06-17 22:30:00-05,0.007,0.285,4603,2019-06-17 22:30:00
1109660,1109660,5679,2019-06-17 22:45:00-05,0.007,0.368,4604,2019-06-17 22:45:00
1109661,1109661,5679,2019-06-17 23:00:00-05,0.007,0.278,4605,2019-06-17 23:00:00
1109662,1109662,5679,2019-06-17 23:15:00-05,0.007,0.195,4606,2019-06-17 23:15:00
1109663,1109663,5679,2019-06-17 23:30:00-05,0.007,0.305,4607,2019-06-17 23:30:00
1109664,1109664,5679,2019-06-17 23:45:00-05,0.007,0.282,4608,2019-06-17 23:45:00
1109665,1109665,5679,2019-06-18 00:00:00-05,0.007,0.327,4609,2019-06-18 00:00:00
1109666,1109666,5679,2019-06-18 00:15:00-05,0.007,0.392,4610,2019-06-18 00:15:00
1109667,1109667,5679,2019-06-18 00:30:00-05,0.007,0.391,4611,2019-06-18 00:30:00
1109668,1109668,5679,2019-06-18 00:45:00-05,0.007,0.317,4612,2019-06-18 00:45:00
1109669,1109669,5679,2019-06-18 01:00:00-05,0.007,0.27,4613,2019-06-18 01:00:00
1109670,1109670,5679,2019-06-18 01:15:00-05,0.007,0.251,4614,2019-06-18 01:15:00
1109671,1109671,5679,2019-06-18 01:30:00-05,0.007,0.173,4615,2019-06-18 01:30:00
1109672,1109672,5679,2019-06-18 01:45:00-05,0.007,0.215,4616,2019-06-18 01:45:00
1109673,1109673,5679,2019-06-18 02:00:00-05,0.007,0.203,4617,2019-06-18 02:00:00
1109674,1109674,5679,2019-06-18 02:15:00-05,0.007,0.168,4618,2019-06-18 02:15:00
1109675,1109675,5679,2019-06-18 02:30:00-05,0.007,0.231,4619,2019-06-18 02:30:00
1109676,1109676,5679,2019-06-18 02:45:00-05,0.007,0.273,4620,2019-06-18 02:45:00
1109677,1109677,5679,2019-06-18 03:00:00-05,0.007,0.406,4621,2019-06-18 03:00:00
1109678,1109678,5679,2019-06-18 03:15:00-05,0.007,0.409,4622,2019-06-18 03:15:00
1109679,1109679,5679,2019-06-18 03:30:00-05,0.007,0.41,4623,2019-06-18 03:30:00
1109680,1109680,5679,2019-06-18 03:45:00-05,0.007,0.37,4624,2019-06-18 03:45:00
1109681,1109681,5679,2019-06-18 04:00:00-05,0.007,0.159,4625,2019-06-18 04:00:00
1109682,1109682,5679,2019-06-18 04:15:00-05,0.007,0.21,4626,2019-06-18 04:15:00
1109683,1109683,5679,2019-06-18 04:30:00-05,0.007,0.18,4627,2019-06-18 04:30:00
1109684,1109684,5679,2019-06-18 04:45:00-05,0.011,0.199,4628,2019-06-18 04:45:00
1109685,1109685,5679,2019-06-18 05:00:00-05,0.02,0.457,4629,2019-06-18 05:00:00
1109686,1109686,5679,2019-06-18 05:15:00-05,0.036,0.497,4630,2019-06-18 05:15:00
1109687,1109687,5679,2019-06-18 05:30:00-05,0.041,0.291,4631,2019-06-18 05:30:00
1109688,1109688,5679,2019-06-18 05:45:00-05,0.057,0.718,4632,2019-06-18 05:45:00
1109689,1109689,5679,2019-06-18 06:00:00-05,0.081,0.423,4633,2019-06-18 06:00:00
1109690,1109690,5679,2019-06-18 06:15:00-05,0.106,0.381,4634,2019-06-18 06:15:00
1109691,1109691,5679,2019-06-18 06:30:00-05,0.14,0.674,4635,2019-06-18 06:30:00
1109692,1109692,5679,2019-06-18 06:45:00-05,0.119,0.399,4636,2019-06-18 06:45:00
1109693,1109693,5679,2019-06-18 07:00:00-05,0.233,0.37,4637,2019-06-18 07:00:00
1109694,1109694,5679,2019-06-18 07:15:00-05,0.316,0.279,4638,2019-06-18 07:15:00
1109695,1109695,5679,2019-06-18 07:30:00-05,0.404,0.045,4639,2019-06-18 07:30:00
1109696,1109696,5679,2019-06-18 07:45:00-05,0.43,-0.037,4640,2019-06-18 07:45:00
1109697,1109697,5679,2019-06-18 08:00:00-05,0.363,0.0,4641,2019-06-18 08:00:00
1109698,1109698,5679,2019-06-18 08:15:00-05,0.372,-0.064,4642,2019-06-18 08:15:00
1109699,1109699,5679,2019-06-18 08:30:00-05,0.787,-0.238,4643,2019-06-18 08:30:00
1109700,1109700,5679,2019-06-18 08:45:00-05,1.259,-1.04,4644,2019-06-18 08:45:00
1109701,1109701,5679,2019-06-18 09:00:00-05,0.764,-0.469,4645,2019-06-18 09:00:00
1109702,1109702,5679,2019-06-18 09:15:00-05,0.855,-0.487,4646,2019-06-18 09:15:00
1109703,1109703,5679,2019-06-18 09:30:00-05,0.666,-0.258,4647,2019-06-18 09:30:00
1109704,1109704,5679,2019-06-18 09:45:00-05,0.925,-0.469,4648,2019-06-18 09:45:00
1109705,1109705,5679,2019-06-18 10:00:00-05,0.776,0.02,4649,2019-06-18 10:00:00
1109706,1109706,5679,2019-06-18 10:15:00-05,0.509,0.796,4650,2019-06-18 10:15:00
1109707,1109707,5679,2019-06-18 10:30:00-05,0.686,0.316,4651,2019-06-18 10:30:00
1109708,1109708,5679,2019-06-18 10:45:00-05,1.412,-0.274,4652,2019-06-18 10:45:00
1109709,1109709,5679,2019-06-18 11:00:00-05,1.349,-0.762,4653,2019-06-18 11:00:00
1109710,1109710,5679,2019-06-18 11:15:00-05,2.114,-1.522,4654,2019-06-18 11:15:00
1109711,1109711,5679,2019-06-18 11:30:00-05,2.87,-2.253,4655,2019-06-18 11:30:00
1109712,1109712,5679,2019-06-18 11:45:00-05,4.255,-3.707,4656,2019-06-18 11:45:00
1109713,1109713,5679,2019-06-18 12:00:00-05,2.535,-1.171,4657,2019-06-18 12:00:00
1109714,1109714,5679,2019-06-18 12:15:00-05,3.019,-2.278,4658,2019-06-18 12:15:00
1109715,1109715,5679,2019-06-18 12:30:00-05,2.549,-1.687,4659,2019-06-18 12:30:00
1109716,1109716,5679,2019-06-18 12:45:00-05,2.786,-1.768,4660,2019-06-18 12:45:00
1109717,1109717,5679,2019-06-18 13:00:00-05,2.565,-1.496,4661,2019-06-18 13:00:00
1109718,1109718,5679,2019-06-18 13:15:00-05,1.653,-0.637,4662,2019-06-18 13:15:00
1109719,1109719,5679,2019-06-18 13:30:00-05,1.254,-0.192,4663,2019-06-18 13:30:00
1109720,1109720,5679,2019-06-18 13:45:00-05,2.01,-1.051,4664,2019-06-18 13:45:00
1109721,1109721,5679,2019-06-18 14:00:00-05,1.696,-0.373,4665,2019-06-18 14:00:00
1109722,1109722,5679,2019-06-18 14:15:00-05,2.002,-0.688,4666,2019-06-18 14:15:00
1109723,1109723,5679,2019-06-18 14:30:00-05,1.708,-0.527,4667,2019-06-18 14:30:00
1109724,1109724,5679,2019-06-18 14:45:00-05,2.045,-1.068,4668,2019-06-18 14:45:00
1109725,1109725,5679,2019-06-18 15:00:00-05,1.678,-0.611,4669,2019-06-18 15:00:00
1109726,1109726,5679,2019-06-18 15:15:00-05,1.515,-0.173,4670,2019-06-18 15:15:00
1109727,1109727,5679,2019-06-18 15:30:00-05,1.287,0.283,4671,2019-06-18 15:30:00
1109728,1109728,5679,2019-06-18 15:45:00-05,1.161,0.506,4672,2019-06-18 15:45:00
1109729,1109729,5679,2019-06-18 16:00:00-05,1.104,0.515,4673,2019-06-18 16:00:00
1109730,1109730,5679,2019-06-18 16:15:00-05,0.952,0.734,4674,2019-06-18 16:15:00
1109731,1109731,5679,2019-06-18 16:30:00-05,0.888,0.952,4675,2019-06-18 16:30:00
1109732,1109732,5679,2019-06-18 16:45:00-05,0.888,0.537,4676,2019-06-18 16:45:00
1109733,1109733,5679,2019-06-18 17:00:00-05,0.808,0.731,4677,2019-06-18 17:00:00
1109734,1109734,5679,2019-06-18 17:15:00-05,0.695,0.829,4678,2019-06-18 17:15:00
1109735,1109735,5679,2019-06-18 17:30:00-05,0.535,0.961,4679,2019-06-18 17:30:00
1109736,1109736,5679,2019-06-18 17:45:00-05,0.488,0.934,4680,2019-06-18 17:45:00
1109737,1109737,5679,2019-06-18 18:00:00-05,0.476,1.252,4681,2019-06-18 18:00:00
1109738,1109738,5679,2019-06-18 18:15:00-05,0.393,0.949,4682,2019-06-18 18:15:00
1109739,1109739,5679,2019-06-18 18:30:00-05,0.297,1.018,4683,2019-06-18 18:30:00
1109740,1109740,5679,2019-06-18 18:45:00-05,0.224,0.866,4684,2019-06-18 18:45:00
1109741,1109741,5679,2019-06-18 19:00:00-05,0.142,0.852,4685,2019-06-18 19:00:00
1109742,1109742,5679,2019-06-18 19:15:00-05,0.076,0.779,4686,2019-06-18 19:15:00
1109743,1109743,5679,2019-06-18 19:30:00-05,0.016,0.598,4687,2019-06-18 19:30:00
1109744,1109744,5679,2019-06-18 19:45:00-05,0.006,0.54,4688,2019-06-18 19:45:00
1109745,1109745,5679,2019-06-18 20:00:00-05,0.006,0.624,4689,2019-06-18 20:00:00
1109746,1109746,5679,2019-06-18 20:15:00-05,0.006,0.812,4690,2019-06-18 20:15:00
1109747,1109747,5679,2019-06-18 20:30:00-05,0.006,0.451,4691,2019-06-18 20:30:00
1109748,1109748,5679,2019-06-18 20:45:00-05,0.006,0.78,4692,2019-06-18 20:45:00
1109749,1109749,5679,2019-06-18 21:00:00-05,0.006,0.437,4693,2019-06-18 21:00:00
1109750,1109750,5679,2019-06-18 21:15:00-05,0.006,0.362,4694,2019-06-18 21:15:00
1109751,1109751,5679,2019-06-18 21:30:00-05,0.006,0.407,4695,2019-06-18 21:30:00
1109752,1109752,5679,2019-06-18 21:45:00-05,0.007,0.288,4696,2019-06-18 21:45:00
1109753,1109753,5679,2019-06-18 22:00:00-05,0.007,0.261,4697,2019-06-18 22:00:00
1109754,1109754,5679,2019-06-18 22:15:00-05,0.007,0.224,4698,2019-06-18 22:15:00
1109755,1109755,5679,2019-06-18 22:30:00-05,0.006,0.293,4699,2019-06-18 22:30:00
1109756,1109756,5679,2019-06-18 22:45:00-05,0.006,0.342,4700,2019-06-18 22:45:00
1109757,1109757,5679,2019-06-18 23:00:00-05,0.007,0.328,4701,2019-06-18 23:00:00
1109758,1109758,5679,2019-06-18 23:15:00-05,0.006,0.451,4702,2019-06-18 23:15:00
1109759,1109759,5679,2019-06-18 23:30:00-05,0.006,0.41,4703,2019-06-18 23:30:00
1109760,1109760,5679,2019-06-18 23:45:00-05,0.006,0.431,4704,2019-06-18 23:45:00
1109761,1109761,5679,2019-06-19 00:00:00-05,0.006,0.441,4705,2019-06-19 00:00:00
1109762,1109762,5679,2019-06-19 00:15:00-05,0.007,0.291,4706,2019-06-19 00:15:00
1109763,1109763,5679,2019-06-19 00:30:00-05,0.007,0.335,4707,2019-06-19 00:30:00
1109764,1109764,5679,2019-06-19 00:45:00-05,0.007,0.241,4708,2019-06-19 00:45:00
1109765,1109765,5679,2019-06-19 01:00:00-05,0.007,0.227,4709,2019-06-19 01:00:00
1109766,1109766,5679,2019-06-19 01:15:00-05,0.007,0.205,4710,2019-06-19 01:15:00
1109767,1109767,5679,2019-06-19 01:30:00-05,0.007,0.222,4711,2019-06-19 01:30:00
1109768,1109768,5679,2019-06-19 01:45:00-05,0.006,0.346,4712,2019-06-19 01:45:00
1109769,1109769,5679,2019-06-19 02:00:00-05,0.007,0.284,4713,2019-06-19 02:00:00
1109770,1109770,5679,2019-06-19 02:15:00-05,0.007,0.324,4714,2019-06-19 02:15:00
1109771,1109771,5679,2019-06-19 02:30:00-05,0.007,0.272,4715,2019-06-19 02:30:00
1109772,1109772,5679,2019-06-19 02:45:00-05,0.007,0.26,4716,2019-06-19 02:45:00
1109773,1109773,5679,2019-06-19 03:00:00-05,0.007,0.197,4717,2019-06-19 03:00:00
1109774,1109774,5679,2019-06-19 03:15:00-05,0.007,0.185,4718,2019-06-19 03:15:00
1109775,1109775,5679,2019-06-19 03:30:00-05,0.007,0.215,4719,2019-06-19 03:30:00
1109776,1109776,5679,2019-06-19 03:45:00-05,0.007,0.165,4720,2019-06-19 03:45:00
1109777,1109777,5679,2019-06-19 04:00:00-05,0.007,0.217,4721,2019-06-19 04:00:00
1109778,1109778,5679,2019-06-19 04:15:00-05,0.006,0.628,4722,2019-06-19 04:15:00
1109779,1109779,5679,2019-06-19 04:30:00-05,0.015,0.716,4723,2019-06-19 04:30:00
1109780,1109780,5679,2019-06-19 04:45:00-05,0.041,0.394,4724,2019-06-19 04:45:00
1109781,1109781,5679,2019-06-19 05:00:00-05,0.087,0.355,4725,2019-06-19 05:00:00
1109782,1109782,5679,2019-06-19 05:15:00-05,0.092,0.294,4726,2019-06-19 05:15:00
1109783,1109783,5679,2019-06-19 05:30:00-05,0.119,0.255,4727,2019-06-19 05:30:00
1109784,1109784,5679,2019-06-19 05:45:00-05,0.197,0.671,4728,2019-06-19 05:45:00
1109785,1109785,5679,2019-06-19 06:00:00-05,0.438,-0.099,4729,2019-06-19 06:00:00
1109786,1109786,5679,2019-06-19 06:15:00-05,0.404,-0.036,4730,2019-06-19 06:15:00
1109787,1109787,5679,2019-06-19 06:30:00-05,0.508,-0.141,4731,2019-06-19 06:30:00
1109788,1109788,5679,2019-06-19 06:45:00-05,0.785,-0.305,4732,2019-06-19 06:45:00
1109789,1109789,5679,2019-06-19 07:00:00-05,0.788,0.049,4733,2019-06-19 07:00:00
1109790,1109790,5679,2019-06-19 07:15:00-05,0.734,-0.284,4734,2019-06-19 07:15:00
1109791,1109791,5679,2019-06-19 07:30:00-05,0.81,-0.406,4735,2019-06-19 07:30:00
1109792,1109792,5679,2019-06-19 07:45:00-05,1.024,-0.791,4736,2019-06-19 07:45:00
1109793,1109793,5679,2019-06-19 08:00:00-05,2.091,-1.833,4737,2019-06-19 08:00:00
1109794,1109794,5679,2019-06-19 08:15:00-05,1.422,-1.228,4738,2019-06-19 08:15:00
1109795,1109795,5679,2019-06-19 08:30:00-05,1.497,-1.286,4739,2019-06-19 08:30:00
1109796,1109796,5679,2019-06-19 08:45:00-05,1.628,-0.979,4740,2019-06-19 08:45:00
1109797,1109797,5679,2019-06-19 09:00:00-05,1.744,-1.572,4741,2019-06-19 09:00:00
1109798,1109798,5679,2019-06-19 09:15:00-05,2.574,-1.792,4742,2019-06-19 09:15:00
1109799,1109799,5679,2019-06-19 09:30:00-05,2.365,-1.746,4743,2019-06-19 09:30:00
1109800,1109800,5679,2019-06-19 09:45:00-05,2.292,-0.99,4744,2019-06-19 09:45:00
1109801,1109801,5679,2019-06-19 10:00:00-05,3.822,-2.935,4745,2019-06-19 10:00:00
1109802,1109802,5679,2019-06-19 10:15:00-05,3.451,-2.487,4746,2019-06-19 10:15:00
1109803,1109803,5679,2019-06-19 10:30:00-05,3.634,-2.492,4747,2019-06-19 10:30:00
1109804,1109804,5679,2019-06-19 10:45:00-05,4.336,-3.279,4748,2019-06-19 10:45:00
1109805,1109805,5679,2019-06-19 11:00:00-05,3.808,-2.699,4749,2019-06-19 11:00:00
1109806,1109806,5679,2019-06-19 11:15:00-05,3.533,-2.524,4750,2019-06-19 11:15:00
1109807,1109807,5679,2019-06-19 11:30:00-05,2.891,-1.75,4751,2019-06-19 11:30:00
1109808,1109808,5679,2019-06-19 11:45:00-05,2.573,-0.592,4752,2019-06-19 11:45:00
1109809,1109809,5679,2019-06-19 12:00:00-05,1.975,-0.414,4753,2019-06-19 12:00:00
1109810,1109810,5679,2019-06-19 12:15:00-05,2.178,-0.464,4754,2019-06-19 12:15:00
1109811,1109811,5679,2019-06-19 12:30:00-05,1.889,-0.001,4755,2019-06-19 12:30:00
1109812,1109812,5679,2019-06-19 12:45:00-05,2.763,-0.727,4756,2019-06-19 12:45:00
1109813,1109813,5679,2019-06-19 13:00:00-05,2.727,-0.946,4757,2019-06-19 13:00:00
1109814,1109814,5679,2019-06-19 13:15:00-05,2.214,-0.553,4758,2019-06-19 13:15:00
1109815,1109815,5679,2019-06-19 13:30:00-05,2.235,-0.609,4759,2019-06-19 13:30:00
1109816,1109816,5679,2019-06-19 13:45:00-05,2.278,-0.618,4760,2019-06-19 13:45:00
1109817,1109817,5679,2019-06-19 14:00:00-05,1.688,-0.071,4761,2019-06-19 14:00:00
1109818,1109818,5679,2019-06-19 14:15:00-05,2.739,-1.207,4762,2019-06-19 14:15:00
1109819,1109819,5679,2019-06-19 14:30:00-05,1.897,1.808,4763,2019-06-19 14:30:00
1109820,1109820,5679,2019-06-19 14:45:00-05,1.879,6.531,4764,2019-06-19 14:45:00
1109821,1109821,5679,2019-06-19 15:00:00-05,1.647,6.129,4765,2019-06-19 15:00:00
1109822,1109822,5679,2019-06-19 15:15:00-05,1.246,6.984,4766,2019-06-19 15:15:00
1109823,1109823,5679,2019-06-19 15:30:00-05,1.213,7.216,4767,2019-06-19 15:30:00
1109824,1109824,5679,2019-06-19 15:45:00-05,1.245,7.348,4768,2019-06-19 15:45:00
1109825,1109825,5679,2019-06-19 16:00:00-05,0.987,2.719,4769,2019-06-19 16:00:00
1109826,1109826,5679,2019-06-19 16:15:00-05,0.798,2.066,4770,2019-06-19 16:15:00
1109827,1109827,5679,2019-06-19 16:30:00-05,0.923,1.163,4771,2019-06-19 16:30:00
1109828,1109828,5679,2019-06-19 16:45:00-05,0.836,0.052,4772,2019-06-19 16:45:00
1109829,1109829,5679,2019-06-19 17:00:00-05,0.718,-0.376,4773,2019-06-19 17:00:00
1109830,1109830,5679,2019-06-19 17:15:00-05,0.635,-0.318,4774,2019-06-19 17:15:00
1109831,1109831,5679,2019-06-19 17:30:00-05,0.45,-0.137,4775,2019-06-19 17:30:00
1109832,1109832,5679,2019-06-19 17:45:00-05,0.052,0.258,4776,2019-06-19 17:45:00
1109833,1109833,5679,2019-06-19 18:00:00-05,0.039,0.286,4777,2019-06-19 18:00:00
1109834,1109834,5679,2019-06-19 18:15:00-05,0.065,0.372,4778,2019-06-19 18:15:00
1109835,1109835,5679,2019-06-19 18:30:00-05,0.113,0.315,4779,2019-06-19 18:30:00
1109836,1109836,5679,2019-06-19 18:45:00-05,0.127,0.294,4780,2019-06-19 18:45:00
1109837,1109837,5679,2019-06-19 19:00:00-05,0.17,0.25,4781,2019-06-19 19:00:00
1109838,1109838,5679,2019-06-19 19:15:00-05,0.097,0.296,4782,2019-06-19 19:15:00
1109839,1109839,5679,2019-06-19 19:30:00-05,0.013,0.302,4783,2019-06-19 19:30:00
1109840,1109840,5679,2019-06-19 19:45:00-05,0.006,0.309,4784,2019-06-19 19:45:00
1109841,1109841,5679,2019-06-19 20:00:00-05,0.006,0.306,4785,2019-06-19 20:00:00
1109842,1109842,5679,2019-06-19 20:15:00-05,0.006,0.286,4786,2019-06-19 20:15:00
1109843,1109843,5679,2019-06-19 20:30:00-05,0.006,0.583,4787,2019-06-19 20:30:00
1109844,1109844,5679,2019-06-19 20:45:00-05,0.004,1.857,4788,2019-06-19 20:45:00
1109845,1109845,5679,2019-06-19 21:00:00-05,0.004,1.838,4789,2019-06-19 21:00:00
1109846,1109846,5679,2019-06-19 21:15:00-05,0.005,1.62,4790,2019-06-19 21:15:00
1109847,1109847,5679,2019-06-19 21:30:00-05,0.005,1.502,4791,2019-06-19 21:30:00
1109848,1109848,5679,2019-06-19 21:45:00-05,0.005,1.249,4792,2019-06-19 21:45:00
1109849,1109849,5679,2019-06-19 22:00:00-05,0.006,0.898,4793,2019-06-19 22:00:00
1109850,1109850,5679,2019-06-19 22:15:00-05,0.006,0.8,4794,2019-06-19 22:15:00
1109851,1109851,5679,2019-06-19 22:30:00-05,0.006,0.578,4795,2019-06-19 22:30:00
1109852,1109852,5679,2019-06-19 22:45:00-05,0.006,0.633,4796,2019-06-19 22:45:00
1109853,1109853,5679,2019-06-19 23:00:00-05,0.006,0.209,4797,2019-06-19 23:00:00
1109854,1109854,5679,2019-06-19 23:15:00-05,0.006,0.589,4798,2019-06-19 23:15:00
1109855,1109855,5679,2019-06-19 23:30:00-05,0.006,0.319,4799,2019-06-19 23:30:00
1109856,1109856,5679,2019-06-19 23:45:00-05,0.006,0.32,4800,2019-06-19 23:45:00
1109857,1109857,5679,2019-06-20 00:00:00-05,0.006,0.72,4801,2019-06-20 00:00:00
1109858,1109858,5679,2019-06-20 00:15:00-05,0.006,0.31,4802,2019-06-20 00:15:00
1109859,1109859,5679,2019-06-20 00:30:00-05,0.006,0.228,4803,2019-06-20 00:30:00
1109860,1109860,5679,2019-06-20 00:45:00-05,0.006,0.209,4804,2019-06-20 00:45:00
1109861,1109861,5679,2019-06-20 01:00:00-05,0.006,0.209,4805,2019-06-20 01:00:00
1109862,1109862,5679,2019-06-20 01:15:00-05,0.006,0.208,4806,2019-06-20 01:15:00
1109863,1109863,5679,2019-06-20 01:30:00-05,0.006,0.206,4807,2019-06-20 01:30:00
1109864,1109864,5679,2019-06-20 01:45:00-05,0.006,0.207,4808,2019-06-20 01:45:00
1109865,1109865,5679,2019-06-20 02:00:00-05,0.006,0.398,4809,2019-06-20 02:00:00
1109866,1109866,5679,2019-06-20 02:15:00-05,0.006,0.434,4810,2019-06-20 02:15:00
1109867,1109867,5679,2019-06-20 02:30:00-05,0.006,0.431,4811,2019-06-20 02:30:00
1109868,1109868,5679,2019-06-20 02:45:00-05,0.006,0.412,4812,2019-06-20 02:45:00
1109869,1109869,5679,2019-06-20 03:00:00-05,0.006,0.399,4813,2019-06-20 03:00:00
1109870,1109870,5679,2019-06-20 03:15:00-05,0.006,0.318,4814,2019-06-20 03:15:00
1109871,1109871,5679,2019-06-20 03:30:00-05,0.006,0.318,4815,2019-06-20 03:30:00
1109872,1109872,5679,2019-06-20 03:45:00-05,0.006,0.462,4816,2019-06-20 03:45:00
1109873,1109873,5679,2019-06-20 04:00:00-05,0.006,0.375,4817,2019-06-20 04:00:00
1109874,1109874,5679,2019-06-20 04:15:00-05,0.005,1.113,4818,2019-06-20 04:15:00
1109875,1109875,5679,2019-06-20 04:30:00-05,0.006,0.448,4819,2019-06-20 04:30:00
1109876,1109876,5679,2019-06-20 04:45:00-05,0.006,0.629,4820,2019-06-20 04:45:00
1109877,1109877,5679,2019-06-20 05:00:00-05,0.006,0.885,4821,2019-06-20 05:00:00
1109878,1109878,5679,2019-06-20 05:15:00-05,0.006,0.714,4822,2019-06-20 05:15:00
1109879,1109879,5679,2019-06-20 05:30:00-05,0.029,0.93,4823,2019-06-20 05:30:00
1109880,1109880,5679,2019-06-20 05:45:00-05,0.087,5.876,4824,2019-06-20 05:45:00
1109881,1109881,5679,2019-06-20 06:00:00-05,0.089,5.131,4825,2019-06-20 06:00:00
1109882,1109882,5679,2019-06-20 06:15:00-05,0.094,2.962,4826,2019-06-20 06:15:00
1109883,1109883,5679,2019-06-20 06:30:00-05,0.126,1.437,4827,2019-06-20 06:30:00
1109884,1109884,5679,2019-06-20 06:45:00-05,0.08,5.193,4828,2019-06-20 06:45:00
1109885,1109885,5679,2019-06-20 07:00:00-05,0.092,4.063,4829,2019-06-20 07:00:00
1109886,1109886,5679,2019-06-20 07:15:00-05,0.189,2.151,4830,2019-06-20 07:15:00
1109887,1109887,5679,2019-06-20 07:30:00-05,0.147,1.129,4831,2019-06-20 07:30:00
1109888,1109888,5679,2019-06-20 07:45:00-05,0.271,-0.015,4832,2019-06-20 07:45:00
1109889,1109889,5679,2019-06-20 08:00:00-05,0.303,0.007,4833,2019-06-20 08:00:00
1109890,1109890,5679,2019-06-20 08:15:00-05,0.252,0.168,4834,2019-06-20 08:15:00
1109891,1109891,5679,2019-06-20 08:30:00-05,0.399,0.12,4835,2019-06-20 08:30:00
1109892,1109892,5679,2019-06-20 08:45:00-05,0.549,0.071,4836,2019-06-20 08:45:00
1109893,1109893,5679,2019-06-20 09:00:00-05,0.906,-0.535,4837,2019-06-20 09:00:00
1109894,1109894,5679,2019-06-20 09:15:00-05,0.793,-0.341,4838,2019-06-20 09:15:00
1109895,1109895,5679,2019-06-20 09:30:00-05,1.14,-0.352,4839,2019-06-20 09:30:00
1109896,1109896,5679,2019-06-20 09:45:00-05,1.271,-0.567,4840,2019-06-20 09:45:00
1109897,1109897,5679,2019-06-20 10:00:00-05,1.232,-0.186,4841,2019-06-20 10:00:00
1109898,1109898,5679,2019-06-20 10:15:00-05,1.119,-0.443,4842,2019-06-20 10:15:00
1109899,1109899,5679,2019-06-20 10:30:00-05,1.809,-1.17,4843,2019-06-20 10:30:00
1109900,1109900,5679,2019-06-20 10:45:00-05,2.003,-1.301,4844,2019-06-20 10:45:00
1109901,1109901,5679,2019-06-20 11:00:00-05,1.548,-0.65,4845,2019-06-20 11:00:00
1109902,1109902,5679,2019-06-20 11:15:00-05,1.058,-0.22,4846,2019-06-20 11:15:00
1109903,1109903,5679,2019-06-20 11:30:00-05,0.431,0.144,4847,2019-06-20 11:30:00
1109904,1109904,5679,2019-06-20 11:45:00-05,0.076,0.863,4848,2019-06-20 11:45:00
1109905,1109905,5679,2019-06-20 12:00:00-05,0.293,0.225,4849,2019-06-20 12:00:00
1109906,1109906,5679,2019-06-20 12:15:00-05,0.773,0.326,4850,2019-06-20 12:15:00
1109907,1109907,5679,2019-06-20 12:30:00-05,1.45,-0.322,4851,2019-06-20 12:30:00
1109908,1109908,5679,2019-06-20 12:45:00-05,0.814,0.683,4852,2019-06-20 12:45:00
1109909,1109909,5679,2019-06-20 13:00:00-05,1.386,0.582,4853,2019-06-20 13:00:00
1109910,1109910,5679,2019-06-20 13:15:00-05,2.179,-0.531,4854,2019-06-20 13:15:00
1109911,1109911,5679,2019-06-20 13:30:00-05,2.977,-1.387,4855,2019-06-20 13:30:00
1109912,1109912,5679,2019-06-20 13:45:00-05,1.575,0.203,4856,2019-06-20 13:45:00
1109913,1109913,5679,2019-06-20 14:00:00-05,2.216,-0.424,4857,2019-06-20 14:00:00
1109914,1109914,5679,2019-06-20 14:15:00-05,2.391,-1.062,4858,2019-06-20 14:15:00
1109915,1109915,5679,2019-06-20 14:30:00-05,2.723,-1.101,4859,2019-06-20 14:30:00
1109916,1109916,5679,2019-06-20 14:45:00-05,2.108,-0.533,4860,2019-06-20 14:45:00
1109917,1109917,5679,2019-06-20 15:00:00-05,1.744,-0.172,4861,2019-06-20 15:00:00
1109918,1109918,5679,2019-06-20 15:15:00-05,1.805,-0.148,4862,2019-06-20 15:15:00
1109919,1109919,5679,2019-06-20 15:30:00-05,1.343,0.089,4863,2019-06-20 15:30:00
1109920,1109920,5679,2019-06-20 15:45:00-05,0.915,0.553,4864,2019-06-20 15:45:00
1109921,1109921,5679,2019-06-20 16:00:00-05,0.872,0.456,4865,2019-06-20 16:00:00
1109922,1109922,5679,2019-06-20 16:15:00-05,0.374,1.53,4866,2019-06-20 16:15:00
1109923,1109923,5679,2019-06-20 16:30:00-05,0.336,1.736,4867,2019-06-20 16:30:00
1109924,1109924,5679,2019-06-20 16:45:00-05,0.296,2.492,4868,2019-06-20 16:45:00
1109925,1109925,5679,2019-06-20 17:00:00-05,0.185,1.718,4869,2019-06-20 17:00:00
1109926,1109926,5679,2019-06-20 17:15:00-05,0.179,1.683,4870,2019-06-20 17:15:00
1109927,1109927,5679,2019-06-20 17:30:00-05,0.124,1.797,4871,2019-06-20 17:30:00
1109928,1109928,5679,2019-06-20 17:45:00-05,0.067,1.812,4872,2019-06-20 17:45:00
1109929,1109929,5679,2019-06-20 18:00:00-05,0.067,1.56,4873,2019-06-20 18:00:00
1109930,1109930,5679,2019-06-20 18:15:00-05,0.047,1.586,4874,2019-06-20 18:15:00
1109931,1109931,5679,2019-06-20 18:30:00-05,0.031,1.322,4875,2019-06-20 18:30:00
1109932,1109932,5679,2019-06-20 18:45:00-05,0.015,0.905,4876,2019-06-20 18:45:00
1109933,1109933,5679,2019-06-20 19:00:00-05,0.007,1.345,4877,2019-06-20 19:00:00
1109934,1109934,5679,2019-06-20 19:15:00-05,0.005,1.023,4878,2019-06-20 19:15:00
1109935,1109935,5679,2019-06-20 19:30:00-05,0.005,1.324,4879,2019-06-20 19:30:00
1109936,1109936,5679,2019-06-20 19:45:00-05,0.005,1.126,4880,2019-06-20 19:45:00
1109937,1109937,5679,2019-06-20 20:00:00-05,0.005,1.241,4881,2019-06-20 20:00:00
1109938,1109938,5679,2019-06-20 20:15:00-05,0.005,1.117,4882,2019-06-20 20:15:00
1109939,1109939,5679,2019-06-20 20:30:00-05,0.005,1.064,4883,2019-06-20 20:30:00
1109940,1109940,5679,2019-06-20 20:45:00-05,0.006,1.063,4884,2019-06-20 20:45:00
1109941,1109941,5679,2019-06-20 21:00:00-05,0.005,1.116,4885,2019-06-20 21:00:00
1109942,1109942,5679,2019-06-20 21:15:00-05,0.005,1.16,4886,2019-06-20 21:15:00
1109943,1109943,5679,2019-06-20 21:30:00-05,0.005,1.319,4887,2019-06-20 21:30:00
1109944,1109944,5679,2019-06-20 21:45:00-05,0.006,1.121,4888,2019-06-20 21:45:00
1109945,1109945,5679,2019-06-20 22:00:00-05,0.005,1.095,4889,2019-06-20 22:00:00
1109946,1109946,5679,2019-06-20 22:15:00-05,0.005,1.096,4890,2019-06-20 22:15:00
1109947,1109947,5679,2019-06-20 22:30:00-05,0.005,1.09,4891,2019-06-20 22:30:00
1109948,1109948,5679,2019-06-20 22:45:00-05,0.006,1.016,4892,2019-06-20 22:45:00
1109949,1109949,5679,2019-06-20 23:00:00-05,0.006,1.029,4893,2019-06-20 23:00:00
1109950,1109950,5679,2019-06-20 23:15:00-05,0.006,1.092,4894,2019-06-20 23:15:00
1109951,1109951,5679,2019-06-20 23:30:00-05,0.006,1.09,4895,2019-06-20 23:30:00
1109952,1109952,5679,2019-06-20 23:45:00-05,0.006,0.976,4896,2019-06-20 23:45:00
1109953,1109953,5679,2019-06-21 00:00:00-05,0.006,1.057,4897,2019-06-21 00:00:00
1109954,1109954,5679,2019-06-21 00:15:00-05,0.006,1.095,4898,2019-06-21 00:15:00
1109955,1109955,5679,2019-06-21 00:30:00-05,0.006,1.088,4899,2019-06-21 00:30:00
1109956,1109956,5679,2019-06-21 00:45:00-05,0.006,1.087,4900,2019-06-21 00:45:00
1109957,1109957,5679,2019-06-21 01:00:00-05,0.006,1.084,4901,2019-06-21 01:00:00
1109958,1109958,5679,2019-06-21 01:15:00-05,0.006,1.005,4902,2019-06-21 01:15:00
1109959,1109959,5679,2019-06-21 01:30:00-05,0.006,0.973,4903,2019-06-21 01:30:00
1109960,1109960,5679,2019-06-21 01:45:00-05,0.006,0.972,4904,2019-06-21 01:45:00
1109961,1109961,5679,2019-06-21 02:00:00-05,0.006,0.972,4905,2019-06-21 02:00:00
1109962,1109962,5679,2019-06-21 02:15:00-05,0.006,0.975,4906,2019-06-21 02:15:00
1109963,1109963,5679,2019-06-21 02:30:00-05,0.006,1.053,4907,2019-06-21 02:30:00
1109964,1109964,5679,2019-06-21 02:45:00-05,0.006,0.919,4908,2019-06-21 02:45:00
1109965,1109965,5679,2019-06-21 03:00:00-05,0.005,1.578,4909,2019-06-21 03:00:00
1109966,1109966,5679,2019-06-21 03:15:00-05,0.005,1.39,4910,2019-06-21 03:15:00
1109967,1109967,5679,2019-06-21 03:30:00-05,0.006,1.108,4911,2019-06-21 03:30:00
1109968,1109968,5679,2019-06-21 03:45:00-05,0.006,1.199,4912,2019-06-21 03:45:00
1109969,1109969,5679,2019-06-21 04:00:00-05,0.005,1.226,4913,2019-06-21 04:00:00
1109970,1109970,5679,2019-06-21 04:15:00-05,0.006,1.184,4914,2019-06-21 04:15:00
1109971,1109971,5679,2019-06-21 04:30:00-05,0.005,1.582,4915,2019-06-21 04:30:00
1109972,1109972,5679,2019-06-21 04:45:00-05,0.006,1.379,4916,2019-06-21 04:45:00
1109973,1109973,5679,2019-06-21 05:00:00-05,0.016,1.129,4917,2019-06-21 05:00:00
1109974,1109974,5679,2019-06-21 05:15:00-05,0.036,3.99,4918,2019-06-21 05:15:00
1109975,1109975,5679,2019-06-21 05:30:00-05,0.097,4.642,4919,2019-06-21 05:30:00
1109976,1109976,5679,2019-06-21 05:45:00-05,0.114,2.516,4920,2019-06-21 05:45:00
1109977,1109977,5679,2019-06-21 06:00:00-05,0.1,0.983,4921,2019-06-21 06:00:00
1109978,1109978,5679,2019-06-21 06:15:00-05,0.068,1.088,4922,2019-06-21 06:15:00
1109979,1109979,5679,2019-06-21 06:30:00-05,0.066,1.148,4923,2019-06-21 06:30:00
1109980,1109980,5679,2019-06-21 06:45:00-05,0.063,1.007,4924,2019-06-21 06:45:00
1109981,1109981,5679,2019-06-21 07:00:00-05,0.15,1.558,4925,2019-06-21 07:00:00
1109982,1109982,5679,2019-06-21 07:15:00-05,0.421,0.758,4926,2019-06-21 07:15:00
1109983,1109983,5679,2019-06-21 07:30:00-05,0.614,0.483,4927,2019-06-21 07:30:00
1109984,1109984,5679,2019-06-21 07:45:00-05,1.043,-0.181,4928,2019-06-21 07:45:00
1109985,1109985,5679,2019-06-21 08:00:00-05,1.056,-0.029,4929,2019-06-21 08:00:00
1109986,1109986,5679,2019-06-21 08:15:00-05,0.662,0.765,4930,2019-06-21 08:15:00
1109987,1109987,5679,2019-06-21 08:30:00-05,0.826,0.367,4931,2019-06-21 08:30:00
1109988,1109988,5679,2019-06-21 08:45:00-05,1.14,-0.137,4932,2019-06-21 08:45:00
1109989,1109989,5679,2019-06-21 09:00:00-05,1.049,0.474,4933,2019-06-21 09:00:00
1109990,1109990,5679,2019-06-21 09:15:00-05,1.481,-0.193,4934,2019-06-21 09:15:00
1109991,1109991,5679,2019-06-21 09:30:00-05,1.605,0.446,4935,2019-06-21 09:30:00
1109992,1109992,5679,2019-06-21 09:45:00-05,3.088,-1.678,4936,2019-06-21 09:45:00
1109993,1109993,5679,2019-06-21 10:00:00-05,2.159,-0.501,4937,2019-06-21 10:00:00
1109994,1109994,5679,2019-06-21 10:15:00-05,3.218,5.169,4938,2019-06-21 10:15:00
1109995,1109995,5679,2019-06-21 10:30:00-05,2.517,5.251,4939,2019-06-21 10:30:00
1109996,1109996,5679,2019-06-21 10:45:00-05,3.815,3.875,4940,2019-06-21 10:45:00
1109997,1109997,5679,2019-06-21 11:00:00-05,2.778,5.193,4941,2019-06-21 11:00:00
1109998,1109998,5679,2019-06-21 11:15:00-05,4.252,8.004,4942,2019-06-21 11:15:00
1109999,1109999,5679,2019-06-21 11:30:00-05,4.384,2.693,4943,2019-06-21 11:30:00
1110000,1110000,5679,2019-06-21 11:45:00-05,4.504,-2.449,4944,2019-06-21 11:45:00
1110001,1110001,5679,2019-06-21 12:00:00-05,4.111,-3.03,4945,2019-06-21 12:00:00
1110002,1110002,5679,2019-06-21 12:15:00-05,2.612,-1.543,4946,2019-06-21 12:15:00
1110003,1110003,5679,2019-06-21 12:30:00-05,1.886,-0.755,4947,2019-06-21 12:30:00
1110004,1110004,5679,2019-06-21 12:45:00-05,2.522,-0.525,4948,2019-06-21 12:45:00
1110005,1110005,5679,2019-06-21 13:00:00-05,2.461,-1.178,4949,2019-06-21 13:00:00
1110006,1110006,5679,2019-06-21 13:15:00-05,3.875,-2.384,4950,2019-06-21 13:15:00
1110007,1110007,5679,2019-06-21 13:30:00-05,3.51,2.361,4951,2019-06-21 13:30:00
1110008,1110008,5679,2019-06-21 13:45:00-05,3.103,1.815,4952,2019-06-21 13:45:00
1110009,1110009,5679,2019-06-21 14:00:00-05,2.769,0.536,4953,2019-06-21 14:00:00
1110010,1110010,5679,2019-06-21 14:15:00-05,2.491,-1.358,4954,2019-06-21 14:15:00
1110011,1110011,5679,2019-06-21 14:30:00-05,2.224,-1.769,4955,2019-06-21 14:30:00
1110012,1110012,5679,2019-06-21 14:45:00-05,2.075,-1.644,4956,2019-06-21 14:45:00
1110013,1110013,5679,2019-06-21 15:00:00-05,1.666,-1.221,4957,2019-06-21 15:00:00
1110014,1110014,5679,2019-06-21 15:15:00-05,1.35,-0.914,4958,2019-06-21 15:15:00
1110015,1110015,5679,2019-06-21 15:30:00-05,1.022,-0.584,4959,2019-06-21 15:30:00
1110016,1110016,5679,2019-06-21 15:45:00-05,1.006,-0.57,4960,2019-06-21 15:45:00
1110017,1110017,5679,2019-06-21 16:00:00-05,0.712,-0.243,4961,2019-06-21 16:00:00
1110018,1110018,5679,2019-06-21 16:15:00-05,0.631,1.477,4962,2019-06-21 16:15:00
1110019,1110019,5679,2019-06-21 16:30:00-05,0.739,0.993,4963,2019-06-21 16:30:00
1110020,1110020,5679,2019-06-21 16:45:00-05,0.704,-0.215,4964,2019-06-21 16:45:00
1110021,1110021,5679,2019-06-21 17:00:00-05,0.403,0.09,4965,2019-06-21 17:00:00
1110022,1110022,5679,2019-06-21 17:15:00-05,0.284,0.238,4966,2019-06-21 17:15:00
1110023,1110023,5679,2019-06-21 17:30:00-05,0.485,0.055,4967,2019-06-21 17:30:00
1110024,1110024,5679,2019-06-21 17:45:00-05,0.446,0.197,4968,2019-06-21 17:45:00
1110025,1110025,5679,2019-06-21 18:00:00-05,0.211,0.379,4969,2019-06-21 18:00:00
1110026,1110026,5679,2019-06-21 18:15:00-05,0.172,0.456,4970,2019-06-21 18:15:00
1110027,1110027,5679,2019-06-21 18:30:00-05,0.142,0.515,4971,2019-06-21 18:30:00
1110028,1110028,5679,2019-06-21 18:45:00-05,0.103,0.514,4972,2019-06-21 18:45:00
1110029,1110029,5679,2019-06-21 19:00:00-05,0.055,0.451,4973,2019-06-21 19:00:00
1110030,1110030,5679,2019-06-21 19:15:00-05,0.049,0.455,4974,2019-06-21 19:15:00
1110031,1110031,5679,2019-06-21 19:30:00-05,0.019,0.485,4975,2019-06-21 19:30:00
1110032,1110032,5679,2019-06-21 19:45:00-05,0.006,0.491,4976,2019-06-21 19:45:00
1110033,1110033,5679,2019-06-21 20:00:00-05,0.006,0.531,4977,2019-06-21 20:00:00
1110034,1110034,5679,2019-06-21 20:15:00-05,0.006,0.516,4978,2019-06-21 20:15:00
1110035,1110035,5679,2019-06-21 20:30:00-05,0.006,0.576,4979,2019-06-21 20:30:00
1110036,1110036,5679,2019-06-21 20:45:00-05,0.006,0.555,4980,2019-06-21 20:45:00
1110037,1110037,5679,2019-06-21 21:00:00-05,0.006,0.558,4981,2019-06-21 21:00:00
1110038,1110038,5679,2019-06-21 21:15:00-05,0.006,0.468,4982,2019-06-21 21:15:00
1110039,1110039,5679,2019-06-21 21:30:00-05,0.006,0.433,4983,2019-06-21 21:30:00
1110040,1110040,5679,2019-06-21 21:45:00-05,0.006,0.326,4984,2019-06-21 21:45:00
1110041,1110041,5679,2019-06-21 22:00:00-05,0.007,0.266,4985,2019-06-21 22:00:00
1110042,1110042,5679,2019-06-21 22:15:00-05,0.007,0.261,4986,2019-06-21 22:15:00
1110043,1110043,5679,2019-06-21 22:30:00-05,0.007,0.269,4987,2019-06-21 22:30:00
1110044,1110044,5679,2019-06-21 22:45:00-05,0.007,0.261,4988,2019-06-21 22:45:00
1110045,1110045,5679,2019-06-21 23:00:00-05,0.007,0.266,4989,2019-06-21 23:00:00
1110046,1110046,5679,2019-06-21 23:15:00-05,0.007,0.32,4990,2019-06-21 23:15:00
1110047,1110047,5679,2019-06-21 23:30:00-05,0.007,0.517,4991,2019-06-21 23:30:00
1110048,1110048,5679,2019-06-21 23:45:00-05,0.007,0.268,4992,2019-06-21 23:45:00
1110049,1110049,5679,2019-06-22 00:00:00-05,0.007,0.375,4993,2019-06-22 00:00:00
1110050,1110050,5679,2019-06-22 00:15:00-05,0.007,0.387,4994,2019-06-22 00:15:00
1110051,1110051,5679,2019-06-22 00:30:00-05,0.007,0.385,4995,2019-06-22 00:30:00
1110052,1110052,5679,2019-06-22 00:45:00-05,0.007,0.383,4996,2019-06-22 00:45:00
1110053,1110053,5679,2019-06-22 01:00:00-05,0.007,0.357,4997,2019-06-22 01:00:00
1110054,1110054,5679,2019-06-22 01:15:00-05,0.007,0.37,4998,2019-06-22 01:15:00
1110055,1110055,5679,2019-06-22 01:30:00-05,0.007,0.384,4999,2019-06-22 01:30:00
1110056,1110056,5679,2019-06-22 01:45:00-05,0.007,0.377,5000,2019-06-22 01:45:00
1110057,1110057,5679,2019-06-22 02:00:00-05,0.007,0.38,5001,2019-06-22 02:00:00
1110058,1110058,5679,2019-06-22 02:15:00-05,0.007,0.292,5002,2019-06-22 02:15:00
1110059,1110059,5679,2019-06-22 02:30:00-05,0.007,0.27,5003,2019-06-22 02:30:00
1110060,1110060,5679,2019-06-22 02:45:00-05,0.007,0.287,5004,2019-06-22 02:45:00
1110061,1110061,5679,2019-06-22 03:00:00-05,0.007,0.383,5005,2019-06-22 03:00:00
1110062,1110062,5679,2019-06-22 03:15:00-05,0.007,0.36,5006,2019-06-22 03:15:00
1110063,1110063,5679,2019-06-22 03:30:00-05,0.007,0.434,5007,2019-06-22 03:30:00
1110064,1110064,5679,2019-06-22 03:45:00-05,0.006,1.021,5008,2019-06-22 03:45:00
1110065,1110065,5679,2019-06-22 04:00:00-05,0.007,0.764,5009,2019-06-22 04:00:00
1110066,1110066,5679,2019-06-22 04:15:00-05,0.007,0.686,5010,2019-06-22 04:15:00
1110067,1110067,5679,2019-06-22 04:30:00-05,0.009,0.467,5011,2019-06-22 04:30:00
1110068,1110068,5679,2019-06-22 04:45:00-05,0.026,0.564,5012,2019-06-22 04:45:00
1110069,1110069,5679,2019-06-22 05:00:00-05,0.055,0.797,5013,2019-06-22 05:00:00
1110070,1110070,5679,2019-06-22 05:15:00-05,0.079,0.362,5014,2019-06-22 05:15:00
1110071,1110071,5679,2019-06-22 05:30:00-05,0.113,0.353,5015,2019-06-22 05:30:00
1110072,1110072,5679,2019-06-22 05:45:00-05,0.154,0.521,5016,2019-06-22 05:45:00
1110073,1110073,5679,2019-06-22 06:00:00-05,0.204,0.405,5017,2019-06-22 06:00:00
1110074,1110074,5679,2019-06-22 06:15:00-05,0.26,0.28,5018,2019-06-22 06:15:00
1110075,1110075,5679,2019-06-22 06:30:00-05,0.325,0.406,5019,2019-06-22 06:30:00
1110076,1110076,5679,2019-06-22 06:45:00-05,0.39,0.118,5020,2019-06-22 06:45:00
1110077,1110077,5679,2019-06-22 07:00:00-05,0.526,0.005,5021,2019-06-22 07:00:00
1110078,1110078,5679,2019-06-22 07:15:00-05,0.676,-0.145,5022,2019-06-22 07:15:00
1110079,1110079,5679,2019-06-22 07:30:00-05,0.868,-0.377,5023,2019-06-22 07:30:00
1110080,1110080,5679,2019-06-22 07:45:00-05,1.44,-1.048,5024,2019-06-22 07:45:00
1110081,1110081,5679,2019-06-22 08:00:00-05,1.788,-1.399,5025,2019-06-22 08:00:00
1110082,1110082,5679,2019-06-22 08:15:00-05,2.0,-1.621,5026,2019-06-22 08:15:00
1110083,1110083,5679,2019-06-22 08:30:00-05,2.3,-1.928,5027,2019-06-22 08:30:00
1110084,1110084,5679,2019-06-22 08:45:00-05,2.618,-2.229,5028,2019-06-22 08:45:00
1110085,1110085,5679,2019-06-22 09:00:00-05,2.869,-2.408,5029,2019-06-22 09:00:00
1110086,1110086,5679,2019-06-22 09:15:00-05,3.089,-2.566,5030,2019-06-22 09:15:00
1110087,1110087,5679,2019-06-22 09:30:00-05,3.333,-2.808,5031,2019-06-22 09:30:00
1110088,1110088,5679,2019-06-22 09:45:00-05,3.484,-2.977,5032,2019-06-22 09:45:00
1110089,1110089,5679,2019-06-22 10:00:00-05,3.666,-3.166,5033,2019-06-22 10:00:00
1110090,1110090,5679,2019-06-22 10:15:00-05,3.794,-3.316,5034,2019-06-22 10:15:00
1110091,1110091,5679,2019-06-22 10:30:00-05,3.924,-3.533,5035,2019-06-22 10:30:00
1110092,1110092,5679,2019-06-22 10:45:00-05,4.04,-3.749,5036,2019-06-22 10:45:00
1110093,1110093,5679,2019-06-22 11:00:00-05,4.133,-3.859,5037,2019-06-22 11:00:00
1110094,1110094,5679,2019-06-22 11:15:00-05,4.183,-3.872,5038,2019-06-22 11:15:00
1110095,1110095,5679,2019-06-22 11:30:00-05,4.214,-3.853,5039,2019-06-22 11:30:00
1110096,1110096,5679,2019-06-22 11:45:00-05,4.316,-3.958,5040,2019-06-22 11:45:00
1110097,1110097,5679,2019-06-22 12:00:00-05,4.369,-3.972,5041,2019-06-22 12:00:00
1110098,1110098,5679,2019-06-22 12:15:00-05,4.361,-3.875,5042,2019-06-22 12:15:00
1110099,1110099,5679,2019-06-22 12:30:00-05,4.179,-3.712,5043,2019-06-22 12:30:00
1110100,1110100,5679,2019-06-22 12:45:00-05,4.069,-3.602,5044,2019-06-22 12:45:00
1110101,1110101,5679,2019-06-22 13:00:00-05,4.015,-3.544,5045,2019-06-22 13:00:00
1110102,1110102,5679,2019-06-22 13:15:00-05,3.806,-3.351,5046,2019-06-22 13:15:00
1110103,1110103,5679,2019-06-22 13:30:00-05,3.46,-2.472,5047,2019-06-22 13:30:00
1110104,1110104,5679,2019-06-22 13:45:00-05,3.099,-2.458,5048,2019-06-22 13:45:00
1110105,1110105,5679,2019-06-22 14:00:00-05,2.78,-2.408,5049,2019-06-22 14:00:00
1110106,1110106,5679,2019-06-22 14:15:00-05,2.405,-2.035,5050,2019-06-22 14:15:00
1110107,1110107,5679,2019-06-22 14:30:00-05,2.043,-1.772,5051,2019-06-22 14:30:00
1110108,1110108,5679,2019-06-22 14:45:00-05,1.699,-1.439,5052,2019-06-22 14:45:00
1110109,1110109,5679,2019-06-22 15:00:00-05,1.352,-0.954,5053,2019-06-22 15:00:00
1110110,1110110,5679,2019-06-22 15:15:00-05,0.987,-0.58,5054,2019-06-22 15:15:00
1110111,1110111,5679,2019-06-22 15:30:00-05,0.708,-0.283,5055,2019-06-22 15:30:00
1110112,1110112,5679,2019-06-22 15:45:00-05,0.625,-0.193,5056,2019-06-22 15:45:00
1110113,1110113,5679,2019-06-22 16:00:00-05,0.545,-0.112,5057,2019-06-22 16:00:00
1110114,1110114,5679,2019-06-22 16:15:00-05,0.39,-0.021,5058,2019-06-22 16:15:00
1110115,1110115,5679,2019-06-22 16:30:00-05,0.333,0.118,5059,2019-06-22 16:30:00
1110116,1110116,5679,2019-06-22 16:45:00-05,0.323,0.546,5060,2019-06-22 16:45:00
1110117,1110117,5679,2019-06-22 17:00:00-05,0.305,0.364,5061,2019-06-22 17:00:00
1110118,1110118,5679,2019-06-22 17:15:00-05,0.289,0.091,5062,2019-06-22 17:15:00
1110119,1110119,5679,2019-06-22 17:30:00-05,0.278,0.1,5063,2019-06-22 17:30:00
1110120,1110120,5679,2019-06-22 17:45:00-05,0.263,0.16,5064,2019-06-22 17:45:00
1110121,1110121,5679,2019-06-22 18:00:00-05,0.221,0.203,5065,2019-06-22 18:00:00
1110122,1110122,5679,2019-06-22 18:15:00-05,0.188,0.203,5066,2019-06-22 18:15:00
1110123,1110123,5679,2019-06-22 18:30:00-05,0.16,0.188,5067,2019-06-22 18:30:00
1110124,1110124,5679,2019-06-22 18:45:00-05,0.132,0.239,5068,2019-06-22 18:45:00
1110125,1110125,5679,2019-06-22 19:00:00-05,0.092,0.262,5069,2019-06-22 19:00:00
1110126,1110126,5679,2019-06-22 19:15:00-05,0.057,0.224,5070,2019-06-22 19:15:00
1110127,1110127,5679,2019-06-22 19:30:00-05,0.024,0.252,5071,2019-06-22 19:30:00
1110128,1110128,5679,2019-06-22 19:45:00-05,0.007,0.284,5072,2019-06-22 19:45:00
1110129,1110129,5679,2019-06-22 20:00:00-05,0.006,0.286,5073,2019-06-22 20:00:00
1110130,1110130,5679,2019-06-22 20:15:00-05,0.006,0.285,5074,2019-06-22 20:15:00
1110131,1110131,5679,2019-06-22 20:30:00-05,0.006,0.341,5075,2019-06-22 20:30:00
1110132,1110132,5679,2019-06-22 20:45:00-05,0.006,0.507,5076,2019-06-22 20:45:00
1110133,1110133,5679,2019-06-22 21:00:00-05,0.006,0.404,5077,2019-06-22 21:00:00
1110134,1110134,5679,2019-06-22 21:15:00-05,0.006,0.408,5078,2019-06-22 21:15:00
1110135,1110135,5679,2019-06-22 21:30:00-05,0.006,0.396,5079,2019-06-22 21:30:00
1110136,1110136,5679,2019-06-22 21:45:00-05,0.006,0.391,5080,2019-06-22 21:45:00
1110137,1110137,5679,2019-06-22 22:00:00-05,0.006,0.355,5081,2019-06-22 22:00:00
1110138,1110138,5679,2019-06-22 22:15:00-05,0.006,0.299,5082,2019-06-22 22:15:00
1110139,1110139,5679,2019-06-22 22:30:00-05,0.006,0.298,5083,2019-06-22 22:30:00
1110140,1110140,5679,2019-06-22 22:45:00-05,0.006,0.297,5084,2019-06-22 22:45:00
1110141,1110141,5679,2019-06-22 23:00:00-05,0.006,0.36,5085,2019-06-22 23:00:00
1110142,1110142,5679,2019-06-22 23:15:00-05,0.006,0.537,5086,2019-06-22 23:15:00
1110143,1110143,5679,2019-06-22 23:30:00-05,0.006,0.428,5087,2019-06-22 23:30:00
1110144,1110144,5679,2019-06-22 23:45:00-05,0.007,0.433,5088,2019-06-22 23:45:00
1110145,1110145,5679,2019-06-23 00:00:00-05,0.007,0.313,5089,2019-06-23 00:00:00
1110146,1110146,5679,2019-06-23 00:15:00-05,0.007,0.313,5090,2019-06-23 00:15:00
1110147,1110147,5679,2019-06-23 00:30:00-05,0.007,0.312,5091,2019-06-23 00:30:00
1110148,1110148,5679,2019-06-23 00:45:00-05,0.007,0.303,5092,2019-06-23 00:45:00
1110149,1110149,5679,2019-06-23 01:00:00-05,0.007,0.385,5093,2019-06-23 01:00:00
1110150,1110150,5679,2019-06-23 01:15:00-05,0.007,0.413,5094,2019-06-23 01:15:00
1110151,1110151,5679,2019-06-23 01:30:00-05,0.007,0.407,5095,2019-06-23 01:30:00
1110152,1110152,5679,2019-06-23 01:45:00-05,0.007,0.303,5096,2019-06-23 01:45:00
1110153,1110153,5679,2019-06-23 02:00:00-05,0.007,0.269,5097,2019-06-23 02:00:00
1110154,1110154,5679,2019-06-23 02:15:00-05,0.007,0.183,5098,2019-06-23 02:15:00
1110155,1110155,5679,2019-06-23 02:30:00-05,0.007,0.186,5099,2019-06-23 02:30:00
1110156,1110156,5679,2019-06-23 02:45:00-05,0.007,0.188,5100,2019-06-23 02:45:00
1110157,1110157,5679,2019-06-23 03:00:00-05,0.007,0.187,5101,2019-06-23 03:00:00
1110158,1110158,5679,2019-06-23 03:15:00-05,0.007,0.187,5102,2019-06-23 03:15:00
1110159,1110159,5679,2019-06-23 03:30:00-05,0.007,0.252,5103,2019-06-23 03:30:00
1110160,1110160,5679,2019-06-23 03:45:00-05,0.007,0.306,5104,2019-06-23 03:45:00
1110161,1110161,5679,2019-06-23 04:00:00-05,0.007,0.306,5105,2019-06-23 04:00:00
1110162,1110162,5679,2019-06-23 04:15:00-05,0.007,0.296,5106,2019-06-23 04:15:00
1110163,1110163,5679,2019-06-23 04:30:00-05,0.011,0.306,5107,2019-06-23 04:30:00
1110164,1110164,5679,2019-06-23 04:45:00-05,0.025,0.319,5108,2019-06-23 04:45:00
1110165,1110165,5679,2019-06-23 05:00:00-05,0.058,0.232,5109,2019-06-23 05:00:00
1110166,1110166,5679,2019-06-23 05:15:00-05,0.08,0.114,5110,2019-06-23 05:15:00
1110167,1110167,5679,2019-06-23 05:30:00-05,0.109,0.084,5111,2019-06-23 05:30:00
1110168,1110168,5679,2019-06-23 05:45:00-05,0.143,0.616,5112,2019-06-23 05:45:00
1110169,1110169,5679,2019-06-23 06:00:00-05,0.177,0.306,5113,2019-06-23 06:00:00
1110170,1110170,5679,2019-06-23 06:15:00-05,0.216,0.2,5114,2019-06-23 06:15:00
1110171,1110171,5679,2019-06-23 06:30:00-05,0.262,0.644,5115,2019-06-23 06:30:00
1110172,1110172,5679,2019-06-23 06:45:00-05,0.332,0.102,5116,2019-06-23 06:45:00
1110173,1110173,5679,2019-06-23 07:00:00-05,0.472,-0.041,5117,2019-06-23 07:00:00
1110174,1110174,5679,2019-06-23 07:15:00-05,0.618,-0.143,5118,2019-06-23 07:15:00
1110175,1110175,5679,2019-06-23 07:30:00-05,0.8,-0.312,5119,2019-06-23 07:30:00
1110176,1110176,5679,2019-06-23 07:45:00-05,1.44,-0.982,5120,2019-06-23 07:45:00
1110177,1110177,5679,2019-06-23 08:00:00-05,1.804,-1.352,5121,2019-06-23 08:00:00
1110178,1110178,5679,2019-06-23 08:15:00-05,2.033,-1.641,5122,2019-06-23 08:15:00
1110179,1110179,5679,2019-06-23 08:30:00-05,2.324,-2.031,5123,2019-06-23 08:30:00
1110180,1110180,5679,2019-06-23 08:45:00-05,2.632,-2.346,5124,2019-06-23 08:45:00
1110181,1110181,5679,2019-06-23 09:00:00-05,2.915,-2.619,5125,2019-06-23 09:00:00
1110182,1110182,5679,2019-06-23 09:15:00-05,3.158,-2.603,5126,2019-06-23 09:15:00
1110183,1110183,5679,2019-06-23 09:30:00-05,3.358,-2.839,5127,2019-06-23 09:30:00
1110184,1110184,5679,2019-06-23 09:45:00-05,3.51,-3.0,5128,2019-06-23 09:45:00
1110185,1110185,5679,2019-06-23 10:00:00-05,3.697,-3.194,5129,2019-06-23 10:00:00
1110186,1110186,5679,2019-06-23 10:15:00-05,3.855,-3.382,5130,2019-06-23 10:15:00
1110187,1110187,5679,2019-06-23 10:30:00-05,3.982,-3.534,5131,2019-06-23 10:30:00
1110188,1110188,5679,2019-06-23 10:45:00-05,4.095,-3.714,5132,2019-06-23 10:45:00
1110189,1110189,5679,2019-06-23 11:00:00-05,4.214,-3.831,5133,2019-06-23 11:00:00
1110190,1110190,5679,2019-06-23 11:15:00-05,4.266,-3.882,5134,2019-06-23 11:15:00
1110191,1110191,5679,2019-06-23 11:30:00-05,4.238,-3.455,5135,2019-06-23 11:30:00
1110192,1110192,5679,2019-06-23 11:45:00-05,4.28,-3.86,5136,2019-06-23 11:45:00
1110193,1110193,5679,2019-06-23 12:00:00-05,4.319,-3.822,5137,2019-06-23 12:00:00
1110194,1110194,5679,2019-06-23 12:15:00-05,4.338,-3.725,5138,2019-06-23 12:15:00
1110195,1110195,5679,2019-06-23 12:30:00-05,4.144,-2.903,5139,2019-06-23 12:30:00
1110196,1110196,5679,2019-06-23 12:45:00-05,4.034,-3.346,5140,2019-06-23 12:45:00
1110197,1110197,5679,2019-06-23 13:00:00-05,3.967,-3.12,5141,2019-06-23 13:00:00
1110198,1110198,5679,2019-06-23 13:15:00-05,3.776,-3.269,5142,2019-06-23 13:15:00
1110199,1110199,5679,2019-06-23 13:30:00-05,3.381,-2.847,5143,2019-06-23 13:30:00
1110200,1110200,5679,2019-06-23 13:45:00-05,3.035,-1.097,5144,2019-06-23 13:45:00
1110201,1110201,5679,2019-06-23 14:00:00-05,2.703,1.764,5145,2019-06-23 14:00:00
1110202,1110202,5679,2019-06-23 14:15:00-05,2.348,0.47,5146,2019-06-23 14:15:00
1110203,1110203,5679,2019-06-23 14:30:00-05,2.003,-0.873,5147,2019-06-23 14:30:00
1110204,1110204,5679,2019-06-23 14:45:00-05,1.648,-1.015,5148,2019-06-23 14:45:00
1110205,1110205,5679,2019-06-23 15:00:00-05,1.327,-0.813,5149,2019-06-23 15:00:00
1110206,1110206,5679,2019-06-23 15:15:00-05,0.94,-0.361,5150,2019-06-23 15:15:00
1110207,1110207,5679,2019-06-23 15:30:00-05,0.663,-0.088,5151,2019-06-23 15:30:00
1110208,1110208,5679,2019-06-23 15:45:00-05,0.588,-0.019,5152,2019-06-23 15:45:00
1110209,1110209,5679,2019-06-23 16:00:00-05,0.524,0.026,5153,2019-06-23 16:00:00
1110210,1110210,5679,2019-06-23 16:15:00-05,0.47,0.065,5154,2019-06-23 16:15:00
1110211,1110211,5679,2019-06-23 16:30:00-05,0.443,-0.009,5155,2019-06-23 16:30:00
1110212,1110212,5679,2019-06-23 16:45:00-05,0.434,-0.038,5156,2019-06-23 16:45:00
1110213,1110213,5679,2019-06-23 17:00:00-05,0.402,-0.007,5157,2019-06-23 17:00:00
1110214,1110214,5679,2019-06-23 17:15:00-05,0.365,0.306,5158,2019-06-23 17:15:00
1110215,1110215,5679,2019-06-23 17:30:00-05,0.325,0.103,5159,2019-06-23 17:30:00
1110216,1110216,5679,2019-06-23 17:45:00-05,0.28,0.188,5160,2019-06-23 17:45:00
1110217,1110217,5679,2019-06-23 18:00:00-05,0.238,0.201,5161,2019-06-23 18:00:00
1110218,1110218,5679,2019-06-23 18:15:00-05,0.201,0.198,5162,2019-06-23 18:15:00
1110219,1110219,5679,2019-06-23 18:30:00-05,0.166,0.266,5163,2019-06-23 18:30:00
1110220,1110220,5679,2019-06-23 18:45:00-05,0.134,0.316,5164,2019-06-23 18:45:00
1110221,1110221,5679,2019-06-23 19:00:00-05,0.095,0.377,5165,2019-06-23 19:00:00
1110222,1110222,5679,2019-06-23 19:15:00-05,0.057,0.449,5166,2019-06-23 19:15:00
1110223,1110223,5679,2019-06-23 19:30:00-05,0.022,0.437,5167,2019-06-23 19:30:00
1110224,1110224,5679,2019-06-23 19:45:00-05,0.006,0.463,5168,2019-06-23 19:45:00
1110225,1110225,5679,2019-06-23 20:00:00-05,0.006,0.464,5169,2019-06-23 20:00:00
1110226,1110226,5679,2019-06-23 20:15:00-05,0.006,0.467,5170,2019-06-23 20:15:00
1110227,1110227,5679,2019-06-23 20:30:00-05,0.006,0.466,5171,2019-06-23 20:30:00
1110228,1110228,5679,2019-06-23 20:45:00-05,0.006,0.421,5172,2019-06-23 20:45:00
1110229,1110229,5679,2019-06-23 21:00:00-05,0.006,0.402,5173,2019-06-23 21:00:00
1110230,1110230,5679,2019-06-23 21:15:00-05,0.006,0.756,5174,2019-06-23 21:15:00
1110231,1110231,5679,2019-06-23 21:30:00-05,0.006,0.564,5175,2019-06-23 21:30:00
1110232,1110232,5679,2019-06-23 21:45:00-05,0.006,0.525,5176,2019-06-23 21:45:00
1110233,1110233,5679,2019-06-23 22:00:00-05,0.006,0.426,5177,2019-06-23 22:00:00
1110234,1110234,5679,2019-06-23 22:15:00-05,0.006,0.471,5178,2019-06-23 22:15:00
1110235,1110235,5679,2019-06-23 22:30:00-05,0.006,0.514,5179,2019-06-23 22:30:00
1110236,1110236,5679,2019-06-23 22:45:00-05,0.006,0.448,5180,2019-06-23 22:45:00
1110237,1110237,5679,2019-06-23 23:00:00-05,0.006,0.394,5181,2019-06-23 23:00:00
1110238,1110238,5679,2019-06-23 23:15:00-05,0.006,0.394,5182,2019-06-23 23:15:00
1110239,1110239,5679,2019-06-23 23:30:00-05,0.006,0.337,5183,2019-06-23 23:30:00
1110240,1110240,5679,2019-06-23 23:45:00-05,0.006,0.283,5184,2019-06-23 23:45:00
1110241,1110241,5679,2019-06-24 00:00:00-05,0.006,0.299,5185,2019-06-24 00:00:00
1110242,1110242,5679,2019-06-24 00:15:00-05,0.007,0.293,5186,2019-06-24 00:15:00
1110243,1110243,5679,2019-06-24 00:30:00-05,0.007,0.28,5187,2019-06-24 00:30:00
1110244,1110244,5679,2019-06-24 00:45:00-05,0.007,0.28,5188,2019-06-24 00:45:00
1110245,1110245,5679,2019-06-24 01:00:00-05,0.006,0.366,5189,2019-06-24 01:00:00
1110246,1110246,5679,2019-06-24 01:15:00-05,0.006,0.409,5190,2019-06-24 01:15:00
1110247,1110247,5679,2019-06-24 01:30:00-05,0.006,0.506,5191,2019-06-24 01:30:00
1110248,1110248,5679,2019-06-24 01:45:00-05,0.006,0.492,5192,2019-06-24 01:45:00
1110249,1110249,5679,2019-06-24 02:00:00-05,0.006,0.387,5193,2019-06-24 02:00:00
1110250,1110250,5679,2019-06-24 02:15:00-05,0.007,0.335,5194,2019-06-24 02:15:00
1110251,1110251,5679,2019-06-24 02:30:00-05,0.007,0.409,5195,2019-06-24 02:30:00
1110252,1110252,5679,2019-06-24 02:45:00-05,0.007,0.407,5196,2019-06-24 02:45:00
1110253,1110253,5679,2019-06-24 03:00:00-05,0.007,0.411,5197,2019-06-24 03:00:00
1110254,1110254,5679,2019-06-24 03:15:00-05,0.007,0.399,5198,2019-06-24 03:15:00
1110255,1110255,5679,2019-06-24 03:30:00-05,0.007,0.436,5199,2019-06-24 03:30:00
1110256,1110256,5679,2019-06-24 03:45:00-05,0.007,0.507,5200,2019-06-24 03:45:00
1110257,1110257,5679,2019-06-24 04:00:00-05,0.007,0.501,5201,2019-06-24 04:00:00
1110258,1110258,5679,2019-06-24 04:15:00-05,0.007,0.403,5202,2019-06-24 04:15:00
1110259,1110259,5679,2019-06-24 04:30:00-05,0.015,0.831,5203,2019-06-24 04:30:00
1110260,1110260,5679,2019-06-24 04:45:00-05,0.037,0.646,5204,2019-06-24 04:45:00
1110261,1110261,5679,2019-06-24 05:00:00-05,0.062,0.625,5205,2019-06-24 05:00:00
1110262,1110262,5679,2019-06-24 05:15:00-05,0.16,0.901,5206,2019-06-24 05:15:00
1110263,1110263,5679,2019-06-24 05:30:00-05,0.211,0.628,5207,2019-06-24 05:30:00
1110264,1110264,5679,2019-06-24 05:45:00-05,0.295,0.629,5208,2019-06-24 05:45:00
1110265,1110265,5679,2019-06-24 06:00:00-05,0.278,0.59,5209,2019-06-24 06:00:00
1110266,1110266,5679,2019-06-24 06:15:00-05,0.293,0.276,5210,2019-06-24 06:15:00
1110267,1110267,5679,2019-06-24 06:30:00-05,0.698,-0.306,5211,2019-06-24 06:30:00
1110268,1110268,5679,2019-06-24 06:45:00-05,0.897,-0.506,5212,2019-06-24 06:45:00
1110269,1110269,5679,2019-06-24 07:00:00-05,0.713,-0.248,5213,2019-06-24 07:00:00
1110270,1110270,5679,2019-06-24 07:15:00-05,0.905,-0.367,5214,2019-06-24 07:15:00
1110271,1110271,5679,2019-06-24 07:30:00-05,1.096,-0.584,5215,2019-06-24 07:30:00
1110272,1110272,5679,2019-06-24 07:45:00-05,1.23,-0.555,5216,2019-06-24 07:45:00
1110273,1110273,5679,2019-06-24 08:00:00-05,1.31,-0.924,5217,2019-06-24 08:00:00
1110274,1110274,5679,2019-06-24 08:15:00-05,1.844,-1.642,5218,2019-06-24 08:15:00
1110275,1110275,5679,2019-06-24 08:30:00-05,1.912,-1.608,5219,2019-06-24 08:30:00
1110276,1110276,5679,2019-06-24 08:45:00-05,1.773,-1.341,5220,2019-06-24 08:45:00
1110277,1110277,5679,2019-06-24 09:00:00-05,1.861,-1.463,5221,2019-06-24 09:00:00
1110278,1110278,5679,2019-06-24 09:15:00-05,1.611,-1.187,5222,2019-06-24 09:15:00
1110279,1110279,5679,2019-06-24 09:30:00-05,2.003,-1.522,5223,2019-06-24 09:30:00
1110280,1110280,5679,2019-06-24 09:45:00-05,2.476,-1.961,5224,2019-06-24 09:45:00
1110281,1110281,5679,2019-06-24 10:00:00-05,1.586,-1.083,5225,2019-06-24 10:00:00
1110282,1110282,5679,2019-06-24 10:15:00-05,1.071,-0.575,5226,2019-06-24 10:15:00
1110283,1110283,5679,2019-06-24 10:30:00-05,1.089,-0.651,5227,2019-06-24 10:30:00
1110284,1110284,5679,2019-06-24 10:45:00-05,1.229,-0.916,5228,2019-06-24 10:45:00
1110285,1110285,5679,2019-06-24 11:00:00-05,1.083,-0.789,5229,2019-06-24 11:00:00
1110286,1110286,5679,2019-06-24 11:15:00-05,1.847,-1.563,5230,2019-06-24 11:15:00
1110287,1110287,5679,2019-06-24 11:30:00-05,1.344,-1.028,5231,2019-06-24 11:30:00
1110288,1110288,5679,2019-06-24 11:45:00-05,1.698,-1.255,5232,2019-06-24 11:45:00
1110289,1110289,5679,2019-06-24 12:00:00-05,1.835,-1.276,5233,2019-06-24 12:00:00
1110290,1110290,5679,2019-06-24 12:15:00-05,1.788,-1.251,5234,2019-06-24 12:15:00
1110291,1110291,5679,2019-06-24 12:30:00-05,1.618,-0.563,5235,2019-06-24 12:30:00
1110292,1110292,5679,2019-06-24 12:45:00-05,1.492,-0.362,5236,2019-06-24 12:45:00
1110293,1110293,5679,2019-06-24 13:00:00-05,1.14,0.761,5237,2019-06-24 13:00:00
1110294,1110294,5679,2019-06-24 13:15:00-05,1.544,0.442,5238,2019-06-24 13:15:00
1110295,1110295,5679,2019-06-24 13:30:00-05,2.394,-0.315,5239,2019-06-24 13:30:00
1110296,1110296,5679,2019-06-24 13:45:00-05,1.067,0.979,5240,2019-06-24 13:45:00
1110297,1110297,5679,2019-06-24 14:00:00-05,1.434,0.754,5241,2019-06-24 14:00:00
1110298,1110298,5679,2019-06-24 14:15:00-05,2.193,-0.302,5242,2019-06-24 14:15:00
1110299,1110299,5679,2019-06-24 14:30:00-05,2.102,-0.44,5243,2019-06-24 14:30:00
1110300,1110300,5679,2019-06-24 14:45:00-05,1.838,0.016,5244,2019-06-24 14:45:00
1110301,1110301,5679,2019-06-24 15:00:00-05,1.318,0.23,5245,2019-06-24 15:00:00
1110302,1110302,5679,2019-06-24 15:15:00-05,1.526,6.579,5246,2019-06-24 15:15:00
1110303,1110303,5679,2019-06-24 15:30:00-05,1.335,7.642,5247,2019-06-24 15:30:00
1110304,1110304,5679,2019-06-24 15:45:00-05,1.191,7.567,5248,2019-06-24 15:45:00
1110305,1110305,5679,2019-06-24 16:00:00-05,1.019,7.965,5249,2019-06-24 16:00:00
1110306,1110306,5679,2019-06-24 16:15:00-05,0.72,6.626,5250,2019-06-24 16:15:00
1110307,1110307,5679,2019-06-24 16:30:00-05,0.834,1.854,5251,2019-06-24 16:30:00
1110308,1110308,5679,2019-06-24 16:45:00-05,0.871,1.299,5252,2019-06-24 16:45:00
1110309,1110309,5679,2019-06-24 17:00:00-05,0.66,1.558,5253,2019-06-24 17:00:00
1110310,1110310,5679,2019-06-24 17:15:00-05,0.377,1.557,5254,2019-06-24 17:15:00
1110311,1110311,5679,2019-06-24 17:30:00-05,0.369,1.351,5255,2019-06-24 17:30:00
1110312,1110312,5679,2019-06-24 17:45:00-05,0.309,1.554,5256,2019-06-24 17:45:00
1110313,1110313,5679,2019-06-24 18:00:00-05,0.299,1.889,5257,2019-06-24 18:00:00
1110314,1110314,5679,2019-06-24 18:15:00-05,0.314,1.989,5258,2019-06-24 18:15:00
1110315,1110315,5679,2019-06-24 18:30:00-05,0.281,1.854,5259,2019-06-24 18:30:00
1110316,1110316,5679,2019-06-24 18:45:00-05,0.198,1.268,5260,2019-06-24 18:45:00
1110317,1110317,5679,2019-06-24 19:00:00-05,0.119,0.942,5261,2019-06-24 19:00:00
1110318,1110318,5679,2019-06-24 19:15:00-05,0.061,1.216,5262,2019-06-24 19:15:00
1110319,1110319,5679,2019-06-24 19:30:00-05,0.018,1.099,5263,2019-06-24 19:30:00
1110320,1110320,5679,2019-06-24 19:45:00-05,0.005,1.976,5264,2019-06-24 19:45:00
1110321,1110321,5679,2019-06-24 20:00:00-05,0.005,2.051,5265,2019-06-24 20:00:00
1110322,1110322,5679,2019-06-24 20:15:00-05,0.005,1.391,5266,2019-06-24 20:15:00
1110323,1110323,5679,2019-06-24 20:30:00-05,0.005,1.456,5267,2019-06-24 20:30:00
1110324,1110324,5679,2019-06-24 20:45:00-05,0.005,1.379,5268,2019-06-24 20:45:00
1110325,1110325,5679,2019-06-24 21:00:00-05,0.006,0.929,5269,2019-06-24 21:00:00
1110326,1110326,5679,2019-06-24 21:15:00-05,0.006,0.718,5270,2019-06-24 21:15:00
1110327,1110327,5679,2019-06-24 21:30:00-05,0.006,0.793,5271,2019-06-24 21:30:00
1110328,1110328,5679,2019-06-24 21:45:00-05,0.005,1.128,5272,2019-06-24 21:45:00
1110329,1110329,5679,2019-06-24 22:00:00-05,0.006,0.735,5273,2019-06-24 22:00:00
1110330,1110330,5679,2019-06-24 22:15:00-05,0.006,0.827,5274,2019-06-24 22:15:00
1110331,1110331,5679,2019-06-24 22:30:00-05,0.006,0.822,5275,2019-06-24 22:30:00
1110332,1110332,5679,2019-06-24 22:45:00-05,0.006,0.486,5276,2019-06-24 22:45:00
1110333,1110333,5679,2019-06-24 23:00:00-05,0.006,0.533,5277,2019-06-24 23:00:00
1110334,1110334,5679,2019-06-24 23:15:00-05,0.006,0.678,5278,2019-06-24 23:15:00
1110335,1110335,5679,2019-06-24 23:30:00-05,0.006,0.394,5279,2019-06-24 23:30:00
1110336,1110336,5679,2019-06-24 23:45:00-05,0.006,0.291,5280,2019-06-24 23:45:00
1110337,1110337,5679,2019-06-25 00:00:00-05,0.006,0.797,5281,2019-06-25 00:00:00
1110338,1110338,5679,2019-06-25 00:15:00-05,0.006,0.4,5282,2019-06-25 00:15:00
1110339,1110339,5679,2019-06-25 00:30:00-05,0.006,0.399,5283,2019-06-25 00:30:00
1110340,1110340,5679,2019-06-25 00:45:00-05,0.006,0.395,5284,2019-06-25 00:45:00
1110341,1110341,5679,2019-06-25 01:00:00-05,0.006,0.297,5285,2019-06-25 01:00:00
1110342,1110342,5679,2019-06-25 01:15:00-05,0.006,0.288,5286,2019-06-25 01:15:00
1110343,1110343,5679,2019-06-25 01:30:00-05,0.007,0.267,5287,2019-06-25 01:30:00
1110344,1110344,5679,2019-06-25 01:45:00-05,0.006,0.285,5288,2019-06-25 01:45:00
1110345,1110345,5679,2019-06-25 02:00:00-05,0.006,0.278,5289,2019-06-25 02:00:00
1110346,1110346,5679,2019-06-25 02:15:00-05,0.006,0.359,5290,2019-06-25 02:15:00
1110347,1110347,5679,2019-06-25 02:30:00-05,0.006,0.397,5291,2019-06-25 02:30:00
1110348,1110348,5679,2019-06-25 02:45:00-05,0.006,0.393,5292,2019-06-25 02:45:00
1110349,1110349,5679,2019-06-25 03:00:00-05,0.006,0.389,5293,2019-06-25 03:00:00
1110350,1110350,5679,2019-06-25 03:15:00-05,0.006,0.99,5294,2019-06-25 03:15:00
1110351,1110351,5679,2019-06-25 03:30:00-05,0.006,0.461,5295,2019-06-25 03:30:00
1110352,1110352,5679,2019-06-25 03:45:00-05,0.006,0.488,5296,2019-06-25 03:45:00
1110353,1110353,5679,2019-06-25 04:00:00-05,0.006,0.482,5297,2019-06-25 04:00:00
1110354,1110354,5679,2019-06-25 04:15:00-05,0.006,0.479,5298,2019-06-25 04:15:00
1110355,1110355,5679,2019-06-25 04:30:00-05,0.006,0.608,5299,2019-06-25 04:30:00
1110356,1110356,5679,2019-06-25 04:45:00-05,0.008,0.73,5300,2019-06-25 04:45:00
1110357,1110357,5679,2019-06-25 05:00:00-05,0.029,0.332,5301,2019-06-25 05:00:00
1110358,1110358,5679,2019-06-25 05:15:00-05,0.068,0.482,5302,2019-06-25 05:15:00
1110359,1110359,5679,2019-06-25 05:30:00-05,0.081,0.392,5303,2019-06-25 05:30:00
1110360,1110360,5679,2019-06-25 05:45:00-05,0.021,0.915,5304,2019-06-25 05:45:00
1110361,1110361,5679,2019-06-25 06:00:00-05,0.029,0.643,5305,2019-06-25 06:00:00
1110362,1110362,5679,2019-06-25 06:15:00-05,0.086,0.786,5306,2019-06-25 06:15:00
1110363,1110363,5679,2019-06-25 06:30:00-05,0.256,0.388,5307,2019-06-25 06:30:00
1110364,1110364,5679,2019-06-25 06:45:00-05,0.375,0.543,5308,2019-06-25 06:45:00
1110365,1110365,5679,2019-06-25 07:00:00-05,0.494,0.133,5309,2019-06-25 07:00:00
1110366,1110366,5679,2019-06-25 07:15:00-05,0.796,4.372,5310,2019-06-25 07:15:00
1110367,1110367,5679,2019-06-25 07:30:00-05,0.943,4.31,5311,2019-06-25 07:30:00
1110368,1110368,5679,2019-06-25 07:45:00-05,1.112,1.891,5312,2019-06-25 07:45:00
1110369,1110369,5679,2019-06-25 08:00:00-05,1.536,-0.699,5313,2019-06-25 08:00:00
1110370,1110370,5679,2019-06-25 08:15:00-05,1.674,-0.97,5314,2019-06-25 08:15:00
1110371,1110371,5679,2019-06-25 08:30:00-05,2.01,-1.479,5315,2019-06-25 08:30:00
1110372,1110372,5679,2019-06-25 08:45:00-05,2.047,-1.305,5316,2019-06-25 08:45:00
1110373,1110373,5679,2019-06-25 09:00:00-05,1.582,-0.896,5317,2019-06-25 09:00:00
1110374,1110374,5679,2019-06-25 09:15:00-05,1.834,-1.336,5318,2019-06-25 09:15:00
1110375,1110375,5679,2019-06-25 09:30:00-05,3.107,-2.289,5319,2019-06-25 09:30:00
1110376,1110376,5679,2019-06-25 09:45:00-05,3.184,-2.528,5320,2019-06-25 09:45:00
1110377,1110377,5679,2019-06-25 10:00:00-05,2.981,-2.182,5321,2019-06-25 10:00:00
1110378,1110378,5679,2019-06-25 10:15:00-05,2.585,-1.801,5322,2019-06-25 10:15:00
1110379,1110379,5679,2019-06-25 10:30:00-05,3.596,-2.599,5323,2019-06-25 10:30:00
1110380,1110380,5679,2019-06-25 10:45:00-05,3.827,-2.853,5324,2019-06-25 10:45:00
1110381,1110381,5679,2019-06-25 11:00:00-05,4.36,-3.461,5325,2019-06-25 11:00:00
1110382,1110382,5679,2019-06-25 11:15:00-05,4.18,-3.293,5326,2019-06-25 11:15:00
1110383,1110383,5679,2019-06-25 11:30:00-05,3.6,-2.708,5327,2019-06-25 11:30:00
1110384,1110384,5679,2019-06-25 11:45:00-05,3.612,-2.675,5328,2019-06-25 11:45:00
1110385,1110385,5679,2019-06-25 12:00:00-05,3.861,-2.616,5329,2019-06-25 12:00:00
1110386,1110386,5679,2019-06-25 12:15:00-05,4.446,-2.574,5330,2019-06-25 12:15:00
1110387,1110387,5679,2019-06-25 12:30:00-05,2.265,0.607,5331,2019-06-25 12:30:00
1110388,1110388,5679,2019-06-25 12:45:00-05,1.747,0.864,5332,2019-06-25 12:45:00
1110389,1110389,5679,2019-06-25 13:00:00-05,3.167,1.208,5333,2019-06-25 13:00:00
1110390,1110390,5679,2019-06-25 13:15:00-05,3.891,-0.169,5334,2019-06-25 13:15:00
1110391,1110391,5679,2019-06-25 13:30:00-05,3.239,-0.863,5335,2019-06-25 13:30:00
1110392,1110392,5679,2019-06-25 13:45:00-05,3.028,-0.816,5336,2019-06-25 13:45:00
1110393,1110393,5679,2019-06-25 14:00:00-05,2.804,-0.798,5337,2019-06-25 14:00:00
1110394,1110394,5679,2019-06-25 14:15:00-05,2.46,-0.144,5338,2019-06-25 14:15:00
1110395,1110395,5679,2019-06-25 14:30:00-05,1.517,0.731,5339,2019-06-25 14:30:00
1110396,1110396,5679,2019-06-25 14:45:00-05,1.997,0.142,5340,2019-06-25 14:45:00
1110397,1110397,5679,2019-06-25 15:00:00-05,1.424,0.702,5341,2019-06-25 15:00:00
1110398,1110398,5679,2019-06-25 15:15:00-05,0.963,1.408,5342,2019-06-25 15:15:00
1110399,1110399,5679,2019-06-25 15:30:00-05,0.795,1.73,5343,2019-06-25 15:30:00
1110400,1110400,5679,2019-06-25 15:45:00-05,0.817,2.082,5344,2019-06-25 15:45:00
1110401,1110401,5679,2019-06-25 16:00:00-05,0.686,2.475,5345,2019-06-25 16:00:00
1110402,1110402,5679,2019-06-25 16:15:00-05,0.817,2.283,5346,2019-06-25 16:15:00
1110403,1110403,5679,2019-06-25 16:30:00-05,0.664,2.125,5347,2019-06-25 16:30:00
1110404,1110404,5679,2019-06-25 16:45:00-05,0.524,2.153,5348,2019-06-25 16:45:00
1110405,1110405,5679,2019-06-25 17:00:00-05,0.568,1.942,5349,2019-06-25 17:00:00
1110406,1110406,5679,2019-06-25 17:15:00-05,0.468,2.515,5350,2019-06-25 17:15:00
1110407,1110407,5679,2019-06-25 17:30:00-05,0.42,8.251,5351,2019-06-25 17:30:00
1110408,1110408,5679,2019-06-25 17:45:00-05,0.416,8.209,5352,2019-06-25 17:45:00
1110409,1110409,5679,2019-06-25 18:00:00-05,0.485,8.208,5353,2019-06-25 18:00:00
1110410,1110410,5679,2019-06-25 18:15:00-05,0.219,8.399,5354,2019-06-25 18:15:00
1110411,1110411,5679,2019-06-25 18:30:00-05,0.114,8.275,5355,2019-06-25 18:30:00
1110412,1110412,5679,2019-06-25 18:45:00-05,0.106,8.025,5356,2019-06-25 18:45:00
1110413,1110413,5679,2019-06-25 19:00:00-05,0.096,7.989,5357,2019-06-25 19:00:00
1110414,1110414,5679,2019-06-25 19:15:00-05,0.058,3.039,5358,2019-06-25 19:15:00
1110415,1110415,5679,2019-06-25 19:30:00-05,0.022,1.007,5359,2019-06-25 19:30:00
1110416,1110416,5679,2019-06-25 19:45:00-05,0.005,0.936,5360,2019-06-25 19:45:00
1110417,1110417,5679,2019-06-25 20:00:00-05,0.005,0.746,5361,2019-06-25 20:00:00
1110418,1110418,5679,2019-06-25 20:15:00-05,0.005,0.383,5362,2019-06-25 20:15:00
1110419,1110419,5679,2019-06-25 20:30:00-05,0.005,0.398,5363,2019-06-25 20:30:00
1110420,1110420,5679,2019-06-25 20:45:00-05,0.005,0.422,5364,2019-06-25 20:45:00
1110421,1110421,5679,2019-06-25 21:00:00-05,0.005,0.5,5365,2019-06-25 21:00:00
1110422,1110422,5679,2019-06-25 21:15:00-05,0.005,0.442,5366,2019-06-25 21:15:00
1110423,1110423,5679,2019-06-25 21:30:00-05,0.005,0.369,5367,2019-06-25 21:30:00
1110424,1110424,5679,2019-06-25 21:45:00-05,0.005,0.363,5368,2019-06-25 21:45:00
1110425,1110425,5679,2019-06-25 22:00:00-05,0.006,0.266,5369,2019-06-25 22:00:00
1110426,1110426,5679,2019-06-25 22:15:00-05,0.006,0.261,5370,2019-06-25 22:15:00
1110427,1110427,5679,2019-06-25 22:30:00-05,0.006,0.268,5371,2019-06-25 22:30:00
1110428,1110428,5679,2019-06-25 22:45:00-05,0.006,0.278,5372,2019-06-25 22:45:00
1110429,1110429,5679,2019-06-25 23:00:00-05,0.006,0.266,5373,2019-06-25 23:00:00
1110430,1110430,5679,2019-06-25 23:15:00-05,0.006,0.302,5374,2019-06-25 23:15:00
1110431,1110431,5679,2019-06-25 23:30:00-05,0.006,0.319,5375,2019-06-25 23:30:00
1110432,1110432,5679,2019-06-25 23:45:00-05,0.006,0.317,5376,2019-06-25 23:45:00
1110433,1110433,5679,2019-06-26 00:00:00-05,0.006,0.316,5377,2019-06-26 00:00:00
1110434,1110434,5679,2019-06-26 00:15:00-05,0.006,0.277,5378,2019-06-26 00:15:00
1110435,1110435,5679,2019-06-26 00:30:00-05,0.006,0.21,5379,2019-06-26 00:30:00
1110436,1110436,5679,2019-06-26 00:45:00-05,0.006,0.206,5380,2019-06-26 00:45:00
1110437,1110437,5679,2019-06-26 01:00:00-05,0.006,0.208,5381,2019-06-26 01:00:00
1110438,1110438,5679,2019-06-26 01:15:00-05,0.006,0.209,5382,2019-06-26 01:15:00
1110439,1110439,5679,2019-06-26 01:30:00-05,0.006,0.232,5383,2019-06-26 01:30:00
1110440,1110440,5679,2019-06-26 01:45:00-05,0.006,0.324,5384,2019-06-26 01:45:00
1110441,1110441,5679,2019-06-26 02:00:00-05,0.006,0.319,5385,2019-06-26 02:00:00
1110442,1110442,5679,2019-06-26 02:15:00-05,0.006,0.317,5386,2019-06-26 02:15:00
1110443,1110443,5679,2019-06-26 02:30:00-05,0.006,0.316,5387,2019-06-26 02:30:00
1110444,1110444,5679,2019-06-26 02:45:00-05,0.006,0.872,5388,2019-06-26 02:45:00
1110445,1110445,5679,2019-06-26 03:00:00-05,0.006,0.381,5389,2019-06-26 03:00:00
1110446,1110446,5679,2019-06-26 03:15:00-05,0.006,0.375,5390,2019-06-26 03:15:00
1110447,1110447,5679,2019-06-26 03:30:00-05,0.006,0.375,5391,2019-06-26 03:30:00
1110448,1110448,5679,2019-06-26 03:45:00-05,0.006,0.371,5392,2019-06-26 03:45:00
1110449,1110449,5679,2019-06-26 04:00:00-05,0.006,0.33,5393,2019-06-26 04:00:00
1110450,1110450,5679,2019-06-26 04:15:00-05,0.006,0.365,5394,2019-06-26 04:15:00
1110451,1110451,5679,2019-06-26 04:30:00-05,0.014,0.341,5395,2019-06-26 04:30:00
1110452,1110452,5679,2019-06-26 04:45:00-05,0.032,0.293,5396,2019-06-26 04:45:00
1110453,1110453,5679,2019-06-26 05:00:00-05,0.05,0.878,5397,2019-06-26 05:00:00
1110454,1110454,5679,2019-06-26 05:15:00-05,0.068,0.203,5398,2019-06-26 05:15:00
1110455,1110455,5679,2019-06-26 05:30:00-05,0.098,0.24,5399,2019-06-26 05:30:00
1110456,1110456,5679,2019-06-26 05:45:00-05,0.133,0.427,5400,2019-06-26 05:45:00
1110457,1110457,5679,2019-06-26 06:00:00-05,0.195,0.251,5401,2019-06-26 06:00:00
1110458,1110458,5679,2019-06-26 06:15:00-05,0.217,0.141,5402,2019-06-26 06:15:00
1110459,1110459,5679,2019-06-26 06:30:00-05,0.244,0.142,5403,2019-06-26 06:30:00
1110460,1110460,5679,2019-06-26 06:45:00-05,0.301,0.049,5404,2019-06-26 06:45:00
1110461,1110461,5679,2019-06-26 07:00:00-05,0.433,-0.107,5405,2019-06-26 07:00:00
1110462,1110462,5679,2019-06-26 07:15:00-05,0.625,0.146,5406,2019-06-26 07:15:00
1110463,1110463,5679,2019-06-26 07:30:00-05,0.683,-0.434,5407,2019-06-26 07:30:00
1110464,1110464,5679,2019-06-26 07:45:00-05,0.939,-0.067,5408,2019-06-26 07:45:00
1110465,1110465,5679,2019-06-26 08:00:00-05,1.72,-1.377,5409,2019-06-26 08:00:00
1110466,1110466,5679,2019-06-26 08:15:00-05,1.927,-1.61,5410,2019-06-26 08:15:00
1110467,1110467,5679,2019-06-26 08:30:00-05,2.224,-1.918,5411,2019-06-26 08:30:00
1110468,1110468,5679,2019-06-26 08:45:00-05,2.555,-2.209,5412,2019-06-26 08:45:00
1110469,1110469,5679,2019-06-26 09:00:00-05,2.671,-2.243,5413,2019-06-26 09:00:00
1110470,1110470,5679,2019-06-26 09:15:00-05,2.856,-2.426,5414,2019-06-26 09:15:00
1110471,1110471,5679,2019-06-26 09:30:00-05,3.003,-2.598,5415,2019-06-26 09:30:00
1110472,1110472,5679,2019-06-26 09:45:00-05,3.103,-2.799,5416,2019-06-26 09:45:00
1110473,1110473,5679,2019-06-26 10:00:00-05,3.494,-3.28,5417,2019-06-26 10:00:00
1110474,1110474,5679,2019-06-26 10:15:00-05,3.574,-3.321,5418,2019-06-26 10:15:00
1110475,1110475,5679,2019-06-26 10:30:00-05,3.591,-3.301,5419,2019-06-26 10:30:00
1110476,1110476,5679,2019-06-26 10:45:00-05,3.736,-3.443,5420,2019-06-26 10:45:00
1110477,1110477,5679,2019-06-26 11:00:00-05,3.937,-3.637,5421,2019-06-26 11:00:00
1110478,1110478,5679,2019-06-26 11:15:00-05,4.072,-3.709,5422,2019-06-26 11:15:00
1110479,1110479,5679,2019-06-26 11:30:00-05,4.038,-3.736,5423,2019-06-26 11:30:00
1110480,1110480,5679,2019-06-26 11:45:00-05,3.815,-3.515,5424,2019-06-26 11:45:00
1110481,1110481,5679,2019-06-26 12:00:00-05,2.93,-2.629,5425,2019-06-26 12:00:00
1110482,1110482,5679,2019-06-26 12:15:00-05,4.246,-3.954,5426,2019-06-26 12:15:00
1110483,1110483,5679,2019-06-26 12:30:00-05,2.525,-2.335,5427,2019-06-26 12:30:00
1110484,1110484,5679,2019-06-26 12:45:00-05,2.881,-2.692,5428,2019-06-26 12:45:00
1110485,1110485,5679,2019-06-26 13:00:00-05,0.933,0.558,5429,2019-06-26 13:00:00
1110486,1110486,5679,2019-06-26 13:15:00-05,2.75,-0.15,5430,2019-06-26 13:15:00
1110487,1110487,5679,2019-06-26 13:30:00-05,1.767,0.683,5431,2019-06-26 13:30:00
1110488,1110488,5679,2019-06-26 13:45:00-05,1.775,0.85,5432,2019-06-26 13:45:00
1110489,1110489,5679,2019-06-26 14:00:00-05,2.063,0.623,5433,2019-06-26 14:00:00
1110490,1110490,5679,2019-06-26 14:15:00-05,2.578,0.283,5434,2019-06-26 14:15:00
1110491,1110491,5679,2019-06-26 14:30:00-05,1.977,1.186,5435,2019-06-26 14:30:00
1110492,1110492,5679,2019-06-26 14:45:00-05,1.391,3.367,5436,2019-06-26 14:45:00
1110493,1110493,5679,2019-06-26 15:00:00-05,1.282,12.335,5437,2019-06-26 15:00:00
1110494,1110494,5679,2019-06-26 15:15:00-05,0.838,11.025,5438,2019-06-26 15:15:00
1110495,1110495,5679,2019-06-26 15:30:00-05,0.565,9.493,5439,2019-06-26 15:30:00
1110496,1110496,5679,2019-06-26 15:45:00-05,0.506,11.513,5440,2019-06-26 15:45:00
1110497,1110497,5679,2019-06-26 16:00:00-05,0.453,10.792,5441,2019-06-26 16:00:00
1110498,1110498,5679,2019-06-26 16:15:00-05,0.378,13.275,5442,2019-06-26 16:15:00
1110499,1110499,5679,2019-06-26 16:30:00-05,0.285,7.939,5443,2019-06-26 16:30:00
1110500,1110500,5679,2019-06-26 16:45:00-05,0.267,5.146,5444,2019-06-26 16:45:00
1110501,1110501,5679,2019-06-26 17:00:00-05,0.249,4.998,5445,2019-06-26 17:00:00
1110502,1110502,5679,2019-06-26 17:15:00-05,0.234,3.38,5446,2019-06-26 17:15:00
1110503,1110503,5679,2019-06-26 17:30:00-05,0.213,5.572,5447,2019-06-26 17:30:00
1110504,1110504,5679,2019-06-26 17:45:00-05,0.197,3.362,5448,2019-06-26 17:45:00
1110505,1110505,5679,2019-06-26 18:00:00-05,0.17,1.681,5449,2019-06-26 18:00:00
1110506,1110506,5679,2019-06-26 18:15:00-05,0.145,1.788,5450,2019-06-26 18:15:00
1110507,1110507,5679,2019-06-26 18:30:00-05,0.122,1.952,5451,2019-06-26 18:30:00
1110508,1110508,5679,2019-06-26 18:45:00-05,0.101,1.949,5452,2019-06-26 18:45:00
1110509,1110509,5679,2019-06-26 19:00:00-05,0.072,1.67,5453,2019-06-26 19:00:00
1110510,1110510,5679,2019-06-26 19:15:00-05,0.041,1.582,5454,2019-06-26 19:15:00
1110511,1110511,5679,2019-06-26 19:30:00-05,0.016,1.298,5455,2019-06-26 19:30:00
1110512,1110512,5679,2019-06-26 19:45:00-05,0.004,1.134,5456,2019-06-26 19:45:00
1110513,1110513,5679,2019-06-26 20:00:00-05,0.004,1.109,5457,2019-06-26 20:00:00
1110514,1110514,5679,2019-06-26 20:15:00-05,0.004,0.988,5458,2019-06-26 20:15:00
1110515,1110515,5679,2019-06-26 20:30:00-05,0.004,1.003,5459,2019-06-26 20:30:00
1110516,1110516,5679,2019-06-26 20:45:00-05,0.005,0.913,5460,2019-06-26 20:45:00
1110517,1110517,5679,2019-06-26 21:00:00-05,0.005,0.653,5461,2019-06-26 21:00:00
1110518,1110518,5679,2019-06-26 21:15:00-05,0.005,0.343,5462,2019-06-26 21:15:00
1110519,1110519,5679,2019-06-26 21:30:00-05,0.005,0.733,5463,2019-06-26 21:30:00
1110520,1110520,5679,2019-06-26 21:45:00-05,0.005,0.32,5464,2019-06-26 21:45:00
1110521,1110521,5679,2019-06-26 22:00:00-05,0.005,0.317,5465,2019-06-26 22:00:00
1110522,1110522,5679,2019-06-26 22:15:00-05,0.006,0.316,5466,2019-06-26 22:15:00
1110523,1110523,5679,2019-06-26 22:30:00-05,0.005,0.426,5467,2019-06-26 22:30:00
1110524,1110524,5679,2019-06-26 22:45:00-05,0.005,0.419,5468,2019-06-26 22:45:00
1110525,1110525,5679,2019-06-26 23:00:00-05,0.005,0.809,5469,2019-06-26 23:00:00
1110526,1110526,5679,2019-06-26 23:15:00-05,0.006,0.419,5470,2019-06-26 23:15:00
1110527,1110527,5679,2019-06-26 23:30:00-05,0.006,0.379,5471,2019-06-26 23:30:00
1110528,1110528,5679,2019-06-26 23:45:00-05,0.006,0.316,5472,2019-06-26 23:45:00
1110529,1110529,5679,2019-06-27 00:00:00-05,0.006,0.315,5473,2019-06-27 00:00:00
1110530,1110530,5679,2019-06-27 00:15:00-05,0.006,0.313,5474,2019-06-27 00:15:00
1110531,1110531,5679,2019-06-27 00:30:00-05,0.006,0.319,5475,2019-06-27 00:30:00
1110532,1110532,5679,2019-06-27 00:45:00-05,0.006,0.339,5476,2019-06-27 00:45:00
1110533,1110533,5679,2019-06-27 01:00:00-05,0.006,0.518,5477,2019-06-27 01:00:00
1110534,1110534,5679,2019-06-27 01:15:00-05,0.006,0.541,5478,2019-06-27 01:15:00
1110535,1110535,5679,2019-06-27 01:30:00-05,0.006,0.426,5479,2019-06-27 01:30:00
1110536,1110536,5679,2019-06-27 01:45:00-05,0.005,0.698,5480,2019-06-27 01:45:00
1110537,1110537,5679,2019-06-27 02:00:00-05,0.006,0.306,5481,2019-06-27 02:00:00
1110538,1110538,5679,2019-06-27 02:15:00-05,0.006,0.336,5482,2019-06-27 02:15:00
1110539,1110539,5679,2019-06-27 02:30:00-05,0.006,0.328,5483,2019-06-27 02:30:00
1110540,1110540,5679,2019-06-27 02:45:00-05,0.006,0.326,5484,2019-06-27 02:45:00
1110541,1110541,5679,2019-06-27 03:00:00-05,0.006,0.321,5485,2019-06-27 03:00:00
1110542,1110542,5679,2019-06-27 03:15:00-05,0.006,0.661,5486,2019-06-27 03:15:00
1110543,1110543,5679,2019-06-27 03:30:00-05,0.006,0.676,5487,2019-06-27 03:30:00
1110544,1110544,5679,2019-06-27 03:45:00-05,0.006,0.378,5488,2019-06-27 03:45:00
1110545,1110545,5679,2019-06-27 04:00:00-05,0.006,0.366,5489,2019-06-27 04:00:00
1110546,1110546,5679,2019-06-27 04:15:00-05,0.006,0.561,5490,2019-06-27 04:15:00
1110547,1110547,5679,2019-06-27 04:30:00-05,0.014,0.404,5491,2019-06-27 04:30:00
1110548,1110548,5679,2019-06-27 04:45:00-05,0.027,5.001,5492,2019-06-27 04:45:00
1110549,1110549,5679,2019-06-27 05:00:00-05,0.035,7.048,5493,2019-06-27 05:00:00
1110550,1110550,5679,2019-06-27 05:15:00-05,0.056,5.135,5494,2019-06-27 05:15:00
1110551,1110551,5679,2019-06-27 05:30:00-05,0.112,0.48,5495,2019-06-27 05:30:00
1110552,1110552,5679,2019-06-27 05:45:00-05,0.155,0.87,5496,2019-06-27 05:45:00
1110553,1110553,5679,2019-06-27 06:00:00-05,0.164,0.559,5497,2019-06-27 06:00:00
1110554,1110554,5679,2019-06-27 06:15:00-05,0.207,0.188,5498,2019-06-27 06:15:00
1110555,1110555,5679,2019-06-27 06:30:00-05,0.28,0.064,5499,2019-06-27 06:30:00
1110556,1110556,5679,2019-06-27 06:45:00-05,0.475,-0.139,5500,2019-06-27 06:45:00
1110557,1110557,5679,2019-06-27 07:00:00-05,0.671,-0.383,5501,2019-06-27 07:00:00
1110558,1110558,5679,2019-06-27 07:15:00-05,0.904,-0.627,5502,2019-06-27 07:15:00
1110559,1110559,5679,2019-06-27 07:30:00-05,1.068,-0.737,5503,2019-06-27 07:30:00
1110560,1110560,5679,2019-06-27 07:45:00-05,1.09,-0.778,5504,2019-06-27 07:45:00
1110561,1110561,5679,2019-06-27 08:00:00-05,1.337,-1.129,5505,2019-06-27 08:00:00
1110562,1110562,5679,2019-06-27 08:15:00-05,1.792,-1.591,5506,2019-06-27 08:15:00
1110563,1110563,5679,2019-06-27 08:30:00-05,2.176,-1.763,5507,2019-06-27 08:30:00
1110564,1110564,5679,2019-06-27 08:45:00-05,2.419,-1.996,5508,2019-06-27 08:45:00
1110565,1110565,5679,2019-06-27 09:00:00-05,2.563,-1.935,5509,2019-06-27 09:00:00
1110566,1110566,5679,2019-06-27 09:15:00-05,2.981,-2.43,5510,2019-06-27 09:15:00
1110567,1110567,5679,2019-06-27 09:30:00-05,2.973,-2.332,5511,2019-06-27 09:30:00
1110568,1110568,5679,2019-06-27 09:45:00-05,3.428,-2.979,5512,2019-06-27 09:45:00
1110569,1110569,5679,2019-06-27 10:00:00-05,3.462,-2.54,5513,2019-06-27 10:00:00
1110570,1110570,5679,2019-06-27 10:15:00-05,3.606,-2.71,5514,2019-06-27 10:15:00
1110571,1110571,5679,2019-06-27 10:30:00-05,3.222,-2.326,5515,2019-06-27 10:30:00
1110572,1110572,5679,2019-06-27 10:45:00-05,3.266,-2.256,5516,2019-06-27 10:45:00
1110573,1110573,5679,2019-06-27 11:00:00-05,4.101,-3.028,5517,2019-06-27 11:00:00
1110574,1110574,5679,2019-06-27 11:15:00-05,4.065,-3.004,5518,2019-06-27 11:15:00
1110575,1110575,5679,2019-06-27 11:30:00-05,4.05,-3.009,5519,2019-06-27 11:30:00
1110576,1110576,5679,2019-06-27 11:45:00-05,4.089,-2.824,5520,2019-06-27 11:45:00
1110577,1110577,5679,2019-06-27 12:00:00-05,4.233,-2.592,5521,2019-06-27 12:00:00
1110578,1110578,5679,2019-06-27 12:15:00-05,4.258,-2.352,5522,2019-06-27 12:15:00
1110579,1110579,5679,2019-06-27 12:30:00-05,4.07,-1.309,5523,2019-06-27 12:30:00
1110580,1110580,5679,2019-06-27 12:45:00-05,3.921,-1.783,5524,2019-06-27 12:45:00
1110581,1110581,5679,2019-06-27 13:00:00-05,3.844,-1.605,5525,2019-06-27 13:00:00
1110582,1110582,5679,2019-06-27 13:15:00-05,3.662,-1.658,5526,2019-06-27 13:15:00
1110583,1110583,5679,2019-06-27 13:30:00-05,3.049,-2.519,5527,2019-06-27 13:30:00
1110584,1110584,5679,2019-06-27 13:45:00-05,2.98,-1.954,5528,2019-06-27 13:45:00
1110585,1110585,5679,2019-06-27 14:00:00-05,2.709,-1.878,5529,2019-06-27 14:00:00
1110586,1110586,5679,2019-06-27 14:15:00-05,2.329,-1.237,5530,2019-06-27 14:15:00
1110587,1110587,5679,2019-06-27 14:30:00-05,1.982,-0.779,5531,2019-06-27 14:30:00
1110588,1110588,5679,2019-06-27 14:45:00-05,1.613,-0.161,5532,2019-06-27 14:45:00
1110589,1110589,5679,2019-06-27 15:00:00-05,1.271,0.572,5533,2019-06-27 15:00:00
1110590,1110590,5679,2019-06-27 15:15:00-05,0.865,1.198,5534,2019-06-27 15:15:00
1110591,1110591,5679,2019-06-27 15:30:00-05,0.565,1.514,5535,2019-06-27 15:30:00
1110592,1110592,5679,2019-06-27 15:45:00-05,0.471,1.492,5536,2019-06-27 15:45:00
1110593,1110593,5679,2019-06-27 16:00:00-05,0.402,1.605,5537,2019-06-27 16:00:00
1110594,1110594,5679,2019-06-27 16:15:00-05,0.326,1.751,5538,2019-06-27 16:15:00
1110595,1110595,5679,2019-06-27 16:30:00-05,0.306,1.675,5539,2019-06-27 16:30:00
1110596,1110596,5679,2019-06-27 16:45:00-05,0.288,7.543,5540,2019-06-27 16:45:00
1110597,1110597,5679,2019-06-27 17:00:00-05,0.266,9.305,5541,2019-06-27 17:00:00
1110598,1110598,5679,2019-06-27 17:15:00-05,0.241,9.09,5542,2019-06-27 17:15:00
1110599,1110599,5679,2019-06-27 17:30:00-05,0.219,8.822,5543,2019-06-27 17:30:00
1110600,1110600,5679,2019-06-27 17:45:00-05,0.208,8.058,5544,2019-06-27 17:45:00
1110601,1110601,5679,2019-06-27 18:00:00-05,0.189,7.611,5545,2019-06-27 18:00:00
1110602,1110602,5679,2019-06-27 18:15:00-05,0.17,4.84,5546,2019-06-27 18:15:00
1110603,1110603,5679,2019-06-27 18:30:00-05,0.144,1.146,5547,2019-06-27 18:30:00
1110604,1110604,5679,2019-06-27 18:45:00-05,0.115,1.019,5548,2019-06-27 18:45:00
1110605,1110605,5679,2019-06-27 19:00:00-05,0.089,1.019,5549,2019-06-27 19:00:00
1110606,1110606,5679,2019-06-27 19:15:00-05,0.056,0.932,5550,2019-06-27 19:15:00
1110607,1110607,5679,2019-06-27 19:30:00-05,0.023,0.999,5551,2019-06-27 19:30:00
1110608,1110608,5679,2019-06-27 19:45:00-05,0.006,0.919,5552,2019-06-27 19:45:00
1110609,1110609,5679,2019-06-27 20:00:00-05,0.005,0.549,5553,2019-06-27 20:00:00
1110610,1110610,5679,2019-06-27 20:15:00-05,0.004,0.878,5554,2019-06-27 20:15:00
1110611,1110611,5679,2019-06-27 20:30:00-05,0.005,0.654,5555,2019-06-27 20:30:00
1110612,1110612,5679,2019-06-27 20:45:00-05,0.005,0.576,5556,2019-06-27 20:45:00
1110613,1110613,5679,2019-06-27 21:00:00-05,0.005,0.347,5557,2019-06-27 21:00:00
1110614,1110614,5679,2019-06-27 21:15:00-05,0.005,0.408,5558,2019-06-27 21:15:00
1110615,1110615,5679,2019-06-27 21:30:00-05,0.005,0.355,5559,2019-06-27 21:30:00
1110616,1110616,5679,2019-06-27 21:45:00-05,0.005,0.25,5560,2019-06-27 21:45:00
1110617,1110617,5679,2019-06-27 22:00:00-05,0.005,0.457,5561,2019-06-27 22:00:00
1110618,1110618,5679,2019-06-27 22:15:00-05,0.005,0.461,5562,2019-06-27 22:15:00
1110619,1110619,5679,2019-06-27 22:30:00-05,0.005,0.43,5563,2019-06-27 22:30:00
1110620,1110620,5679,2019-06-27 22:45:00-05,0.005,0.383,5564,2019-06-27 22:45:00
1110621,1110621,5679,2019-06-27 23:00:00-05,0.005,0.347,5565,2019-06-27 23:00:00
1110622,1110622,5679,2019-06-27 23:15:00-05,0.006,0.319,5566,2019-06-27 23:15:00
1110623,1110623,5679,2019-06-27 23:30:00-05,0.006,0.319,5567,2019-06-27 23:30:00
1110624,1110624,5679,2019-06-27 23:45:00-05,0.006,0.272,5568,2019-06-27 23:45:00
1110625,1110625,5679,2019-06-28 00:00:00-05,0.006,0.289,5569,2019-06-28 00:00:00
1110626,1110626,5679,2019-06-28 00:15:00-05,0.006,0.324,5570,2019-06-28 00:15:00
1110627,1110627,5679,2019-06-28 00:30:00-05,0.006,0.322,5571,2019-06-28 00:30:00
1110628,1110628,5679,2019-06-28 00:45:00-05,0.006,0.331,5572,2019-06-28 00:45:00
1110629,1110629,5679,2019-06-28 01:00:00-05,0.006,0.341,5573,2019-06-28 01:00:00
1110630,1110630,5679,2019-06-28 01:15:00-05,0.006,0.383,5574,2019-06-28 01:15:00
1110631,1110631,5679,2019-06-28 01:30:00-05,0.005,0.61,5575,2019-06-28 01:30:00
1110632,1110632,5679,2019-06-28 01:45:00-05,0.005,0.735,5576,2019-06-28 01:45:00
1110633,1110633,5679,2019-06-28 02:00:00-05,0.005,0.689,5577,2019-06-28 02:00:00
1110634,1110634,5679,2019-06-28 02:15:00-05,0.006,0.389,5578,2019-06-28 02:15:00
1110635,1110635,5679,2019-06-28 02:30:00-05,0.006,0.399,5579,2019-06-28 02:30:00
1110636,1110636,5679,2019-06-28 02:45:00-05,0.006,0.397,5580,2019-06-28 02:45:00
1110637,1110637,5679,2019-06-28 03:00:00-05,0.006,0.388,5581,2019-06-28 03:00:00
1110638,1110638,5679,2019-06-28 03:15:00-05,0.006,0.326,5582,2019-06-28 03:15:00
1110639,1110639,5679,2019-06-28 03:30:00-05,0.006,0.317,5583,2019-06-28 03:30:00
1110640,1110640,5679,2019-06-28 03:45:00-05,0.006,0.352,5584,2019-06-28 03:45:00
1110641,1110641,5679,2019-06-28 04:00:00-05,0.006,0.308,5585,2019-06-28 04:00:00
1110642,1110642,5679,2019-06-28 04:15:00-05,0.006,0.32,5586,2019-06-28 04:15:00
1110643,1110643,5679,2019-06-28 04:30:00-05,0.013,0.845,5587,2019-06-28 04:30:00
1110644,1110644,5679,2019-06-28 04:45:00-05,0.045,0.21,5588,2019-06-28 04:45:00
1110645,1110645,5679,2019-06-28 05:00:00-05,0.094,0.112,5589,2019-06-28 05:00:00
1110646,1110646,5679,2019-06-28 05:15:00-05,0.154,0.051,5590,2019-06-28 05:15:00
1110647,1110647,5679,2019-06-28 05:30:00-05,0.237,-0.01,5591,2019-06-28 05:30:00
1110648,1110648,5679,2019-06-28 05:45:00-05,0.317,-0.076,5592,2019-06-28 05:45:00
1110649,1110649,5679,2019-06-28 06:00:00-05,0.374,-0.081,5593,2019-06-28 06:00:00
1110650,1110650,5679,2019-06-28 06:15:00-05,0.413,0.029,5594,2019-06-28 06:15:00
1110651,1110651,5679,2019-06-28 06:30:00-05,0.427,0.05,5595,2019-06-28 06:30:00
1110652,1110652,5679,2019-06-28 06:45:00-05,0.488,-0.035,5596,2019-06-28 06:45:00
1110653,1110653,5679,2019-06-28 07:00:00-05,0.6,-0.173,5597,2019-06-28 07:00:00
1110654,1110654,5679,2019-06-28 07:15:00-05,0.654,0.278,5598,2019-06-28 07:15:00
1110655,1110655,5679,2019-06-28 07:30:00-05,0.82,-0.434,5599,2019-06-28 07:30:00
1110656,1110656,5679,2019-06-28 07:45:00-05,1.319,-0.979,5600,2019-06-28 07:45:00
1110657,1110657,5679,2019-06-28 08:00:00-05,1.657,-1.338,5601,2019-06-28 08:00:00
1110658,1110658,5679,2019-06-28 08:15:00-05,1.941,-1.639,5602,2019-06-28 08:15:00
1110659,1110659,5679,2019-06-28 08:30:00-05,2.282,-2.07,5603,2019-06-28 08:30:00
1110660,1110660,5679,2019-06-28 08:45:00-05,2.513,-2.158,5604,2019-06-28 08:45:00
1110661,1110661,5679,2019-06-28 09:00:00-05,2.52,-2.006,5605,2019-06-28 09:00:00
1110662,1110662,5679,2019-06-28 09:15:00-05,2.651,-1.42,5606,2019-06-28 09:15:00
1110663,1110663,5679,2019-06-28 09:30:00-05,3.034,-1.801,5607,2019-06-28 09:30:00
1110664,1110664,5679,2019-06-28 09:45:00-05,3.396,-2.647,5608,2019-06-28 09:45:00
1110665,1110665,5679,2019-06-28 10:00:00-05,3.614,-2.491,5609,2019-06-28 10:00:00
1110666,1110666,5679,2019-06-28 10:15:00-05,3.752,-3.064,5610,2019-06-28 10:15:00
1110667,1110667,5679,2019-06-28 10:30:00-05,3.801,-2.705,5611,2019-06-28 10:30:00
1110668,1110668,5679,2019-06-28 10:45:00-05,3.83,-2.417,5612,2019-06-28 10:45:00
1110669,1110669,5679,2019-06-28 11:00:00-05,4.043,-2.043,5613,2019-06-28 11:00:00
1110670,1110670,5679,2019-06-28 11:15:00-05,4.08,-1.655,5614,2019-06-28 11:15:00
1110671,1110671,5679,2019-06-28 11:30:00-05,4.043,0.484,5615,2019-06-28 11:30:00
1110672,1110672,5679,2019-06-28 11:45:00-05,4.077,2.703,5616,2019-06-28 11:45:00
1110673,1110673,5679,2019-06-28 12:00:00-05,4.118,2.894,5617,2019-06-28 12:00:00
1110674,1110674,5679,2019-06-28 12:15:00-05,4.175,1.542,5618,2019-06-28 12:15:00
1110675,1110675,5679,2019-06-28 12:30:00-05,4.041,-1.288,5619,2019-06-28 12:30:00
1110676,1110676,5679,2019-06-28 12:45:00-05,3.877,-1.96,5620,2019-06-28 12:45:00
1110677,1110677,5679,2019-06-28 13:00:00-05,3.783,-2.913,5621,2019-06-28 13:00:00
1110678,1110678,5679,2019-06-28 13:15:00-05,3.667,-2.498,5622,2019-06-28 13:15:00
1110679,1110679,5679,2019-06-28 13:30:00-05,3.243,-2.11,5623,2019-06-28 13:30:00
1110680,1110680,5679,2019-06-28 13:45:00-05,3.011,-1.678,5624,2019-06-28 13:45:00
1110681,1110681,5679,2019-06-28 14:00:00-05,2.179,-0.125,5625,2019-06-28 14:00:00
1110682,1110682,5679,2019-06-28 14:15:00-05,1.715,0.555,5626,2019-06-28 14:15:00
1110683,1110683,5679,2019-06-28 14:30:00-05,0.817,1.536,5627,2019-06-28 14:30:00
1110684,1110684,5679,2019-06-28 14:45:00-05,1.675,0.526,5628,2019-06-28 14:45:00
1110685,1110685,5679,2019-06-28 15:00:00-05,1.361,1.29,5629,2019-06-28 15:00:00
1110686,1110686,5679,2019-06-28 15:15:00-05,0.767,1.686,5630,2019-06-28 15:15:00
1110687,1110687,5679,2019-06-28 15:30:00-05,0.644,1.846,5631,2019-06-28 15:30:00
1110688,1110688,5679,2019-06-28 15:45:00-05,0.671,1.92,5632,2019-06-28 15:45:00
1110689,1110689,5679,2019-06-28 16:00:00-05,0.54,2.072,5633,2019-06-28 16:00:00
1110690,1110690,5679,2019-06-28 16:15:00-05,0.633,0.235,5634,2019-06-28 16:15:00
1110691,1110691,5679,2019-06-28 16:30:00-05,0.781,0.235,5635,2019-06-28 16:30:00
1110692,1110692,5679,2019-06-28 16:45:00-05,0.561,-0.243,5636,2019-06-28 16:45:00
1110693,1110693,5679,2019-06-28 17:00:00-05,0.337,0.093,5637,2019-06-28 17:00:00
1110694,1110694,5679,2019-06-28 17:15:00-05,0.296,0.066,5638,2019-06-28 17:15:00
1110695,1110695,5679,2019-06-28 17:30:00-05,0.278,-0.024,5639,2019-06-28 17:30:00
1110696,1110696,5679,2019-06-28 17:45:00-05,0.272,-0.067,5640,2019-06-28 17:45:00
1110697,1110697,5679,2019-06-28 18:00:00-05,0.242,0.068,5641,2019-06-28 18:00:00
1110698,1110698,5679,2019-06-28 18:15:00-05,0.245,-0.003,5642,2019-06-28 18:15:00
1110699,1110699,5679,2019-06-28 18:30:00-05,0.185,0.02,5643,2019-06-28 18:30:00
1110700,1110700,5679,2019-06-28 18:45:00-05,0.111,0.093,5644,2019-06-28 18:45:00
1110701,1110701,5679,2019-06-28 19:00:00-05,0.049,0.273,5645,2019-06-28 19:00:00
1110702,1110702,5679,2019-06-28 19:15:00-05,0.022,0.408,5646,2019-06-28 19:15:00
1110703,1110703,5679,2019-06-28 19:30:00-05,0.008,0.557,5647,2019-06-28 19:30:00
1110704,1110704,5679,2019-06-28 19:45:00-05,0.005,0.438,5648,2019-06-28 19:45:00
1110705,1110705,5679,2019-06-28 20:00:00-05,0.004,1.765,5649,2019-06-28 20:00:00
1110706,1110706,5679,2019-06-28 20:15:00-05,0.003,2.681,5650,2019-06-28 20:15:00
1110707,1110707,5679,2019-06-28 20:30:00-05,0.003,2.499,5651,2019-06-28 20:30:00
1110708,1110708,5679,2019-06-28 20:45:00-05,0.003,2.324,5652,2019-06-28 20:45:00
1110709,1110709,5679,2019-06-28 21:00:00-05,0.004,2.007,5653,2019-06-28 21:00:00
1110710,1110710,5679,2019-06-28 21:15:00-05,0.005,0.368,5654,2019-06-28 21:15:00
1110711,1110711,5679,2019-06-28 21:30:00-05,0.005,0.401,5655,2019-06-28 21:30:00
1110712,1110712,5679,2019-06-28 21:45:00-05,0.005,0.422,5656,2019-06-28 21:45:00
1110713,1110713,5679,2019-06-28 22:00:00-05,0.005,0.42,5657,2019-06-28 22:00:00
1110714,1110714,5679,2019-06-28 22:15:00-05,0.005,0.414,5658,2019-06-28 22:15:00
1110715,1110715,5679,2019-06-28 22:30:00-05,0.005,0.467,5659,2019-06-28 22:30:00
1110716,1110716,5679,2019-06-28 22:45:00-05,0.005,0.412,5660,2019-06-28 22:45:00
1110717,1110717,5679,2019-06-28 23:00:00-05,0.005,0.263,5661,2019-06-28 23:00:00
1110718,1110718,5679,2019-06-28 23:15:00-05,0.005,0.317,5662,2019-06-28 23:15:00
1110719,1110719,5679,2019-06-28 23:30:00-05,0.005,0.554,5663,2019-06-28 23:30:00
1110720,1110720,5679,2019-06-28 23:45:00-05,0.005,0.289,5664,2019-06-28 23:45:00
1110721,1110721,5679,2019-06-29 00:00:00-05,0.005,0.327,5665,2019-06-29 00:00:00
1110722,1110722,5679,2019-06-29 00:15:00-05,0.006,0.319,5666,2019-06-29 00:15:00
1110723,1110723,5679,2019-06-29 00:30:00-05,0.006,0.209,5667,2019-06-29 00:30:00
1110724,1110724,5679,2019-06-29 00:45:00-05,0.006,0.209,5668,2019-06-29 00:45:00
1110725,1110725,5679,2019-06-29 01:00:00-05,0.005,0.635,5669,2019-06-29 01:00:00
1110726,1110726,5679,2019-06-29 01:15:00-05,0.004,1.898,5670,2019-06-29 01:15:00
1110727,1110727,5679,2019-06-29 01:30:00-05,0.004,1.704,5671,2019-06-29 01:30:00
1110728,1110728,5679,2019-06-29 01:45:00-05,0.004,1.626,5672,2019-06-29 01:45:00
1110729,1110729,5679,2019-06-29 02:00:00-05,0.005,1.502,5673,2019-06-29 02:00:00
1110730,1110730,5679,2019-06-29 02:15:00-05,0.005,1.279,5674,2019-06-29 02:15:00
1110731,1110731,5679,2019-06-29 02:30:00-05,0.005,1.061,5675,2019-06-29 02:30:00
1110732,1110732,5679,2019-06-29 02:45:00-05,0.005,0.854,5676,2019-06-29 02:45:00
1110733,1110733,5679,2019-06-29 03:00:00-05,0.006,0.793,5677,2019-06-29 03:00:00
1110734,1110734,5679,2019-06-29 03:15:00-05,0.006,0.463,5678,2019-06-29 03:15:00
1110735,1110735,5679,2019-06-29 03:30:00-05,0.006,0.571,5679,2019-06-29 03:30:00
1110736,1110736,5679,2019-06-29 03:45:00-05,0.006,0.631,5680,2019-06-29 03:45:00
1110737,1110737,5679,2019-06-29 04:00:00-05,0.006,0.348,5681,2019-06-29 04:00:00
1110738,1110738,5679,2019-06-29 04:15:00-05,0.006,0.418,5682,2019-06-29 04:15:00
1110739,1110739,5679,2019-06-29 04:30:00-05,0.016,0.829,5683,2019-06-29 04:30:00
1110740,1110740,5679,2019-06-29 04:45:00-05,0.073,0.362,5684,2019-06-29 04:45:00
1110741,1110741,5679,2019-06-29 05:00:00-05,0.121,0.309,5685,2019-06-29 05:00:00
1110742,1110742,5679,2019-06-29 05:15:00-05,0.147,0.396,5686,2019-06-29 05:15:00
1110743,1110743,5679,2019-06-29 05:30:00-05,0.279,0.353,5687,2019-06-29 05:30:00
1110744,1110744,5679,2019-06-29 05:45:00-05,0.251,0.549,5688,2019-06-29 05:45:00
1110745,1110745,5679,2019-06-29 06:00:00-05,0.168,0.604,5689,2019-06-29 06:00:00
1110746,1110746,5679,2019-06-29 06:15:00-05,0.23,0.475,5690,2019-06-29 06:15:00
1110747,1110747,5679,2019-06-29 06:30:00-05,0.419,0.306,5691,2019-06-29 06:30:00
1110748,1110748,5679,2019-06-29 06:45:00-05,0.437,0.526,5692,2019-06-29 06:45:00
1110749,1110749,5679,2019-06-29 07:00:00-05,0.542,0.411,5693,2019-06-29 07:00:00
1110750,1110750,5679,2019-06-29 07:15:00-05,0.668,0.311,5694,2019-06-29 07:15:00
1110751,1110751,5679,2019-06-29 07:30:00-05,0.55,0.082,5695,2019-06-29 07:30:00
1110752,1110752,5679,2019-06-29 07:45:00-05,0.549,0.343,5696,2019-06-29 07:45:00
1110753,1110753,5679,2019-06-29 08:00:00-05,0.596,-0.032,5697,2019-06-29 08:00:00
1110754,1110754,5679,2019-06-29 08:15:00-05,1.44,-0.742,5698,2019-06-29 08:15:00
1110755,1110755,5679,2019-06-29 08:30:00-05,1.59,-0.963,5699,2019-06-29 08:30:00
1110756,1110756,5679,2019-06-29 08:45:00-05,1.148,-0.315,5700,2019-06-29 08:45:00
1110757,1110757,5679,2019-06-29 09:00:00-05,2.626,-1.635,5701,2019-06-29 09:00:00
1110758,1110758,5679,2019-06-29 09:15:00-05,2.751,-1.703,5702,2019-06-29 09:15:00
1110759,1110759,5679,2019-06-29 09:30:00-05,2.505,-1.382,5703,2019-06-29 09:30:00
1110760,1110760,5679,2019-06-29 09:45:00-05,2.819,-1.684,5704,2019-06-29 09:45:00
1110761,1110761,5679,2019-06-29 10:00:00-05,3.463,-2.286,5705,2019-06-29 10:00:00
1110762,1110762,5679,2019-06-29 10:15:00-05,3.472,-2.303,5706,2019-06-29 10:15:00
1110763,1110763,5679,2019-06-29 10:30:00-05,3.77,-2.716,5707,2019-06-29 10:30:00
1110764,1110764,5679,2019-06-29 10:45:00-05,3.16,-2.333,5708,2019-06-29 10:45:00
1110765,1110765,5679,2019-06-29 11:00:00-05,2.685,-2.357,5709,2019-06-29 11:00:00
1110766,1110766,5679,2019-06-29 11:15:00-05,2.939,-2.644,5710,2019-06-29 11:15:00
1110767,1110767,5679,2019-06-29 11:30:00-05,2.776,-2.48,5711,2019-06-29 11:30:00
1110768,1110768,5679,2019-06-29 11:45:00-05,2.382,-2.057,5712,2019-06-29 11:45:00
1110769,1110769,5679,2019-06-29 12:00:00-05,3.478,-3.066,5713,2019-06-29 12:00:00
1110770,1110770,5679,2019-06-29 12:15:00-05,2.627,-2.266,5714,2019-06-29 12:15:00
1110771,1110771,5679,2019-06-29 12:30:00-05,3.729,-3.438,5715,2019-06-29 12:30:00
1110772,1110772,5679,2019-06-29 12:45:00-05,3.069,-2.777,5716,2019-06-29 12:45:00
1110773,1110773,5679,2019-06-29 13:00:00-05,3.071,-2.818,5717,2019-06-29 13:00:00
1110774,1110774,5679,2019-06-29 13:15:00-05,2.942,-2.756,5718,2019-06-29 13:15:00
1110775,1110775,5679,2019-06-29 13:30:00-05,3.37,-2.185,5719,2019-06-29 13:30:00
1110776,1110776,5679,2019-06-29 13:45:00-05,2.705,7.265,5720,2019-06-29 13:45:00
1110777,1110777,5679,2019-06-29 14:00:00-05,2.934,6.537,5721,2019-06-29 14:00:00
1110778,1110778,5679,2019-06-29 14:15:00-05,2.254,6.991,5722,2019-06-29 14:15:00
1110779,1110779,5679,2019-06-29 14:30:00-05,1.771,7.629,5723,2019-06-29 14:30:00
1110780,1110780,5679,2019-06-29 14:45:00-05,1.734,7.671,5724,2019-06-29 14:45:00
1110781,1110781,5679,2019-06-29 15:00:00-05,1.396,2.44,5725,2019-06-29 15:00:00
1110782,1110782,5679,2019-06-29 15:15:00-05,1.036,-0.584,5726,2019-06-29 15:15:00
1110783,1110783,5679,2019-06-29 15:30:00-05,1.056,-0.614,5727,2019-06-29 15:30:00
1110784,1110784,5679,2019-06-29 15:45:00-05,0.719,-0.381,5728,2019-06-29 15:45:00
1110785,1110785,5679,2019-06-29 16:00:00-05,0.559,-0.228,5729,2019-06-29 16:00:00
1110786,1110786,5679,2019-06-29 16:15:00-05,0.499,-0.172,5730,2019-06-29 16:15:00
1110787,1110787,5679,2019-06-29 16:30:00-05,0.448,-0.121,5731,2019-06-29 16:30:00
1110788,1110788,5679,2019-06-29 16:45:00-05,0.42,-0.094,5732,2019-06-29 16:45:00
1110789,1110789,5679,2019-06-29 17:00:00-05,0.317,0.062,5733,2019-06-29 17:00:00
1110790,1110790,5679,2019-06-29 17:15:00-05,0.549,-0.115,5734,2019-06-29 17:15:00
1110791,1110791,5679,2019-06-29 17:30:00-05,0.351,0.081,5735,2019-06-29 17:30:00
1110792,1110792,5679,2019-06-29 17:45:00-05,0.283,0.147,5736,2019-06-29 17:45:00
1110793,1110793,5679,2019-06-29 18:00:00-05,0.281,0.149,5737,2019-06-29 18:00:00
1110794,1110794,5679,2019-06-29 18:15:00-05,0.175,0.197,5738,2019-06-29 18:15:00
1110795,1110795,5679,2019-06-29 18:30:00-05,0.251,2.012,5739,2019-06-29 18:30:00
1110796,1110796,5679,2019-06-29 18:45:00-05,0.161,2.364,5740,2019-06-29 18:45:00
1110797,1110797,5679,2019-06-29 19:00:00-05,0.057,2.543,5741,2019-06-29 19:00:00
1110798,1110798,5679,2019-06-29 19:15:00-05,0.034,2.56,5742,2019-06-29 19:15:00
1110799,1110799,5679,2019-06-29 19:30:00-05,0.017,2.542,5743,2019-06-29 19:30:00
1110800,1110800,5679,2019-06-29 19:45:00-05,0.004,2.453,5744,2019-06-29 19:45:00
1110801,1110801,5679,2019-06-29 20:00:00-05,0.003,2.461,5745,2019-06-29 20:00:00
1110802,1110802,5679,2019-06-29 20:15:00-05,0.003,2.417,5746,2019-06-29 20:15:00
1110803,1110803,5679,2019-06-29 20:30:00-05,0.003,2.292,5747,2019-06-29 20:30:00
1110804,1110804,5679,2019-06-29 20:45:00-05,0.004,2.097,5748,2019-06-29 20:45:00
1110805,1110805,5679,2019-06-29 21:00:00-05,0.004,1.871,5749,2019-06-29 21:00:00
1110806,1110806,5679,2019-06-29 21:15:00-05,0.004,1.784,5750,2019-06-29 21:15:00
1110807,1110807,5679,2019-06-29 21:30:00-05,0.004,1.687,5751,2019-06-29 21:30:00
1110808,1110808,5679,2019-06-29 21:45:00-05,0.004,1.524,5752,2019-06-29 21:45:00
1110809,1110809,5679,2019-06-29 22:00:00-05,0.004,1.429,5753,2019-06-29 22:00:00
1110810,1110810,5679,2019-06-29 22:15:00-05,0.005,1.285,5754,2019-06-29 22:15:00
1110811,1110811,5679,2019-06-29 22:30:00-05,0.005,1.067,5755,2019-06-29 22:30:00
1110812,1110812,5679,2019-06-29 22:45:00-05,0.005,0.924,5756,2019-06-29 22:45:00
1110813,1110813,5679,2019-06-29 23:00:00-05,0.005,0.802,5757,2019-06-29 23:00:00
1110814,1110814,5679,2019-06-29 23:15:00-05,0.005,0.604,5758,2019-06-29 23:15:00
1110815,1110815,5679,2019-06-29 23:30:00-05,0.005,0.587,5759,2019-06-29 23:30:00
1110816,1110816,5679,2019-06-29 23:45:00-05,0.006,0.219,5760,2019-06-29 23:45:00
1110817,1110817,5679,2019-06-30 00:00:00-05,0.005,0.543,5761,2019-06-30 00:00:00
1110818,1110818,5679,2019-06-30 00:15:00-05,0.006,0.293,5762,2019-06-30 00:15:00
1110819,1110819,5679,2019-06-30 00:30:00-05,0.006,0.313,5763,2019-06-30 00:30:00
1110820,1110820,5679,2019-06-30 00:45:00-05,0.006,0.307,5764,2019-06-30 00:45:00
1110821,1110821,5679,2019-06-30 01:00:00-05,0.006,0.284,5765,2019-06-30 01:00:00
1110822,1110822,5679,2019-06-30 01:15:00-05,0.006,0.367,5766,2019-06-30 01:15:00
1110823,1110823,5679,2019-06-30 01:30:00-05,0.006,0.292,5767,2019-06-30 01:30:00
1110824,1110824,5679,2019-06-30 01:45:00-05,0.006,0.232,5768,2019-06-30 01:45:00
1110825,1110825,5679,2019-06-30 02:00:00-05,0.006,0.316,5769,2019-06-30 02:00:00
1110826,1110826,5679,2019-06-30 02:15:00-05,0.006,0.42,5770,2019-06-30 02:15:00
1110827,1110827,5679,2019-06-30 02:30:00-05,0.006,0.405,5771,2019-06-30 02:30:00
1110828,1110828,5679,2019-06-30 02:45:00-05,0.006,0.301,5772,2019-06-30 02:45:00
1110829,1110829,5679,2019-06-30 03:00:00-05,0.006,0.305,5773,2019-06-30 03:00:00
1110830,1110830,5679,2019-06-30 03:15:00-05,0.006,0.222,5774,2019-06-30 03:15:00
1110831,1110831,5679,2019-06-30 03:30:00-05,0.006,0.374,5775,2019-06-30 03:30:00
1110832,1110832,5679,2019-06-30 03:45:00-05,0.005,0.768,5776,2019-06-30 03:45:00
1110833,1110833,5679,2019-06-30 04:00:00-05,0.006,0.355,5777,2019-06-30 04:00:00
1110834,1110834,5679,2019-06-30 04:15:00-05,0.006,0.357,5778,2019-06-30 04:15:00
1110835,1110835,5679,2019-06-30 04:30:00-05,0.007,0.305,5779,2019-06-30 04:30:00
1110836,1110836,5679,2019-06-30 04:45:00-05,0.019,4.11,5780,2019-06-30 04:45:00
1110837,1110837,5679,2019-06-30 05:00:00-05,0.041,7.28,5781,2019-06-30 05:00:00
1110838,1110838,5679,2019-06-30 05:15:00-05,0.058,7.192,5782,2019-06-30 05:15:00
1110839,1110839,5679,2019-06-30 05:30:00-05,0.089,7.011,5783,2019-06-30 05:30:00
1110840,1110840,5679,2019-06-30 05:45:00-05,0.13,6.978,5784,2019-06-30 05:45:00
1110841,1110841,5679,2019-06-30 06:00:00-05,0.161,6.34,5785,2019-06-30 06:00:00
1110842,1110842,5679,2019-06-30 06:15:00-05,0.204,0.475,5786,2019-06-30 06:15:00
1110843,1110843,5679,2019-06-30 06:30:00-05,0.258,0.098,5787,2019-06-30 06:30:00
1110844,1110844,5679,2019-06-30 06:45:00-05,0.542,-0.15,5788,2019-06-30 06:45:00
1110845,1110845,5679,2019-06-30 07:00:00-05,0.638,-0.308,5789,2019-06-30 07:00:00
1110846,1110846,5679,2019-06-30 07:15:00-05,0.754,0.027,5790,2019-06-30 07:15:00
1110847,1110847,5679,2019-06-30 07:30:00-05,1.283,-0.928,5791,2019-06-30 07:30:00
1110848,1110848,5679,2019-06-30 07:45:00-05,1.937,-1.61,5792,2019-06-30 07:45:00
1110849,1110849,5679,2019-06-30 08:00:00-05,1.806,-1.278,5793,2019-06-30 08:00:00
1110850,1110850,5679,2019-06-30 08:15:00-05,2.219,-1.72,5794,2019-06-30 08:15:00
1110851,1110851,5679,2019-06-30 08:30:00-05,2.064,-1.404,5795,2019-06-30 08:30:00
1110852,1110852,5679,2019-06-30 08:45:00-05,2.418,-1.823,5796,2019-06-30 08:45:00
1110853,1110853,5679,2019-06-30 09:00:00-05,2.944,-2.387,5797,2019-06-30 09:00:00
1110854,1110854,5679,2019-06-30 09:15:00-05,2.428,-1.927,5798,2019-06-30 09:15:00
1110855,1110855,5679,2019-06-30 09:30:00-05,3.086,-2.467,5799,2019-06-30 09:30:00
1110856,1110856,5679,2019-06-30 09:45:00-05,3.687,-3.225,5800,2019-06-30 09:45:00
1110857,1110857,5679,2019-06-30 10:00:00-05,2.733,-2.32,5801,2019-06-30 10:00:00
1110858,1110858,5679,2019-06-30 10:15:00-05,2.308,-1.891,5802,2019-06-30 10:15:00
1110859,1110859,5679,2019-06-30 10:30:00-05,3.454,-3.053,5803,2019-06-30 10:30:00
1110860,1110860,5679,2019-06-30 10:45:00-05,3.464,-3.045,5804,2019-06-30 10:45:00
1110861,1110861,5679,2019-06-30 11:00:00-05,2.919,-2.499,5805,2019-06-30 11:00:00
1110862,1110862,5679,2019-06-30 11:15:00-05,2.234,-1.833,5806,2019-06-30 11:15:00
1110863,1110863,5679,2019-06-30 11:30:00-05,1.643,-1.239,5807,2019-06-30 11:30:00
1110864,1110864,5679,2019-06-30 11:45:00-05,4.638,-4.227,5808,2019-06-30 11:45:00
1110865,1110865,5679,2019-06-30 12:00:00-05,3.249,-2.825,5809,2019-06-30 12:00:00
1110866,1110866,5679,2019-06-30 12:15:00-05,4.375,-3.991,5810,2019-06-30 12:15:00
1110867,1110867,5679,2019-06-30 12:30:00-05,4.535,-4.236,5811,2019-06-30 12:30:00
1110868,1110868,5679,2019-06-30 12:45:00-05,4.001,-3.7,5812,2019-06-30 12:45:00
1110869,1110869,5679,2019-06-30 13:00:00-05,4.245,-3.804,5813,2019-06-30 13:00:00
1110870,1110870,5679,2019-06-30 13:15:00-05,3.65,-3.203,5814,2019-06-30 13:15:00
1110871,1110871,5679,2019-06-30 13:30:00-05,3.811,-3.483,5815,2019-06-30 13:30:00
1110872,1110872,5679,2019-06-30 13:45:00-05,2.867,-2.574,5816,2019-06-30 13:45:00
1110873,1110873,5679,2019-06-30 14:00:00-05,2.989,-2.659,5817,2019-06-30 14:00:00
1110874,1110874,5679,2019-06-30 14:15:00-05,2.452,-2.053,5818,2019-06-30 14:15:00
1110875,1110875,5679,2019-06-30 14:30:00-05,2.199,-1.892,5819,2019-06-30 14:30:00
1110876,1110876,5679,2019-06-30 14:45:00-05,1.566,-1.257,5820,2019-06-30 14:45:00
1110877,1110877,5679,2019-06-30 15:00:00-05,1.67,-1.365,5821,2019-06-30 15:00:00
1110878,1110878,5679,2019-06-30 15:15:00-05,1.262,-0.975,5822,2019-06-30 15:15:00
1110879,1110879,5679,2019-06-30 15:30:00-05,0.976,-0.725,5823,2019-06-30 15:30:00
1110880,1110880,5679,2019-06-30 15:45:00-05,0.811,-0.614,5824,2019-06-30 15:45:00
1110881,1110881,5679,2019-06-30 16:00:00-05,0.664,-0.464,5825,2019-06-30 16:00:00
1110882,1110882,5679,2019-06-30 16:15:00-05,0.664,3.046,5826,2019-06-30 16:15:00
1110883,1110883,5679,2019-06-30 16:30:00-05,0.49,6.859,5827,2019-06-30 16:30:00
1110884,1110884,5679,2019-06-30 16:45:00-05,0.382,6.785,5828,2019-06-30 16:45:00
1110885,1110885,5679,2019-06-30 17:00:00-05,0.238,6.904,5829,2019-06-30 17:00:00
1110886,1110886,5679,2019-06-30 17:15:00-05,0.267,6.857,5830,2019-06-30 17:15:00
1110887,1110887,5679,2019-06-30 17:30:00-05,0.264,3.922,5831,2019-06-30 17:30:00
1110888,1110888,5679,2019-06-30 17:45:00-05,0.23,0.264,5832,2019-06-30 17:45:00
1110889,1110889,5679,2019-06-30 18:00:00-05,0.236,0.257,5833,2019-06-30 18:00:00
1110890,1110890,5679,2019-06-30 18:15:00-05,0.178,0.325,5834,2019-06-30 18:15:00
1110891,1110891,5679,2019-06-30 18:30:00-05,0.188,0.314,5835,2019-06-30 18:30:00
1110892,1110892,5679,2019-06-30 18:45:00-05,0.119,0.331,5836,2019-06-30 18:45:00
1110893,1110893,5679,2019-06-30 19:00:00-05,0.073,0.295,5837,2019-06-30 19:00:00
1110894,1110894,5679,2019-06-30 19:15:00-05,0.043,0.346,5838,2019-06-30 19:15:00
1110895,1110895,5679,2019-06-30 19:30:00-05,0.018,0.38,5839,2019-06-30 19:30:00
1110896,1110896,5679,2019-06-30 19:45:00-05,0.006,0.394,5840,2019-06-30 19:45:00
1110897,1110897,5679,2019-06-30 20:00:00-05,0.006,0.391,5841,2019-06-30 20:00:00
1110898,1110898,5679,2019-06-30 20:15:00-05,0.006,0.38,5842,2019-06-30 20:15:00
1110899,1110899,5679,2019-06-30 20:30:00-05,0.006,0.441,5843,2019-06-30 20:30:00
1110900,1110900,5679,2019-06-30 20:45:00-05,0.006,0.376,5844,2019-06-30 20:45:00
1110901,1110901,5679,2019-06-30 21:00:00-05,0.006,0.396,5845,2019-06-30 21:00:00
1110902,1110902,5679,2019-06-30 21:15:00-05,0.006,0.392,5846,2019-06-30 21:15:00
1110903,1110903,5679,2019-06-30 21:30:00-05,0.006,0.384,5847,2019-06-30 21:30:00
1110904,1110904,5679,2019-06-30 21:45:00-05,0.006,0.357,5848,2019-06-30 21:45:00
1110905,1110905,5679,2019-06-30 22:00:00-05,0.006,0.337,5849,2019-06-30 22:00:00
1110906,1110906,5679,2019-06-30 22:15:00-05,0.006,0.308,5850,2019-06-30 22:15:00
1110907,1110907,5679,2019-06-30 22:30:00-05,0.006,0.308,5851,2019-06-30 22:30:00
1110908,1110908,5679,2019-06-30 22:45:00-05,0.006,0.305,5852,2019-06-30 22:45:00
1110909,1110909,5679,2019-06-30 23:00:00-05,0.006,0.305,5853,2019-06-30 23:00:00
1110910,1110910,5679,2019-06-30 23:15:00-05,0.006,0.306,5854,2019-06-30 23:15:00
1110911,1110911,5679,2019-06-30 23:30:00-05,0.006,0.245,5855,2019-06-30 23:30:00
1110912,1110912,5679,2019-06-30 23:45:00-05,0.006,0.199,5856,2019-06-30 23:45:00
1110913,1110913,5679,2019-07-01 00:00:00-05,0.006,0.2,5857,2019-07-01 00:00:00
1110914,1110914,5679,2019-07-01 00:15:00-05,0.006,0.201,5858,2019-07-01 00:15:00
1110915,1110915,5679,2019-07-01 00:30:00-05,0.006,0.201,5859,2019-07-01 00:30:00
1110916,1110916,5679,2019-07-01 00:45:00-05,0.006,0.18,5860,2019-07-01 00:45:00
1110917,1110917,5679,2019-07-01 01:00:00-05,0.006,0.21,5861,2019-07-01 01:00:00
1110918,1110918,5679,2019-07-01 01:15:00-05,0.006,0.425,5862,2019-07-01 01:15:00
1110919,1110919,5679,2019-07-01 01:30:00-05,0.006,0.409,5863,2019-07-01 01:30:00
1110920,1110920,5679,2019-07-01 01:45:00-05,0.006,0.309,5864,2019-07-01 01:45:00
1110921,1110921,5679,2019-07-01 02:00:00-05,0.006,0.307,5865,2019-07-01 02:00:00
1110922,1110922,5679,2019-07-01 02:15:00-05,0.006,0.294,5866,2019-07-01 02:15:00
1110923,1110923,5679,2019-07-01 02:30:00-05,0.006,0.228,5867,2019-07-01 02:30:00
1110924,1110924,5679,2019-07-01 02:45:00-05,0.007,0.201,5868,2019-07-01 02:45:00
1110925,1110925,5679,2019-07-01 03:00:00-05,0.007,0.197,5869,2019-07-01 03:00:00
1110926,1110926,5679,2019-07-01 03:15:00-05,0.007,0.196,5870,2019-07-01 03:15:00
1110927,1110927,5679,2019-07-01 03:30:00-05,0.007,0.189,5871,2019-07-01 03:30:00
1110928,1110928,5679,2019-07-01 03:45:00-05,0.007,0.171,5872,2019-07-01 03:45:00
1110929,1110929,5679,2019-07-01 04:00:00-05,0.007,0.234,5873,2019-07-01 04:00:00
1110930,1110930,5679,2019-07-01 04:15:00-05,0.006,0.439,5874,2019-07-01 04:15:00
1110931,1110931,5679,2019-07-01 04:30:00-05,0.011,0.913,5875,2019-07-01 04:30:00
1110932,1110932,5679,2019-07-01 04:45:00-05,0.026,0.635,5876,2019-07-01 04:45:00
1110933,1110933,5679,2019-07-01 05:00:00-05,0.041,0.387,5877,2019-07-01 05:00:00
1110934,1110934,5679,2019-07-01 05:15:00-05,0.054,0.791,5878,2019-07-01 05:15:00
1110935,1110935,5679,2019-07-01 05:30:00-05,0.077,0.295,5879,2019-07-01 05:30:00
1110936,1110936,5679,2019-07-01 05:45:00-05,0.112,0.119,5880,2019-07-01 05:45:00
1110937,1110937,5679,2019-07-01 06:00:00-05,0.14,0.068,5881,2019-07-01 06:00:00
1110938,1110938,5679,2019-07-01 06:15:00-05,0.168,0.136,5882,2019-07-01 06:15:00
1110939,1110939,5679,2019-07-01 06:30:00-05,0.197,0.665,5883,2019-07-01 06:30:00
1110940,1110940,5679,2019-07-01 06:45:00-05,0.245,0.115,5884,2019-07-01 06:45:00
1110941,1110941,5679,2019-07-01 07:00:00-05,0.36,-0.012,5885,2019-07-01 07:00:00
1110942,1110942,5679,2019-07-01 07:15:00-05,0.514,-0.009,5886,2019-07-01 07:15:00
1110943,1110943,5679,2019-07-01 07:30:00-05,0.662,0.151,5887,2019-07-01 07:30:00
1110944,1110944,5679,2019-07-01 07:45:00-05,1.295,-0.806,5888,2019-07-01 07:45:00
1110945,1110945,5679,2019-07-01 08:00:00-05,1.76,-1.229,5889,2019-07-01 08:00:00
1110946,1110946,5679,2019-07-01 08:15:00-05,2.006,-1.447,5890,2019-07-01 08:15:00
1110947,1110947,5679,2019-07-01 08:30:00-05,2.314,-1.804,5891,2019-07-01 08:30:00
1110948,1110948,5679,2019-07-01 08:45:00-05,2.661,-2.202,5892,2019-07-01 08:45:00
1110949,1110949,5679,2019-07-01 09:00:00-05,2.937,-2.464,5893,2019-07-01 09:00:00
1110950,1110950,5679,2019-07-01 09:15:00-05,3.174,-2.703,5894,2019-07-01 09:15:00
1110951,1110951,5679,2019-07-01 09:30:00-05,3.364,-2.926,5895,2019-07-01 09:30:00
1110952,1110952,5679,2019-07-01 09:45:00-05,3.549,-3.09,5896,2019-07-01 09:45:00
1110953,1110953,5679,2019-07-01 10:00:00-05,3.706,-3.251,5897,2019-07-01 10:00:00
1110954,1110954,5679,2019-07-01 10:15:00-05,3.796,-3.349,5898,2019-07-01 10:15:00
1110955,1110955,5679,2019-07-01 10:30:00-05,3.953,-3.536,5899,2019-07-01 10:30:00
1110956,1110956,5679,2019-07-01 10:45:00-05,4.092,-3.66,5900,2019-07-01 10:45:00
1110957,1110957,5679,2019-07-01 11:00:00-05,4.191,-3.748,5901,2019-07-01 11:00:00
1110958,1110958,5679,2019-07-01 11:15:00-05,4.192,-3.755,5902,2019-07-01 11:15:00
1110959,1110959,5679,2019-07-01 11:30:00-05,4.165,-3.823,5903,2019-07-01 11:30:00
1110960,1110960,5679,2019-07-01 11:45:00-05,4.17,-3.75,5904,2019-07-01 11:45:00
1110961,1110961,5679,2019-07-01 12:00:00-05,4.23,-3.713,5905,2019-07-01 12:00:00
1110962,1110962,5679,2019-07-01 12:15:00-05,4.277,-3.804,5906,2019-07-01 12:15:00
1110963,1110963,5679,2019-07-01 12:30:00-05,4.154,-3.727,5907,2019-07-01 12:30:00
1110964,1110964,5679,2019-07-01 12:45:00-05,4.034,-3.702,5908,2019-07-01 12:45:00
1110965,1110965,5679,2019-07-01 13:00:00-05,3.931,-3.602,5909,2019-07-01 13:00:00
1110966,1110966,5679,2019-07-01 13:15:00-05,3.76,-3.016,5910,2019-07-01 13:15:00
1110967,1110967,5679,2019-07-01 13:30:00-05,3.362,-2.337,5911,2019-07-01 13:30:00
1110968,1110968,5679,2019-07-01 13:45:00-05,2.966,-2.388,5912,2019-07-01 13:45:00
1110969,1110969,5679,2019-07-01 14:00:00-05,2.655,-2.253,5913,2019-07-01 14:00:00
1110970,1110970,5679,2019-07-01 14:15:00-05,2.376,-2.083,5914,2019-07-01 14:15:00
1110971,1110971,5679,2019-07-01 14:30:00-05,2.002,-1.635,5915,2019-07-01 14:30:00
1110972,1110972,5679,2019-07-01 14:45:00-05,1.665,-1.299,5916,2019-07-01 14:45:00
1110973,1110973,5679,2019-07-01 15:00:00-05,1.346,-0.979,5917,2019-07-01 15:00:00
1110974,1110974,5679,2019-07-01 15:15:00-05,0.884,-0.481,5918,2019-07-01 15:15:00
1110975,1110975,5679,2019-07-01 15:30:00-05,0.597,0.138,5919,2019-07-01 15:30:00
1110976,1110976,5679,2019-07-01 15:45:00-05,0.466,0.145,5920,2019-07-01 15:45:00
1110977,1110977,5679,2019-07-01 16:00:00-05,0.382,0.348,5921,2019-07-01 16:00:00
1110978,1110978,5679,2019-07-01 16:15:00-05,0.281,0.189,5922,2019-07-01 16:15:00
1110979,1110979,5679,2019-07-01 16:30:00-05,0.247,0.248,5923,2019-07-01 16:30:00
1110980,1110980,5679,2019-07-01 16:45:00-05,0.255,0.16,5924,2019-07-01 16:45:00
1110981,1110981,5679,2019-07-01 17:00:00-05,0.234,0.143,5925,2019-07-01 17:00:00
1110982,1110982,5679,2019-07-01 17:15:00-05,0.216,0.052,5926,2019-07-01 17:15:00
1110983,1110983,5679,2019-07-01 17:30:00-05,0.194,0.235,5927,2019-07-01 17:30:00
1110984,1110984,5679,2019-07-01 17:45:00-05,0.172,0.799,5928,2019-07-01 17:45:00
1110985,1110985,5679,2019-07-01 18:00:00-05,0.159,0.798,5929,2019-07-01 18:00:00
1110986,1110986,5679,2019-07-01 18:15:00-05,0.139,0.603,5930,2019-07-01 18:15:00
1110987,1110987,5679,2019-07-01 18:30:00-05,0.119,0.762,5931,2019-07-01 18:30:00
1110988,1110988,5679,2019-07-01 18:45:00-05,0.097,0.946,5932,2019-07-01 18:45:00
1110989,1110989,5679,2019-07-01 19:00:00-05,0.072,1.063,5933,2019-07-01 19:00:00
1110990,1110990,5679,2019-07-01 19:15:00-05,0.043,1.013,5934,2019-07-01 19:15:00
1110991,1110991,5679,2019-07-01 19:30:00-05,0.018,0.991,5935,2019-07-01 19:30:00
1110992,1110992,5679,2019-07-01 19:45:00-05,0.005,0.964,5936,2019-07-01 19:45:00
1110993,1110993,5679,2019-07-01 20:00:00-05,0.005,0.941,5937,2019-07-01 20:00:00
1110994,1110994,5679,2019-07-01 20:15:00-05,0.005,0.942,5938,2019-07-01 20:15:00
1110995,1110995,5679,2019-07-01 20:30:00-05,0.005,1.032,5939,2019-07-01 20:30:00
1110996,1110996,5679,2019-07-01 20:45:00-05,0.005,0.717,5940,2019-07-01 20:45:00
1110997,1110997,5679,2019-07-01 21:00:00-05,0.005,0.54,5941,2019-07-01 21:00:00
1110998,1110998,5679,2019-07-01 21:15:00-05,0.006,0.293,5942,2019-07-01 21:15:00
1110999,1110999,5679,2019-07-01 21:30:00-05,0.006,0.285,5943,2019-07-01 21:30:00
1111000,1111000,5679,2019-07-01 21:45:00-05,0.006,0.345,5944,2019-07-01 21:45:00
1111001,1111001,5679,2019-07-01 22:00:00-05,0.006,0.301,5945,2019-07-01 22:00:00
1111002,1111002,5679,2019-07-01 22:15:00-05,0.006,0.359,5946,2019-07-01 22:15:00
1111003,1111003,5679,2019-07-01 22:30:00-05,0.006,0.447,5947,2019-07-01 22:30:00
1111004,1111004,5679,2019-07-01 22:45:00-05,0.006,0.444,5948,2019-07-01 22:45:00
1111005,1111005,5679,2019-07-01 23:00:00-05,0.006,0.398,5949,2019-07-01 23:00:00
1111006,1111006,5679,2019-07-01 23:15:00-05,0.006,0.583,5950,2019-07-01 23:15:00
1111007,1111007,5679,2019-07-01 23:30:00-05,0.006,0.253,5951,2019-07-01 23:30:00
1111008,1111008,5679,2019-07-01 23:45:00-05,0.006,0.371,5952,2019-07-01 23:45:00
1111009,1111009,5679,2019-07-02 00:00:00-05,0.006,0.349,5953,2019-07-02 00:00:00
1111010,1111010,5679,2019-07-02 00:15:00-05,0.006,0.329,5954,2019-07-02 00:15:00
1111011,1111011,5679,2019-07-02 00:30:00-05,0.006,0.356,5955,2019-07-02 00:30:00
1111012,1111012,5679,2019-07-02 00:45:00-05,0.006,0.464,5956,2019-07-02 00:45:00
1111013,1111013,5679,2019-07-02 01:00:00-05,0.006,0.454,5957,2019-07-02 01:00:00
1111014,1111014,5679,2019-07-02 01:15:00-05,0.006,0.428,5958,2019-07-02 01:15:00
1111015,1111015,5679,2019-07-02 01:30:00-05,0.006,0.456,5959,2019-07-02 01:30:00
1111016,1111016,5679,2019-07-02 01:45:00-05,0.006,0.458,5960,2019-07-02 01:45:00
1111017,1111017,5679,2019-07-02 02:00:00-05,0.006,0.418,5961,2019-07-02 02:00:00
1111018,1111018,5679,2019-07-02 02:15:00-05,0.006,0.317,5962,2019-07-02 02:15:00
1111019,1111019,5679,2019-07-02 02:30:00-05,0.006,0.344,5963,2019-07-02 02:30:00
1111020,1111020,5679,2019-07-02 02:45:00-05,0.006,0.345,5964,2019-07-02 02:45:00
1111021,1111021,5679,2019-07-02 03:00:00-05,0.006,0.355,5965,2019-07-02 03:00:00
1111022,1111022,5679,2019-07-02 03:15:00-05,0.006,0.211,5966,2019-07-02 03:15:00
1111023,1111023,5679,2019-07-02 03:30:00-05,0.006,0.234,5967,2019-07-02 03:30:00
1111024,1111024,5679,2019-07-02 03:45:00-05,0.006,0.332,5968,2019-07-02 03:45:00
1111025,1111025,5679,2019-07-02 04:00:00-05,0.006,0.33,5969,2019-07-02 04:00:00
1111026,1111026,5679,2019-07-02 04:15:00-05,0.006,0.331,5970,2019-07-02 04:15:00
1111027,1111027,5679,2019-07-02 04:30:00-05,0.006,0.323,5971,2019-07-02 04:30:00
1111028,1111028,5679,2019-07-02 04:45:00-05,0.014,0.246,5972,2019-07-02 04:45:00
1111029,1111029,5679,2019-07-02 05:00:00-05,0.023,0.916,5973,2019-07-02 05:00:00
1111030,1111030,5679,2019-07-02 05:15:00-05,0.038,0.383,5974,2019-07-02 05:15:00
1111031,1111031,5679,2019-07-02 05:30:00-05,0.061,0.431,5975,2019-07-02 05:30:00
1111032,1111032,5679,2019-07-02 05:45:00-05,0.132,0.331,5976,2019-07-02 05:45:00
1111033,1111033,5679,2019-07-02 06:00:00-05,0.162,0.466,5977,2019-07-02 06:00:00
1111034,1111034,5679,2019-07-02 06:15:00-05,0.162,0.866,5978,2019-07-02 06:15:00
1111035,1111035,5679,2019-07-02 06:30:00-05,0.116,5.169,5979,2019-07-02 06:30:00
1111036,1111036,5679,2019-07-02 06:45:00-05,0.392,4.248,5980,2019-07-02 06:45:00
1111037,1111037,5679,2019-07-02 07:00:00-05,0.435,2.142,5981,2019-07-02 07:00:00
1111038,1111038,5679,2019-07-02 07:15:00-05,0.582,-0.003,5982,2019-07-02 07:15:00
1111039,1111039,5679,2019-07-02 07:30:00-05,0.286,0.223,5983,2019-07-02 07:30:00
1111040,1111040,5679,2019-07-02 07:45:00-05,0.509,0.008,5984,2019-07-02 07:45:00
1111041,1111041,5679,2019-07-02 08:00:00-05,0.873,-0.418,5985,2019-07-02 08:00:00
1111042,1111042,5679,2019-07-02 08:15:00-05,1.576,-1.13,5986,2019-07-02 08:15:00
1111043,1111043,5679,2019-07-02 08:30:00-05,1.71,-1.038,5987,2019-07-02 08:30:00
1111044,1111044,5679,2019-07-02 08:45:00-05,1.533,-1.093,5988,2019-07-02 08:45:00
1111045,1111045,5679,2019-07-02 09:00:00-05,1.057,-0.665,5989,2019-07-02 09:00:00
1111046,1111046,5679,2019-07-02 09:15:00-05,0.817,-0.548,5990,2019-07-02 09:15:00
1111047,1111047,5679,2019-07-02 09:30:00-05,0.423,-0.152,5991,2019-07-02 09:30:00
1111048,1111048,5679,2019-07-02 09:45:00-05,0.607,-0.354,5992,2019-07-02 09:45:00
1111049,1111049,5679,2019-07-02 10:00:00-05,1.093,-0.844,5993,2019-07-02 10:00:00
1111050,1111050,5679,2019-07-02 10:15:00-05,1.38,-1.133,5994,2019-07-02 10:15:00
1111051,1111051,5679,2019-07-02 10:30:00-05,1.947,-1.231,5995,2019-07-02 10:30:00
1111052,1111052,5679,2019-07-02 10:45:00-05,0.934,6.779,5996,2019-07-02 10:45:00
1111053,1111053,5679,2019-07-02 11:00:00-05,0.456,7.261,5997,2019-07-02 11:00:00
1111054,1111054,5679,2019-07-02 11:15:00-05,1.694,5.918,5998,2019-07-02 11:15:00
1111055,1111055,5679,2019-07-02 11:30:00-05,1.717,5.95,5999,2019-07-02 11:30:00
1111056,1111056,5679,2019-07-02 11:45:00-05,2.112,0.241,6000,2019-07-02 11:45:00
1111057,1111057,5679,2019-07-02 12:00:00-05,2.565,-2.255,6001,2019-07-02 12:00:00
1111058,1111058,5679,2019-07-02 12:15:00-05,1.835,-1.342,6002,2019-07-02 12:15:00
1111059,1111059,5679,2019-07-02 12:30:00-05,1.269,0.797,6003,2019-07-02 12:30:00
1111060,1111060,5679,2019-07-02 12:45:00-05,1.416,0.687,6004,2019-07-02 12:45:00
1111061,1111061,5679,2019-07-02 13:00:00-05,1.502,0.599,6005,2019-07-02 13:00:00
1111062,1111062,5679,2019-07-02 13:15:00-05,1.54,0.481,6006,2019-07-02 13:15:00
1111063,1111063,5679,2019-07-02 13:30:00-05,1.69,0.152,6007,2019-07-02 13:30:00
1111064,1111064,5679,2019-07-02 13:45:00-05,1.082,0.167,6008,2019-07-02 13:45:00
1111065,1111065,5679,2019-07-02 14:00:00-05,1.33,-1.036,6009,2019-07-02 14:00:00
1111066,1111066,5679,2019-07-02 14:15:00-05,1.484,-1.206,6010,2019-07-02 14:15:00
1111067,1111067,5679,2019-07-02 14:30:00-05,1.652,-1.374,6011,2019-07-02 14:30:00
1111068,1111068,5679,2019-07-02 14:45:00-05,1.431,-0.651,6012,2019-07-02 14:45:00
1111069,1111069,5679,2019-07-02 15:00:00-05,1.156,-0.665,6013,2019-07-02 15:00:00
1111070,1111070,5679,2019-07-02 15:15:00-05,1.089,-0.325,6014,2019-07-02 15:15:00
1111071,1111071,5679,2019-07-02 15:30:00-05,1.264,-0.25,6015,2019-07-02 15:30:00
1111072,1111072,5679,2019-07-02 15:45:00-05,1.081,-0.178,6016,2019-07-02 15:45:00
1111073,1111073,5679,2019-07-02 16:00:00-05,1.067,0.116,6017,2019-07-02 16:00:00
1111074,1111074,5679,2019-07-02 16:15:00-05,0.916,0.657,6018,2019-07-02 16:15:00
1111075,1111075,5679,2019-07-02 16:30:00-05,0.782,1.68,6019,2019-07-02 16:30:00
1111076,1111076,5679,2019-07-02 16:45:00-05,0.716,2.121,6020,2019-07-02 16:45:00
1111077,1111077,5679,2019-07-02 17:00:00-05,0.734,1.797,6021,2019-07-02 17:00:00
1111078,1111078,5679,2019-07-02 17:15:00-05,0.673,1.584,6022,2019-07-02 17:15:00
1111079,1111079,5679,2019-07-02 17:30:00-05,0.501,1.804,6023,2019-07-02 17:30:00
1111080,1111080,5679,2019-07-02 17:45:00-05,0.514,1.598,6024,2019-07-02 17:45:00
1111081,1111081,5679,2019-07-02 18:00:00-05,0.355,1.675,6025,2019-07-02 18:00:00
1111082,1111082,5679,2019-07-02 18:15:00-05,0.112,1.012,6026,2019-07-02 18:15:00
1111083,1111083,5679,2019-07-02 18:30:00-05,0.123,1.102,6027,2019-07-02 18:30:00
1111084,1111084,5679,2019-07-02 18:45:00-05,0.13,1.169,6028,2019-07-02 18:45:00
1111085,1111085,5679,2019-07-02 19:00:00-05,0.119,1.068,6029,2019-07-02 19:00:00
1111086,1111086,5679,2019-07-02 19:15:00-05,0.052,1.443,6030,2019-07-02 19:15:00
1111087,1111087,5679,2019-07-02 19:30:00-05,0.012,0.556,6031,2019-07-02 19:30:00
1111088,1111088,5679,2019-07-02 19:45:00-05,0.005,0.542,6032,2019-07-02 19:45:00
1111089,1111089,5679,2019-07-02 20:00:00-05,0.006,0.477,6033,2019-07-02 20:00:00
1111090,1111090,5679,2019-07-02 20:15:00-05,0.005,0.557,6034,2019-07-02 20:15:00
1111091,1111091,5679,2019-07-02 20:30:00-05,0.006,0.48,6035,2019-07-02 20:30:00
1111092,1111092,5679,2019-07-02 20:45:00-05,0.006,0.43,6036,2019-07-02 20:45:00
1111093,1111093,5679,2019-07-02 21:00:00-05,0.006,0.432,6037,2019-07-02 21:00:00
1111094,1111094,5679,2019-07-02 21:15:00-05,0.006,0.433,6038,2019-07-02 21:15:00
1111095,1111095,5679,2019-07-02 21:30:00-05,0.006,0.526,6039,2019-07-02 21:30:00
1111096,1111096,5679,2019-07-02 21:45:00-05,0.006,0.5,6040,2019-07-02 21:45:00
1111097,1111097,5679,2019-07-02 22:00:00-05,0.006,0.442,6041,2019-07-02 22:00:00
1111098,1111098,5679,2019-07-02 22:15:00-05,0.006,0.44,6042,2019-07-02 22:15:00
1111099,1111099,5679,2019-07-02 22:30:00-05,0.006,0.451,6043,2019-07-02 22:30:00
1111100,1111100,5679,2019-07-02 22:45:00-05,0.006,0.454,6044,2019-07-02 22:45:00
1111101,1111101,5679,2019-07-02 23:00:00-05,0.006,0.354,6045,2019-07-02 23:00:00
1111102,1111102,5679,2019-07-02 23:15:00-05,0.006,0.346,6046,2019-07-02 23:15:00
1111103,1111103,5679,2019-07-02 23:30:00-05,0.006,0.346,6047,2019-07-02 23:30:00
1111104,1111104,5679,2019-07-02 23:45:00-05,0.006,0.325,6048,2019-07-02 23:45:00
1111105,1111105,5679,2019-07-03 00:00:00-05,0.006,0.328,6049,2019-07-03 00:00:00
1111106,1111106,5679,2019-07-03 00:15:00-05,0.006,0.341,6050,2019-07-03 00:15:00
1111107,1111107,5679,2019-07-03 00:30:00-05,0.006,0.432,6051,2019-07-03 00:30:00
1111108,1111108,5679,2019-07-03 00:45:00-05,0.006,0.452,6052,2019-07-03 00:45:00
1111109,1111109,5679,2019-07-03 01:00:00-05,0.006,0.452,6053,2019-07-03 01:00:00
1111110,1111110,5679,2019-07-03 01:15:00-05,0.006,0.442,6054,2019-07-03 01:15:00
1111111,1111111,5679,2019-07-03 01:30:00-05,0.006,0.426,6055,2019-07-03 01:30:00
1111112,1111112,5679,2019-07-03 01:45:00-05,0.006,0.39,6056,2019-07-03 01:45:00
1111113,1111113,5679,2019-07-03 02:00:00-05,0.006,0.342,6057,2019-07-03 02:00:00
1111114,1111114,5679,2019-07-03 02:15:00-05,0.006,0.341,6058,2019-07-03 02:15:00
1111115,1111115,5679,2019-07-03 02:30:00-05,0.006,0.343,6059,2019-07-03 02:30:00
1111116,1111116,5679,2019-07-03 02:45:00-05,0.006,0.328,6060,2019-07-03 02:45:00
1111117,1111117,5679,2019-07-03 03:00:00-05,0.006,0.321,6061,2019-07-03 03:00:00
1111118,1111118,5679,2019-07-03 03:15:00-05,0.006,0.388,6062,2019-07-03 03:15:00
1111119,1111119,5679,2019-07-03 03:30:00-05,0.006,0.447,6063,2019-07-03 03:30:00
1111120,1111120,5679,2019-07-03 03:45:00-05,0.006,0.444,6064,2019-07-03 03:45:00
1111121,1111121,5679,2019-07-03 04:00:00-05,0.006,0.471,6065,2019-07-03 04:00:00
1111122,1111122,5679,2019-07-03 04:15:00-05,0.007,0.648,6066,2019-07-03 04:15:00
1111123,1111123,5679,2019-07-03 04:30:00-05,0.025,0.316,6067,2019-07-03 04:30:00
1111124,1111124,5679,2019-07-03 04:45:00-05,0.059,0.285,6068,2019-07-03 04:45:00
1111125,1111125,5679,2019-07-03 05:00:00-05,0.077,0.915,6069,2019-07-03 05:00:00
1111126,1111126,5679,2019-07-03 05:15:00-05,0.161,0.297,6070,2019-07-03 05:15:00
1111127,1111127,5679,2019-07-03 05:30:00-05,0.269,0.505,6071,2019-07-03 05:30:00
1111128,1111128,5679,2019-07-03 05:45:00-05,0.374,0.108,6072,2019-07-03 05:45:00
1111129,1111129,5679,2019-07-03 06:00:00-05,0.281,0.39,6073,2019-07-03 06:00:00
1111130,1111130,5679,2019-07-03 06:15:00-05,0.312,2.244,6074,2019-07-03 06:15:00
1111131,1111131,5679,2019-07-03 06:30:00-05,0.402,4.939,6075,2019-07-03 06:30:00
1111132,1111132,5679,2019-07-03 06:45:00-05,0.483,2.44,6076,2019-07-03 06:45:00
1111133,1111133,5679,2019-07-03 07:00:00-05,0.335,0.29,6077,2019-07-03 07:00:00
1111134,1111134,5679,2019-07-03 07:15:00-05,0.424,0.181,6078,2019-07-03 07:15:00
1111135,1111135,5679,2019-07-03 07:30:00-05,0.493,1.804,6079,2019-07-03 07:30:00
1111136,1111136,5679,2019-07-03 07:45:00-05,0.621,4.6,6080,2019-07-03 07:45:00
1111137,1111137,5679,2019-07-03 08:00:00-05,0.774,4.345,6081,2019-07-03 08:00:00
1111138,1111138,5679,2019-07-03 08:15:00-05,1.426,2.003,6082,2019-07-03 08:15:00
1111139,1111139,5679,2019-07-03 08:30:00-05,1.419,1.742,6083,2019-07-03 08:30:00
1111140,1111140,5679,2019-07-03 08:45:00-05,1.282,1.676,6084,2019-07-03 08:45:00
1111141,1111141,5679,2019-07-03 09:00:00-05,1.476,1.023,6085,2019-07-03 09:00:00
1111142,1111142,5679,2019-07-03 09:15:00-05,1.257,0.2,6086,2019-07-03 09:15:00
1111143,1111143,5679,2019-07-03 09:30:00-05,1.389,-0.819,6087,2019-07-03 09:30:00
1111144,1111144,5679,2019-07-03 09:45:00-05,1.684,2.896,6088,2019-07-03 09:45:00
1111145,1111145,5679,2019-07-03 10:00:00-05,2.412,1.315,6089,2019-07-03 10:00:00
1111146,1111146,5679,2019-07-03 10:15:00-05,3.204,-0.163,6090,2019-07-03 10:15:00
1111147,1111147,5679,2019-07-03 10:30:00-05,3.88,-2.109,6091,2019-07-03 10:30:00
1111148,1111148,5679,2019-07-03 10:45:00-05,4.045,0.246,6092,2019-07-03 10:45:00
1111149,1111149,5679,2019-07-03 11:00:00-05,4.059,0.487,6093,2019-07-03 11:00:00
1111150,1111150,5679,2019-07-03 11:15:00-05,3.724,2.778,6094,2019-07-03 11:15:00
1111151,1111151,5679,2019-07-03 11:30:00-05,3.758,2.31,6095,2019-07-03 11:30:00
1111152,1111152,5679,2019-07-03 11:45:00-05,4.109,0.627,6096,2019-07-03 11:45:00
1111153,1111153,5679,2019-07-03 12:00:00-05,3.876,-1.253,6097,2019-07-03 12:00:00
1111154,1111154,5679,2019-07-03 12:15:00-05,4.145,-1.802,6098,2019-07-03 12:15:00
1111155,1111155,5679,2019-07-03 12:30:00-05,4.047,1.269,6099,2019-07-03 12:30:00
1111156,1111156,5679,2019-07-03 12:45:00-05,3.879,-1.215,6100,2019-07-03 12:45:00
1111157,1111157,5679,2019-07-03 13:00:00-05,3.789,-1.813,6101,2019-07-03 13:00:00
1111158,1111158,5679,2019-07-03 13:15:00-05,3.631,-1.375,6102,2019-07-03 13:15:00
1111159,1111159,5679,2019-07-03 13:30:00-05,3.259,-1.101,6103,2019-07-03 13:30:00
1111160,1111160,5679,2019-07-03 13:45:00-05,2.965,-1.019,6104,2019-07-03 13:45:00
1111161,1111161,5679,2019-07-03 14:00:00-05,2.671,-0.568,6105,2019-07-03 14:00:00
1111162,1111162,5679,2019-07-03 14:15:00-05,2.354,-0.081,6106,2019-07-03 14:15:00
1111163,1111163,5679,2019-07-03 14:30:00-05,2.074,0.441,6107,2019-07-03 14:30:00
1111164,1111164,5679,2019-07-03 14:45:00-05,1.832,-1.11,6108,2019-07-03 14:45:00
1111165,1111165,5679,2019-07-03 15:00:00-05,1.6,-0.012,6109,2019-07-03 15:00:00
1111166,1111166,5679,2019-07-03 15:15:00-05,1.227,-0.239,6110,2019-07-03 15:15:00
1111167,1111167,5679,2019-07-03 15:30:00-05,1.124,0.351,6111,2019-07-03 15:30:00
1111168,1111168,5679,2019-07-03 15:45:00-05,0.952,0.752,6112,2019-07-03 15:45:00
1111169,1111169,5679,2019-07-03 16:00:00-05,0.597,1.258,6113,2019-07-03 16:00:00
1111170,1111170,5679,2019-07-03 16:15:00-05,0.511,1.775,6114,2019-07-03 16:15:00
1111171,1111171,5679,2019-07-03 16:30:00-05,0.584,1.187,6115,2019-07-03 16:30:00
1111172,1111172,5679,2019-07-03 16:45:00-05,0.543,1.069,6116,2019-07-03 16:45:00
1111173,1111173,5679,2019-07-03 17:00:00-05,0.47,2.235,6117,2019-07-03 17:00:00
1111174,1111174,5679,2019-07-03 17:15:00-05,0.408,2.46,6118,2019-07-03 17:15:00
1111175,1111175,5679,2019-07-03 17:30:00-05,0.356,2.322,6119,2019-07-03 17:30:00
1111176,1111176,5679,2019-07-03 17:45:00-05,0.31,2.413,6120,2019-07-03 17:45:00
1111177,1111177,5679,2019-07-03 18:00:00-05,0.241,2.274,6121,2019-07-03 18:00:00
1111178,1111178,5679,2019-07-03 18:15:00-05,0.192,0.796,6122,2019-07-03 18:15:00
1111179,1111179,5679,2019-07-03 18:30:00-05,0.163,0.806,6123,2019-07-03 18:30:00
1111180,1111180,5679,2019-07-03 18:45:00-05,0.118,1.043,6124,2019-07-03 18:45:00
1111181,1111181,5679,2019-07-03 19:00:00-05,0.064,6.257,6125,2019-07-03 19:00:00
1111182,1111182,5679,2019-07-03 19:15:00-05,0.037,8.53,6126,2019-07-03 19:15:00
1111183,1111183,5679,2019-07-03 19:30:00-05,0.007,8.341,6127,2019-07-03 19:30:00
1111184,1111184,5679,2019-07-03 19:45:00-05,-0.002,7.983,6128,2019-07-03 19:45:00
1111185,1111185,5679,2019-07-03 20:00:00-05,0.0,5.424,6129,2019-07-03 20:00:00
1111186,1111186,5679,2019-07-03 20:15:00-05,0.004,0.577,6130,2019-07-03 20:15:00
1111187,1111187,5679,2019-07-03 20:30:00-05,0.004,0.566,6131,2019-07-03 20:30:00
1111188,1111188,5679,2019-07-03 20:45:00-05,0.005,0.451,6132,2019-07-03 20:45:00
1111189,1111189,5679,2019-07-03 21:00:00-05,0.005,0.607,6133,2019-07-03 21:00:00
1111190,1111190,5679,2019-07-03 21:15:00-05,0.004,1.128,6134,2019-07-03 21:15:00
1111191,1111191,5679,2019-07-03 21:30:00-05,0.004,1.021,6135,2019-07-03 21:30:00
1111192,1111192,5679,2019-07-03 21:45:00-05,0.005,0.963,6136,2019-07-03 21:45:00
1111193,1111193,5679,2019-07-03 22:00:00-05,0.005,0.837,6137,2019-07-03 22:00:00
1111194,1111194,5679,2019-07-03 22:15:00-05,0.005,0.628,6138,2019-07-03 22:15:00
1111195,1111195,5679,2019-07-03 22:30:00-05,0.005,0.393,6139,2019-07-03 22:30:00
1111196,1111196,5679,2019-07-03 22:45:00-05,0.005,0.348,6140,2019-07-03 22:45:00
1111197,1111197,5679,2019-07-03 23:00:00-05,0.005,0.323,6141,2019-07-03 23:00:00
1111198,1111198,5679,2019-07-03 23:15:00-05,0.005,0.21,6142,2019-07-03 23:15:00
1111199,1111199,5679,2019-07-03 23:30:00-05,0.005,0.23,6143,2019-07-03 23:30:00
1111200,1111200,5679,2019-07-03 23:45:00-05,0.005,0.232,6144,2019-07-03 23:45:00
1111201,1111201,5679,2019-07-04 00:00:00-05,0.005,0.315,6145,2019-07-04 00:00:00
1111202,1111202,5679,2019-07-04 00:15:00-05,0.005,0.477,6146,2019-07-04 00:15:00
1111203,1111203,5679,2019-07-04 00:30:00-05,0.005,0.728,6147,2019-07-04 00:30:00
1111204,1111204,5679,2019-07-04 00:45:00-05,0.005,0.434,6148,2019-07-04 00:45:00
1111205,1111205,5679,2019-07-04 01:00:00-05,0.005,0.393,6149,2019-07-04 01:00:00
1111206,1111206,5679,2019-07-04 01:15:00-05,0.006,0.296,6150,2019-07-04 01:15:00
1111207,1111207,5679,2019-07-04 01:30:00-05,0.006,0.218,6151,2019-07-04 01:30:00
1111208,1111208,5679,2019-07-04 01:45:00-05,0.006,0.219,6152,2019-07-04 01:45:00
1111209,1111209,5679,2019-07-04 02:00:00-05,0.006,0.237,6153,2019-07-04 02:00:00
1111210,1111210,5679,2019-07-04 02:15:00-05,0.006,0.352,6154,2019-07-04 02:15:00
1111211,1111211,5679,2019-07-04 02:30:00-05,0.006,0.337,6155,2019-07-04 02:30:00
1111212,1111212,5679,2019-07-04 02:45:00-05,0.006,0.277,6156,2019-07-04 02:45:00
1111213,1111213,5679,2019-07-04 03:00:00-05,0.006,0.316,6157,2019-07-04 03:00:00
1111214,1111214,5679,2019-07-04 03:15:00-05,0.006,0.341,6158,2019-07-04 03:15:00
1111215,1111215,5679,2019-07-04 03:30:00-05,0.005,0.513,6159,2019-07-04 03:30:00
1111216,1111216,5679,2019-07-04 03:45:00-05,0.005,0.536,6160,2019-07-04 03:45:00
1111217,1111217,5679,2019-07-04 04:00:00-05,0.005,0.978,6161,2019-07-04 04:00:00
1111218,1111218,5679,2019-07-04 04:15:00-05,0.006,0.593,6162,2019-07-04 04:15:00
1111219,1111219,5679,2019-07-04 04:30:00-05,0.01,0.341,6163,2019-07-04 04:30:00
1111220,1111220,5679,2019-07-04 04:45:00-05,0.028,0.326,6164,2019-07-04 04:45:00
1111221,1111221,5679,2019-07-04 05:00:00-05,0.046,0.525,6165,2019-07-04 05:00:00
1111222,1111222,5679,2019-07-04 05:15:00-05,0.071,0.271,6166,2019-07-04 05:15:00
1111223,1111223,5679,2019-07-04 05:30:00-05,0.107,0.231,6167,2019-07-04 05:30:00
1111224,1111224,5679,2019-07-04 05:45:00-05,0.151,0.29,6168,2019-07-04 05:45:00
1111225,1111225,5679,2019-07-04 06:00:00-05,0.179,0.72,6169,2019-07-04 06:00:00
1111226,1111226,5679,2019-07-04 06:15:00-05,0.213,0.217,6170,2019-07-04 06:15:00
1111227,1111227,5679,2019-07-04 06:30:00-05,0.247,0.176,6171,2019-07-04 06:30:00
1111228,1111228,5679,2019-07-04 06:45:00-05,0.291,0.129,6172,2019-07-04 06:45:00
1111229,1111229,5679,2019-07-04 07:00:00-05,0.392,0.028,6173,2019-07-04 07:00:00
1111230,1111230,5679,2019-07-04 07:15:00-05,0.53,-0.196,6174,2019-07-04 07:15:00
1111231,1111231,5679,2019-07-04 07:30:00-05,0.65,-0.237,6175,2019-07-04 07:30:00
1111232,1111232,5679,2019-07-04 07:45:00-05,1.19,-0.079,6176,2019-07-04 07:45:00
1111233,1111233,5679,2019-07-04 08:00:00-05,1.599,-0.946,6177,2019-07-04 08:00:00
1111234,1111234,5679,2019-07-04 08:15:00-05,1.854,-1.047,6178,2019-07-04 08:15:00
1111235,1111235,5679,2019-07-04 08:30:00-05,2.076,-1.293,6179,2019-07-04 08:30:00
1111236,1111236,5679,2019-07-04 08:45:00-05,2.441,-1.833,6180,2019-07-04 08:45:00
1111237,1111237,5679,2019-07-04 09:00:00-05,2.739,-1.649,6181,2019-07-04 09:00:00
1111238,1111238,5679,2019-07-04 09:15:00-05,2.359,-1.539,6182,2019-07-04 09:15:00
1111239,1111239,5679,2019-07-04 09:30:00-05,2.761,-1.67,6183,2019-07-04 09:30:00
1111240,1111240,5679,2019-07-04 09:45:00-05,3.304,-2.172,6184,2019-07-04 09:45:00
1111241,1111241,5679,2019-07-04 10:00:00-05,3.417,-2.231,6185,2019-07-04 10:00:00
1111242,1111242,5679,2019-07-04 10:15:00-05,3.545,-1.639,6186,2019-07-04 10:15:00
1111243,1111243,5679,2019-07-04 10:30:00-05,3.8,-1.345,6187,2019-07-04 10:30:00
1111244,1111244,5679,2019-07-04 10:45:00-05,3.731,-1.369,6188,2019-07-04 10:45:00
1111245,1111245,5679,2019-07-04 11:00:00-05,4.052,-1.927,6189,2019-07-04 11:00:00
1111246,1111246,5679,2019-07-04 11:15:00-05,3.382,-1.529,6190,2019-07-04 11:15:00
1111247,1111247,5679,2019-07-04 11:30:00-05,3.118,-1.173,6191,2019-07-04 11:30:00
1111248,1111248,5679,2019-07-04 11:45:00-05,2.649,-0.733,6192,2019-07-04 11:45:00
1111249,1111249,5679,2019-07-04 12:00:00-05,3.555,-1.264,6193,2019-07-04 12:00:00
1111250,1111250,5679,2019-07-04 12:15:00-05,2.578,-0.702,6194,2019-07-04 12:15:00
1111251,1111251,5679,2019-07-04 12:30:00-05,4.104,-3.782,6195,2019-07-04 12:30:00
1111252,1111252,5679,2019-07-04 12:45:00-05,0.869,-0.457,6196,2019-07-04 12:45:00
1111253,1111253,5679,2019-07-04 13:00:00-05,1.971,-1.583,6197,2019-07-04 13:00:00
1111254,1111254,5679,2019-07-04 13:15:00-05,1.872,-1.46,6198,2019-07-04 13:15:00
1111255,1111255,5679,2019-07-04 13:30:00-05,3.478,-2.971,6199,2019-07-04 13:30:00
1111256,1111256,5679,2019-07-04 13:45:00-05,2.748,-2.245,6200,2019-07-04 13:45:00
1111257,1111257,5679,2019-07-04 14:00:00-05,2.726,-2.367,6201,2019-07-04 14:00:00
1111258,1111258,5679,2019-07-04 14:15:00-05,1.092,-0.665,6202,2019-07-04 14:15:00
1111259,1111259,5679,2019-07-04 14:30:00-05,1.793,-1.397,6203,2019-07-04 14:30:00
1111260,1111260,5679,2019-07-04 14:45:00-05,1.693,-1.282,6204,2019-07-04 14:45:00
1111261,1111261,5679,2019-07-04 15:00:00-05,1.187,-0.829,6205,2019-07-04 15:00:00
1111262,1111262,5679,2019-07-04 15:15:00-05,0.907,0.569,6206,2019-07-04 15:15:00
1111263,1111263,5679,2019-07-04 15:30:00-05,0.88,2.042,6207,2019-07-04 15:30:00
1111264,1111264,5679,2019-07-04 15:45:00-05,0.644,2.456,6208,2019-07-04 15:45:00
1111265,1111265,5679,2019-07-04 16:00:00-05,0.775,1.993,6209,2019-07-04 16:00:00
1111266,1111266,5679,2019-07-04 16:15:00-05,0.707,2.107,6210,2019-07-04 16:15:00
1111267,1111267,5679,2019-07-04 16:30:00-05,0.575,2.222,6211,2019-07-04 16:30:00
1111268,1111268,5679,2019-07-04 16:45:00-05,0.633,2.265,6212,2019-07-04 16:45:00
1111269,1111269,5679,2019-07-04 17:00:00-05,0.54,2.258,6213,2019-07-04 17:00:00
1111270,1111270,5679,2019-07-04 17:15:00-05,0.459,2.328,6214,2019-07-04 17:15:00
1111271,1111271,5679,2019-07-04 17:30:00-05,0.432,2.389,6215,2019-07-04 17:30:00
1111272,1111272,5679,2019-07-04 17:45:00-05,0.45,1.801,6216,2019-07-04 17:45:00
1111273,1111273,5679,2019-07-04 18:00:00-05,0.371,1.48,6217,2019-07-04 18:00:00
1111274,1111274,5679,2019-07-04 18:15:00-05,0.262,2.73,6218,2019-07-04 18:15:00
1111275,1111275,5679,2019-07-04 18:30:00-05,0.197,1.397,6219,2019-07-04 18:30:00
1111276,1111276,5679,2019-07-04 18:45:00-05,0.092,2.834,6220,2019-07-04 18:45:00
1111277,1111277,5679,2019-07-04 19:00:00-05,0.031,2.686,6221,2019-07-04 19:00:00
1111278,1111278,5679,2019-07-04 19:15:00-05,0.01,3.065,6222,2019-07-04 19:15:00
1111279,1111279,5679,2019-07-04 19:30:00-05,0.006,1.911,6223,2019-07-04 19:30:00
1111280,1111280,5679,2019-07-04 19:45:00-05,0.004,1.874,6224,2019-07-04 19:45:00
1111281,1111281,5679,2019-07-04 20:00:00-05,0.004,1.686,6225,2019-07-04 20:00:00
1111282,1111282,5679,2019-07-04 20:15:00-05,0.004,1.421,6226,2019-07-04 20:15:00
1111283,1111283,5679,2019-07-04 20:30:00-05,0.004,1.181,6227,2019-07-04 20:30:00
1111284,1111284,5679,2019-07-04 20:45:00-05,0.004,1.296,6228,2019-07-04 20:45:00
1111285,1111285,5679,2019-07-04 21:00:00-05,0.005,0.805,6229,2019-07-04 21:00:00
1111286,1111286,5679,2019-07-04 21:15:00-05,0.005,0.902,6230,2019-07-04 21:15:00
1111287,1111287,5679,2019-07-04 21:30:00-05,0.005,0.793,6231,2019-07-04 21:30:00
1111288,1111288,5679,2019-07-04 21:45:00-05,0.005,0.62,6232,2019-07-04 21:45:00
1111289,1111289,5679,2019-07-04 22:00:00-05,0.005,0.588,6233,2019-07-04 22:00:00
1111290,1111290,5679,2019-07-04 22:15:00-05,0.005,0.744,6234,2019-07-04 22:15:00
1111291,1111291,5679,2019-07-04 22:30:00-05,0.005,0.567,6235,2019-07-04 22:30:00
1111292,1111292,5679,2019-07-04 22:45:00-05,0.005,0.777,6236,2019-07-04 22:45:00
1111293,1111293,5679,2019-07-04 23:00:00-05,0.005,0.593,6237,2019-07-04 23:00:00
1111294,1111294,5679,2019-07-04 23:15:00-05,0.005,0.49,6238,2019-07-04 23:15:00
1111295,1111295,5679,2019-07-04 23:30:00-05,0.005,0.493,6239,2019-07-04 23:30:00
1111296,1111296,5679,2019-07-04 23:45:00-05,0.005,0.233,6240,2019-07-04 23:45:00
1111297,1111297,5679,2019-07-05 00:00:00-05,0.005,0.598,6241,2019-07-05 00:00:00
1111298,1111298,5679,2019-07-05 00:15:00-05,0.005,0.406,6242,2019-07-05 00:15:00
1111299,1111299,5679,2019-07-05 00:30:00-05,0.005,0.333,6243,2019-07-05 00:30:00
1111300,1111300,5679,2019-07-05 00:45:00-05,0.005,0.599,6244,2019-07-05 00:45:00
1111301,1111301,5679,2019-07-05 01:00:00-05,0.005,0.329,6245,2019-07-05 01:00:00
1111302,1111302,5679,2019-07-05 01:15:00-05,0.005,0.585,6246,2019-07-05 01:15:00
1111303,1111303,5679,2019-07-05 01:30:00-05,0.005,0.358,6247,2019-07-05 01:30:00
1111304,1111304,5679,2019-07-05 01:45:00-05,0.005,0.589,6248,2019-07-05 01:45:00
1111305,1111305,5679,2019-07-05 02:00:00-05,0.006,0.25,6249,2019-07-05 02:00:00
1111306,1111306,5679,2019-07-05 02:15:00-05,0.006,0.238,6250,2019-07-05 02:15:00
1111307,1111307,5679,2019-07-05 02:30:00-05,0.005,0.456,6251,2019-07-05 02:30:00
1111308,1111308,5679,2019-07-05 02:45:00-05,0.006,0.233,6252,2019-07-05 02:45:00
1111309,1111309,5679,2019-07-05 03:00:00-05,0.006,0.241,6253,2019-07-05 03:00:00
1111310,1111310,5679,2019-07-05 03:15:00-05,0.006,0.251,6254,2019-07-05 03:15:00
1111311,1111311,5679,2019-07-05 03:30:00-05,0.005,0.35,6255,2019-07-05 03:30:00
1111312,1111312,5679,2019-07-05 03:45:00-05,0.005,0.559,6256,2019-07-05 03:45:00
1111313,1111313,5679,2019-07-05 04:00:00-05,0.005,0.339,6257,2019-07-05 04:00:00
1111314,1111314,5679,2019-07-05 04:15:00-05,0.006,1.074,6258,2019-07-05 04:15:00
1111315,1111315,5679,2019-07-05 04:30:00-05,0.019,0.782,6259,2019-07-05 04:30:00
1111316,1111316,5679,2019-07-05 04:45:00-05,0.046,0.629,6260,2019-07-05 04:45:00
1111317,1111317,5679,2019-07-05 05:00:00-05,0.082,0.75,6261,2019-07-05 05:00:00
1111318,1111318,5679,2019-07-05 05:15:00-05,0.136,0.727,6262,2019-07-05 05:15:00
1111319,1111319,5679,2019-07-05 05:30:00-05,0.161,1.208,6263,2019-07-05 05:30:00
1111320,1111320,5679,2019-07-05 05:45:00-05,0.218,0.768,6264,2019-07-05 05:45:00
1111321,1111321,5679,2019-07-05 06:00:00-05,0.249,0.733,6265,2019-07-05 06:00:00
1111322,1111322,5679,2019-07-05 06:15:00-05,0.375,0.775,6266,2019-07-05 06:15:00
1111323,1111323,5679,2019-07-05 06:30:00-05,0.331,0.716,6267,2019-07-05 06:30:00
1111324,1111324,5679,2019-07-05 06:45:00-05,0.38,0.622,6268,2019-07-05 06:45:00
1111325,1111325,5679,2019-07-05 07:00:00-05,0.519,0.336,6269,2019-07-05 07:00:00
1111326,1111326,5679,2019-07-05 07:15:00-05,0.647,0.107,6270,2019-07-05 07:15:00
1111327,1111327,5679,2019-07-05 07:30:00-05,0.791,1.183,6271,2019-07-05 07:30:00
1111328,1111328,5679,2019-07-05 07:45:00-05,1.298,4.625,6272,2019-07-05 07:45:00
1111329,1111329,5679,2019-07-05 08:00:00-05,1.751,2.092,6273,2019-07-05 08:00:00
1111330,1111330,5679,2019-07-05 08:15:00-05,1.765,0.181,6274,2019-07-05 08:15:00
1111331,1111331,5679,2019-07-05 08:30:00-05,1.283,-0.197,6275,2019-07-05 08:30:00
1111332,1111332,5679,2019-07-05 08:45:00-05,0.695,0.303,6276,2019-07-05 08:45:00
1111333,1111333,5679,2019-07-05 09:00:00-05,0.406,0.579,6277,2019-07-05 09:00:00
1111334,1111334,5679,2019-07-05 09:15:00-05,0.658,0.509,6278,2019-07-05 09:15:00
1111335,1111335,5679,2019-07-05 09:30:00-05,1.159,-0.649,6279,2019-07-05 09:30:00
1111336,1111336,5679,2019-07-05 09:45:00-05,2.792,-2.352,6280,2019-07-05 09:45:00
1111337,1111337,5679,2019-07-05 10:00:00-05,2.084,-1.69,6281,2019-07-05 10:00:00
1111338,1111338,5679,2019-07-05 10:15:00-05,3.42,-3.108,6282,2019-07-05 10:15:00
1111339,1111339,5679,2019-07-05 10:30:00-05,1.838,-1.521,6283,2019-07-05 10:30:00
1111340,1111340,5679,2019-07-05 10:45:00-05,3.306,-3.023,6284,2019-07-05 10:45:00
1111341,1111341,5679,2019-07-05 11:00:00-05,2.71,-2.408,6285,2019-07-05 11:00:00
1111342,1111342,5679,2019-07-05 11:15:00-05,3.234,-2.928,6286,2019-07-05 11:15:00
1111343,1111343,5679,2019-07-05 11:30:00-05,2.412,-2.022,6287,2019-07-05 11:30:00
1111344,1111344,5679,2019-07-05 11:45:00-05,3.377,-2.96,6288,2019-07-05 11:45:00
1111345,1111345,5679,2019-07-05 12:00:00-05,4.071,-3.549,6289,2019-07-05 12:00:00
1111346,1111346,5679,2019-07-05 12:15:00-05,3.801,-3.454,6290,2019-07-05 12:15:00
1111347,1111347,5679,2019-07-05 12:30:00-05,3.664,-3.331,6291,2019-07-05 12:30:00
1111348,1111348,5679,2019-07-05 12:45:00-05,3.379,-2.959,6292,2019-07-05 12:45:00
1111349,1111349,5679,2019-07-05 13:00:00-05,2.574,-2.153,6293,2019-07-05 13:00:00
1111350,1111350,5679,2019-07-05 13:15:00-05,3.435,-3.021,6294,2019-07-05 13:15:00
1111351,1111351,5679,2019-07-05 13:30:00-05,2.845,-2.43,6295,2019-07-05 13:30:00
1111352,1111352,5679,2019-07-05 13:45:00-05,2.42,-2.029,6296,2019-07-05 13:45:00
1111353,1111353,5679,2019-07-05 14:00:00-05,2.633,-0.575,6297,2019-07-05 14:00:00
1111354,1111354,5679,2019-07-05 14:15:00-05,2.548,0.767,6298,2019-07-05 14:15:00
1111355,1111355,5679,2019-07-05 14:30:00-05,1.964,0.96,6299,2019-07-05 14:30:00
1111356,1111356,5679,2019-07-05 14:45:00-05,1.738,1.16,6300,2019-07-05 14:45:00
1111357,1111357,5679,2019-07-05 15:00:00-05,1.675,1.337,6301,2019-07-05 15:00:00
1111358,1111358,5679,2019-07-05 15:15:00-05,1.168,6.524,6302,2019-07-05 15:15:00
1111359,1111359,5679,2019-07-05 15:30:00-05,0.758,8.752,6303,2019-07-05 15:30:00
1111360,1111360,5679,2019-07-05 15:45:00-05,0.571,8.949,6304,2019-07-05 15:45:00
1111361,1111361,5679,2019-07-05 16:00:00-05,0.509,8.989,6305,2019-07-05 16:00:00
1111362,1111362,5679,2019-07-05 16:15:00-05,0.537,3.913,6306,2019-07-05 16:15:00
1111363,1111363,5679,2019-07-05 16:30:00-05,0.562,2.15,6307,2019-07-05 16:30:00
1111364,1111364,5679,2019-07-05 16:45:00-05,0.384,1.872,6308,2019-07-05 16:45:00
1111365,1111365,5679,2019-07-05 17:00:00-05,0.283,1.952,6309,2019-07-05 17:00:00
1111366,1111366,5679,2019-07-05 17:15:00-05,0.186,2.191,6310,2019-07-05 17:15:00
1111367,1111367,5679,2019-07-05 17:30:00-05,0.084,2.241,6311,2019-07-05 17:30:00
1111368,1111368,5679,2019-07-05 17:45:00-05,0.069,2.905,6312,2019-07-05 17:45:00
1111369,1111369,5679,2019-07-05 18:00:00-05,0.054,1.948,6313,2019-07-05 18:00:00
1111370,1111370,5679,2019-07-05 18:15:00-05,0.054,1.691,6314,2019-07-05 18:15:00
1111371,1111371,5679,2019-07-05 18:30:00-05,0.072,0.951,6315,2019-07-05 18:30:00
1111372,1111372,5679,2019-07-05 18:45:00-05,0.083,0.974,6316,2019-07-05 18:45:00
1111373,1111373,5679,2019-07-05 19:00:00-05,0.071,1.1,6317,2019-07-05 19:00:00
1111374,1111374,5679,2019-07-05 19:15:00-05,0.04,1.359,6318,2019-07-05 19:15:00
1111375,1111375,5679,2019-07-05 19:30:00-05,0.013,1.17,6319,2019-07-05 19:30:00
1111376,1111376,5679,2019-07-05 19:45:00-05,0.004,1.293,6320,2019-07-05 19:45:00
1111377,1111377,5679,2019-07-05 20:00:00-05,0.004,1.232,6321,2019-07-05 20:00:00
1111378,1111378,5679,2019-07-05 20:15:00-05,0.004,1.209,6322,2019-07-05 20:15:00
1111379,1111379,5679,2019-07-05 20:30:00-05,0.004,1.366,6323,2019-07-05 20:30:00
1111380,1111380,5679,2019-07-05 20:45:00-05,0.004,1.072,6324,2019-07-05 20:45:00
1111381,1111381,5679,2019-07-05 21:00:00-05,0.004,0.988,6325,2019-07-05 21:00:00
1111382,1111382,5679,2019-07-05 21:15:00-05,0.005,0.668,6326,2019-07-05 21:15:00
1111383,1111383,5679,2019-07-05 21:30:00-05,0.004,0.926,6327,2019-07-05 21:30:00
1111384,1111384,5679,2019-07-05 21:45:00-05,0.004,0.853,6328,2019-07-05 21:45:00
1111385,1111385,5679,2019-07-05 22:00:00-05,0.005,0.628,6329,2019-07-05 22:00:00
1111386,1111386,5679,2019-07-05 22:15:00-05,0.005,0.774,6330,2019-07-05 22:15:00
1111387,1111387,5679,2019-07-05 22:30:00-05,0.005,0.497,6331,2019-07-05 22:30:00
1111388,1111388,5679,2019-07-05 22:45:00-05,0.005,0.656,6332,2019-07-05 22:45:00
1111389,1111389,5679,2019-07-05 23:00:00-05,0.005,0.6,6333,2019-07-05 23:00:00
1111390,1111390,5679,2019-07-05 23:15:00-05,0.005,0.466,6334,2019-07-05 23:15:00
1111391,1111391,5679,2019-07-05 23:30:00-05,0.005,0.674,6335,2019-07-05 23:30:00
1111392,1111392,5679,2019-07-05 23:45:00-05,0.005,0.547,6336,2019-07-05 23:45:00
1111393,1111393,5679,2019-07-06 00:00:00-05,0.005,0.25,6337,2019-07-06 00:00:00
1111394,1111394,5679,2019-07-06 00:15:00-05,0.005,0.469,6338,2019-07-06 00:15:00
1111395,1111395,5679,2019-07-06 00:30:00-05,0.005,0.243,6339,2019-07-06 00:30:00
1111396,1111396,5679,2019-07-06 00:45:00-05,0.005,0.488,6340,2019-07-06 00:45:00
1111397,1111397,5679,2019-07-06 01:00:00-05,0.005,0.25,6341,2019-07-06 01:00:00
1111398,1111398,5679,2019-07-06 01:15:00-05,0.005,0.529,6342,2019-07-06 01:15:00
1111399,1111399,5679,2019-07-06 01:30:00-05,0.005,0.342,6343,2019-07-06 01:30:00
1111400,1111400,5679,2019-07-06 01:45:00-05,0.005,0.333,6344,2019-07-06 01:45:00
1111401,1111401,5679,2019-07-06 02:00:00-05,0.005,0.353,6345,2019-07-06 02:00:00
1111402,1111402,5679,2019-07-06 02:15:00-05,0.005,0.539,6346,2019-07-06 02:15:00
1111403,1111403,5679,2019-07-06 02:30:00-05,0.005,0.325,6347,2019-07-06 02:30:00
1111404,1111404,5679,2019-07-06 02:45:00-05,0.005,0.25,6348,2019-07-06 02:45:00
1111405,1111405,5679,2019-07-06 03:00:00-05,0.005,0.479,6349,2019-07-06 03:00:00
1111406,1111406,5679,2019-07-06 03:15:00-05,0.006,0.225,6350,2019-07-06 03:15:00
1111407,1111407,5679,2019-07-06 03:30:00-05,0.005,1.081,6351,2019-07-06 03:30:00
1111408,1111408,5679,2019-07-06 03:45:00-05,0.005,0.741,6352,2019-07-06 03:45:00
1111409,1111409,5679,2019-07-06 04:00:00-05,0.005,0.836,6353,2019-07-06 04:00:00
1111410,1111410,5679,2019-07-06 04:15:00-05,0.004,1.341,6354,2019-07-06 04:15:00
1111411,1111411,5679,2019-07-06 04:30:00-05,0.004,1.853,6355,2019-07-06 04:30:00
1111412,1111412,5679,2019-07-06 04:45:00-05,0.007,1.706,6356,2019-07-06 04:45:00
1111413,1111413,5679,2019-07-06 05:00:00-05,0.023,1.955,6357,2019-07-06 05:00:00
1111414,1111414,5679,2019-07-06 05:15:00-05,0.068,1.181,6358,2019-07-06 05:15:00
1111415,1111415,5679,2019-07-06 05:30:00-05,0.12,1.01,6359,2019-07-06 05:30:00
1111416,1111416,5679,2019-07-06 05:45:00-05,0.173,0.72,6360,2019-07-06 05:45:00
1111417,1111417,5679,2019-07-06 06:00:00-05,0.247,0.704,6361,2019-07-06 06:00:00
1111418,1111418,5679,2019-07-06 06:15:00-05,0.315,0.875,6362,2019-07-06 06:15:00
1111419,1111419,5679,2019-07-06 06:30:00-05,0.342,0.742,6363,2019-07-06 06:30:00
1111420,1111420,5679,2019-07-06 06:45:00-05,0.41,0.553,6364,2019-07-06 06:45:00
1111421,1111421,5679,2019-07-06 07:00:00-05,0.549,0.554,6365,2019-07-06 07:00:00
1111422,1111422,5679,2019-07-06 07:15:00-05,0.606,0.637,6366,2019-07-06 07:15:00
1111423,1111423,5679,2019-07-06 07:30:00-05,0.716,0.674,6367,2019-07-06 07:30:00
1111424,1111424,5679,2019-07-06 07:45:00-05,1.194,0.107,6368,2019-07-06 07:45:00
1111425,1111425,5679,2019-07-06 08:00:00-05,0.996,0.166,6369,2019-07-06 08:00:00
1111426,1111426,5679,2019-07-06 08:15:00-05,1.852,-1.083,6370,2019-07-06 08:15:00
1111427,1111427,5679,2019-07-06 08:30:00-05,2.106,-1.248,6371,2019-07-06 08:30:00
1111428,1111428,5679,2019-07-06 08:45:00-05,1.964,-0.869,6372,2019-07-06 08:45:00
1111429,1111429,5679,2019-07-06 09:00:00-05,2.616,-1.484,6373,2019-07-06 09:00:00
1111430,1111430,5679,2019-07-06 09:15:00-05,1.725,-0.571,6374,2019-07-06 09:15:00
1111431,1111431,5679,2019-07-06 09:30:00-05,2.272,-1.089,6375,2019-07-06 09:30:00
1111432,1111432,5679,2019-07-06 09:45:00-05,2.417,-1.24,6376,2019-07-06 09:45:00
1111433,1111433,5679,2019-07-06 10:00:00-05,2.105,-0.855,6377,2019-07-06 10:00:00
1111434,1111434,5679,2019-07-06 10:15:00-05,3.476,-2.145,6378,2019-07-06 10:15:00
1111435,1111435,5679,2019-07-06 10:30:00-05,3.597,-2.156,6379,2019-07-06 10:30:00
1111436,1111436,5679,2019-07-06 10:45:00-05,3.593,-2.122,6380,2019-07-06 10:45:00
1111437,1111437,5679,2019-07-06 11:00:00-05,1.724,-0.249,6381,2019-07-06 11:00:00
1111438,1111438,5679,2019-07-06 11:15:00-05,1.288,0.395,6382,2019-07-06 11:15:00
1111439,1111439,5679,2019-07-06 11:30:00-05,3.193,-1.947,6383,2019-07-06 11:30:00
1111440,1111440,5679,2019-07-06 11:45:00-05,3.744,-2.339,6384,2019-07-06 11:45:00
1111441,1111441,5679,2019-07-06 12:00:00-05,3.76,-2.128,6385,2019-07-06 12:00:00
1111442,1111442,5679,2019-07-06 12:15:00-05,0.983,0.657,6386,2019-07-06 12:15:00
1111443,1111443,5679,2019-07-06 12:30:00-05,0.138,1.303,6387,2019-07-06 12:30:00
1111444,1111444,5679,2019-07-06 12:45:00-05,0.035,0.89,6388,2019-07-06 12:45:00
1111445,1111445,5679,2019-07-06 13:00:00-05,0.036,4.101,6389,2019-07-06 13:00:00
1111446,1111446,5679,2019-07-06 13:15:00-05,0.028,7.811,6390,2019-07-06 13:15:00
1111447,1111447,5679,2019-07-06 13:30:00-05,0.009,8.012,6391,2019-07-06 13:30:00
1111448,1111448,5679,2019-07-06 13:45:00-05,0.027,5.399,6392,2019-07-06 13:45:00
1111449,1111449,5679,2019-07-06 14:00:00-05,0.105,0.88,6393,2019-07-06 14:00:00
1111450,1111450,5679,2019-07-06 14:15:00-05,0.206,1.147,6394,2019-07-06 14:15:00
1111451,1111451,5679,2019-07-06 14:30:00-05,0.254,0.25,6395,2019-07-06 14:30:00
1111452,1111452,5679,2019-07-06 14:45:00-05,0.313,0.052,6396,2019-07-06 14:45:00
1111453,1111453,5679,2019-07-06 15:00:00-05,0.322,0.103,6397,2019-07-06 15:00:00
1111454,1111454,5679,2019-07-06 15:15:00-05,0.358,0.522,6398,2019-07-06 15:15:00
1111455,1111455,5679,2019-07-06 15:30:00-05,0.422,0.857,6399,2019-07-06 15:30:00
1111456,1111456,5679,2019-07-06 15:45:00-05,0.874,0.67,6400,2019-07-06 15:45:00
1111457,1111457,5679,2019-07-06 16:00:00-05,0.591,1.106,6401,2019-07-06 16:00:00
1111458,1111458,5679,2019-07-06 16:15:00-05,0.579,0.884,6402,2019-07-06 16:15:00
1111459,1111459,5679,2019-07-06 16:30:00-05,0.448,0.221,6403,2019-07-06 16:30:00
1111460,1111460,5679,2019-07-06 16:45:00-05,0.413,0.254,6404,2019-07-06 16:45:00
1111461,1111461,5679,2019-07-06 17:00:00-05,0.512,0.072,6405,2019-07-06 17:00:00
1111462,1111462,5679,2019-07-06 17:15:00-05,0.467,0.06,6406,2019-07-06 17:15:00
1111463,1111463,5679,2019-07-06 17:30:00-05,0.336,0.186,6407,2019-07-06 17:30:00
1111464,1111464,5679,2019-07-06 17:45:00-05,0.366,0.121,6408,2019-07-06 17:45:00
1111465,1111465,5679,2019-07-06 18:00:00-05,0.261,0.262,6409,2019-07-06 18:00:00
1111466,1111466,5679,2019-07-06 18:15:00-05,0.261,0.269,6410,2019-07-06 18:15:00
1111467,1111467,5679,2019-07-06 18:30:00-05,0.211,0.427,6411,2019-07-06 18:30:00
1111468,1111468,5679,2019-07-06 18:45:00-05,0.177,0.439,6412,2019-07-06 18:45:00
1111469,1111469,5679,2019-07-06 19:00:00-05,0.134,0.466,6413,2019-07-06 19:00:00
1111470,1111470,5679,2019-07-06 19:15:00-05,0.084,0.541,6414,2019-07-06 19:15:00
1111471,1111471,5679,2019-07-06 19:30:00-05,0.031,0.594,6415,2019-07-06 19:30:00
1111472,1111472,5679,2019-07-06 19:45:00-05,0.006,0.525,6416,2019-07-06 19:45:00
1111473,1111473,5679,2019-07-06 20:00:00-05,0.005,0.508,6417,2019-07-06 20:00:00
1111474,1111474,5679,2019-07-06 20:15:00-05,0.005,0.482,6418,2019-07-06 20:15:00
1111475,1111475,5679,2019-07-06 20:30:00-05,0.005,0.494,6419,2019-07-06 20:30:00
1111476,1111476,5679,2019-07-06 20:45:00-05,0.001,5.762,6420,2019-07-06 20:45:00
1111477,1111477,5679,2019-07-06 21:00:00-05,-0.002,9.519,6421,2019-07-06 21:00:00
1111478,1111478,5679,2019-07-06 21:15:00-05,-0.003,8.659,6422,2019-07-06 21:15:00
1111479,1111479,5679,2019-07-06 21:30:00-05,-0.002,7.434,6423,2019-07-06 21:30:00
1111480,1111480,5679,2019-07-06 21:45:00-05,0.0,5.374,6424,2019-07-06 21:45:00
1111481,1111481,5679,2019-07-06 22:00:00-05,0.005,0.582,6425,2019-07-06 22:00:00
1111482,1111482,5679,2019-07-06 22:15:00-05,0.005,0.438,6426,2019-07-06 22:15:00
1111483,1111483,5679,2019-07-06 22:30:00-05,0.005,0.362,6427,2019-07-06 22:30:00
1111484,1111484,5679,2019-07-06 22:45:00-05,0.006,0.328,6428,2019-07-06 22:45:00
1111485,1111485,5679,2019-07-06 23:00:00-05,0.006,0.308,6429,2019-07-06 23:00:00
1111486,1111486,5679,2019-07-06 23:15:00-05,0.006,0.335,6430,2019-07-06 23:15:00
1111487,1111487,5679,2019-07-06 23:30:00-05,0.006,0.326,6431,2019-07-06 23:30:00
1111488,1111488,5679,2019-07-06 23:45:00-05,0.005,0.414,6432,2019-07-06 23:45:00
1111489,1111489,5679,2019-07-07 00:00:00-05,0.005,0.426,6433,2019-07-07 00:00:00
1111490,1111490,5679,2019-07-07 00:15:00-05,0.005,0.406,6434,2019-07-07 00:15:00
1111491,1111491,5679,2019-07-07 00:30:00-05,0.006,0.436,6435,2019-07-07 00:30:00
1111492,1111492,5679,2019-07-07 00:45:00-05,0.006,0.435,6436,2019-07-07 00:45:00
1111493,1111493,5679,2019-07-07 01:00:00-05,0.006,0.326,6437,2019-07-07 01:00:00
1111494,1111494,5679,2019-07-07 01:15:00-05,0.006,0.32,6438,2019-07-07 01:15:00
1111495,1111495,5679,2019-07-07 01:30:00-05,0.006,0.301,6439,2019-07-07 01:30:00
1111496,1111496,5679,2019-07-07 01:45:00-05,0.006,0.332,6440,2019-07-07 01:45:00
1111497,1111497,5679,2019-07-07 02:00:00-05,0.006,0.323,6441,2019-07-07 02:00:00
1111498,1111498,5679,2019-07-07 02:15:00-05,0.006,0.381,6442,2019-07-07 02:15:00
1111499,1111499,5679,2019-07-07 02:30:00-05,0.006,0.436,6443,2019-07-07 02:30:00
1111500,1111500,5679,2019-07-07 02:45:00-05,0.006,0.419,6444,2019-07-07 02:45:00
1111501,1111501,5679,2019-07-07 03:00:00-05,0.006,0.414,6445,2019-07-07 03:00:00
1111502,1111502,5679,2019-07-07 03:15:00-05,0.006,0.437,6446,2019-07-07 03:15:00
1111503,1111503,5679,2019-07-07 03:30:00-05,0.006,0.363,6447,2019-07-07 03:30:00
1111504,1111504,5679,2019-07-07 03:45:00-05,0.006,0.326,6448,2019-07-07 03:45:00
1111505,1111505,5679,2019-07-07 04:00:00-05,0.005,0.791,6449,2019-07-07 04:00:00
1111506,1111506,5679,2019-07-07 04:15:00-05,0.006,0.313,6450,2019-07-07 04:15:00
1111507,1111507,5679,2019-07-07 04:30:00-05,0.012,0.336,6451,2019-07-07 04:30:00
1111508,1111508,5679,2019-07-07 04:45:00-05,0.047,0.318,6452,2019-07-07 04:45:00
1111509,1111509,5679,2019-07-07 05:00:00-05,0.079,0.451,6453,2019-07-07 05:00:00
1111510,1111510,5679,2019-07-07 05:15:00-05,0.105,0.467,6454,2019-07-07 05:15:00
1111511,1111511,5679,2019-07-07 05:30:00-05,0.153,0.953,6455,2019-07-07 05:30:00
1111512,1111512,5679,2019-07-07 05:45:00-05,0.175,0.401,6456,2019-07-07 05:45:00
1111513,1111513,5679,2019-07-07 06:00:00-05,0.225,0.5,6457,2019-07-07 06:00:00
1111514,1111514,5679,2019-07-07 06:15:00-05,0.271,0.284,6458,2019-07-07 06:15:00
1111515,1111515,5679,2019-07-07 06:30:00-05,0.33,0.519,6459,2019-07-07 06:30:00
1111516,1111516,5679,2019-07-07 06:45:00-05,0.429,0.017,6460,2019-07-07 06:45:00
1111517,1111517,5679,2019-07-07 07:00:00-05,0.727,-0.091,6461,2019-07-07 07:00:00
1111518,1111518,5679,2019-07-07 07:15:00-05,0.942,-0.447,6462,2019-07-07 07:15:00
1111519,1111519,5679,2019-07-07 07:30:00-05,0.767,-0.302,6463,2019-07-07 07:30:00
1111520,1111520,5679,2019-07-07 07:45:00-05,0.958,-0.072,6464,2019-07-07 07:45:00
1111521,1111521,5679,2019-07-07 08:00:00-05,0.929,-0.234,6465,2019-07-07 08:00:00
1111522,1111522,5679,2019-07-07 08:15:00-05,0.95,-0.098,6466,2019-07-07 08:15:00
1111523,1111523,5679,2019-07-07 08:30:00-05,0.926,-0.425,6467,2019-07-07 08:30:00
1111524,1111524,5679,2019-07-07 08:45:00-05,0.831,-0.388,6468,2019-07-07 08:45:00
1111525,1111525,5679,2019-07-07 09:00:00-05,1.131,-0.688,6469,2019-07-07 09:00:00
1111526,1111526,5679,2019-07-07 09:15:00-05,1.493,-1.049,6470,2019-07-07 09:15:00
1111527,1111527,5679,2019-07-07 09:30:00-05,1.695,-1.28,6471,2019-07-07 09:30:00
1111528,1111528,5679,2019-07-07 09:45:00-05,2.853,-2.488,6472,2019-07-07 09:45:00
1111529,1111529,5679,2019-07-07 10:00:00-05,2.034,-1.72,6473,2019-07-07 10:00:00
1111530,1111530,5679,2019-07-07 10:15:00-05,1.826,-1.288,6474,2019-07-07 10:15:00
1111531,1111531,5679,2019-07-07 10:30:00-05,1.818,-1.075,6475,2019-07-07 10:30:00
1111532,1111532,5679,2019-07-07 10:45:00-05,3.989,-3.512,6476,2019-07-07 10:45:00
1111533,1111533,5679,2019-07-07 11:00:00-05,4.272,-3.169,6477,2019-07-07 11:00:00
1111534,1111534,5679,2019-07-07 11:15:00-05,4.506,-3.304,6478,2019-07-07 11:15:00
1111535,1111535,5679,2019-07-07 11:30:00-05,3.882,-2.745,6479,2019-07-07 11:30:00
1111536,1111536,5679,2019-07-07 11:45:00-05,2.924,-1.848,6480,2019-07-07 11:45:00
1111537,1111537,5679,2019-07-07 12:00:00-05,3.892,-1.526,6481,2019-07-07 12:00:00
1111538,1111538,5679,2019-07-07 12:15:00-05,2.764,-2.177,6482,2019-07-07 12:15:00
1111539,1111539,5679,2019-07-07 12:30:00-05,3.526,-2.906,6483,2019-07-07 12:30:00
1111540,1111540,5679,2019-07-07 12:45:00-05,3.582,-2.549,6484,2019-07-07 12:45:00
1111541,1111541,5679,2019-07-07 13:00:00-05,3.446,-2.323,6485,2019-07-07 13:00:00
1111542,1111542,5679,2019-07-07 13:15:00-05,3.625,-2.471,6486,2019-07-07 13:15:00
1111543,1111543,5679,2019-07-07 13:30:00-05,3.291,-2.054,6487,2019-07-07 13:30:00
1111544,1111544,5679,2019-07-07 13:45:00-05,3.116,-2.055,6488,2019-07-07 13:45:00
1111545,1111545,5679,2019-07-07 14:00:00-05,2.837,-1.677,6489,2019-07-07 14:00:00
1111546,1111546,5679,2019-07-07 14:15:00-05,2.416,-0.387,6490,2019-07-07 14:15:00
1111547,1111547,5679,2019-07-07 14:30:00-05,2.063,0.048,6491,2019-07-07 14:30:00
1111548,1111548,5679,2019-07-07 14:45:00-05,1.693,0.788,6492,2019-07-07 14:45:00
1111549,1111549,5679,2019-07-07 15:00:00-05,1.4,0.664,6493,2019-07-07 15:00:00
1111550,1111550,5679,2019-07-07 15:15:00-05,1.208,-0.136,6494,2019-07-07 15:15:00
1111551,1111551,5679,2019-07-07 15:30:00-05,1.218,0.3,6495,2019-07-07 15:30:00
1111552,1111552,5679,2019-07-07 15:45:00-05,0.526,1.075,6496,2019-07-07 15:45:00
1111553,1111553,5679,2019-07-07 16:00:00-05,0.434,1.16,6497,2019-07-07 16:00:00
1111554,1111554,5679,2019-07-07 16:15:00-05,0.342,0.283,6498,2019-07-07 16:15:00
1111555,1111555,5679,2019-07-07 16:30:00-05,0.312,0.015,6499,2019-07-07 16:30:00
1111556,1111556,5679,2019-07-07 16:45:00-05,0.296,0.0,6500,2019-07-07 16:45:00
1111557,1111557,5679,2019-07-07 17:00:00-05,0.283,0.083,6501,2019-07-07 17:00:00
1111558,1111558,5679,2019-07-07 17:15:00-05,0.27,0.138,6502,2019-07-07 17:15:00
1111559,1111559,5679,2019-07-07 17:30:00-05,0.266,0.128,6503,2019-07-07 17:30:00
1111560,1111560,5679,2019-07-07 17:45:00-05,0.28,0.098,6504,2019-07-07 17:45:00
1111561,1111561,5679,2019-07-07 18:00:00-05,0.228,0.175,6505,2019-07-07 18:00:00
1111562,1111562,5679,2019-07-07 18:15:00-05,0.214,0.151,6506,2019-07-07 18:15:00
1111563,1111563,5679,2019-07-07 18:30:00-05,0.251,0.055,6507,2019-07-07 18:30:00
1111564,1111564,5679,2019-07-07 18:45:00-05,0.191,0.104,6508,2019-07-07 18:45:00
1111565,1111565,5679,2019-07-07 19:00:00-05,0.119,0.158,6509,2019-07-07 19:00:00
1111566,1111566,5679,2019-07-07 19:15:00-05,0.063,0.276,6510,2019-07-07 19:15:00
1111567,1111567,5679,2019-07-07 19:30:00-05,0.019,0.989,6511,2019-07-07 19:30:00
1111568,1111568,5679,2019-07-07 19:45:00-05,0.005,0.613,6512,2019-07-07 19:45:00
1111569,1111569,5679,2019-07-07 20:00:00-05,0.005,0.647,6513,2019-07-07 20:00:00
1111570,1111570,5679,2019-07-07 20:15:00-05,0.005,0.678,6514,2019-07-07 20:15:00
1111571,1111571,5679,2019-07-07 20:30:00-05,0.005,0.73,6515,2019-07-07 20:30:00
1111572,1111572,5679,2019-07-07 20:45:00-05,0.005,0.598,6516,2019-07-07 20:45:00
1111573,1111573,5679,2019-07-07 21:00:00-05,0.006,0.486,6517,2019-07-07 21:00:00
1111574,1111574,5679,2019-07-07 21:15:00-05,0.005,0.506,6518,2019-07-07 21:15:00
1111575,1111575,5679,2019-07-07 21:30:00-05,0.006,0.381,6519,2019-07-07 21:30:00
1111576,1111576,5679,2019-07-07 21:45:00-05,0.006,0.38,6520,2019-07-07 21:45:00
1111577,1111577,5679,2019-07-07 22:00:00-05,0.006,0.391,6521,2019-07-07 22:00:00
1111578,1111578,5679,2019-07-07 22:15:00-05,0.006,0.455,6522,2019-07-07 22:15:00
1111579,1111579,5679,2019-07-07 22:30:00-05,0.006,0.504,6523,2019-07-07 22:30:00
1111580,1111580,5679,2019-07-07 22:45:00-05,0.006,0.502,6524,2019-07-07 22:45:00
1111581,1111581,5679,2019-07-07 23:00:00-05,0.006,0.481,6525,2019-07-07 23:00:00
1111582,1111582,5679,2019-07-07 23:15:00-05,0.006,0.478,6526,2019-07-07 23:15:00
1111583,1111583,5679,2019-07-07 23:30:00-05,0.006,0.423,6527,2019-07-07 23:30:00
1111584,1111584,5679,2019-07-07 23:45:00-05,0.006,0.352,6528,2019-07-07 23:45:00
1111585,1111585,5679,2019-07-08 00:00:00-05,0.006,0.394,6529,2019-07-08 00:00:00
1111586,1111586,5679,2019-07-08 00:15:00-05,0.006,0.311,6530,2019-07-08 00:15:00
1111587,1111587,5679,2019-07-08 00:30:00-05,0.006,0.27,6531,2019-07-08 00:30:00
1111588,1111588,5679,2019-07-08 00:45:00-05,0.006,0.292,6532,2019-07-08 00:45:00
1111589,1111589,5679,2019-07-08 01:00:00-05,0.006,0.39,6533,2019-07-08 01:00:00
1111590,1111590,5679,2019-07-08 01:15:00-05,0.006,0.385,6534,2019-07-08 01:15:00
1111591,1111591,5679,2019-07-08 01:30:00-05,0.006,0.36,6535,2019-07-08 01:30:00
1111592,1111592,5679,2019-07-08 01:45:00-05,0.006,0.397,6536,2019-07-08 01:45:00
1111593,1111593,5679,2019-07-08 02:00:00-05,0.006,0.394,6537,2019-07-08 02:00:00
1111594,1111594,5679,2019-07-08 02:15:00-05,0.006,0.279,6538,2019-07-08 02:15:00
1111595,1111595,5679,2019-07-08 02:30:00-05,0.006,0.206,6539,2019-07-08 02:30:00
1111596,1111596,5679,2019-07-08 02:45:00-05,0.006,0.175,6540,2019-07-08 02:45:00
1111597,1111597,5679,2019-07-08 03:00:00-05,0.006,0.207,6541,2019-07-08 03:00:00
1111598,1111598,5679,2019-07-08 03:15:00-05,0.006,0.207,6542,2019-07-08 03:15:00
1111599,1111599,5679,2019-07-08 03:30:00-05,0.006,0.246,6543,2019-07-08 03:30:00
1111600,1111600,5679,2019-07-08 03:45:00-05,0.006,0.319,6544,2019-07-08 03:45:00
1111601,1111601,5679,2019-07-08 04:00:00-05,0.006,0.3,6545,2019-07-08 04:00:00
1111602,1111602,5679,2019-07-08 04:15:00-05,0.006,0.297,6546,2019-07-08 04:15:00
1111603,1111603,5679,2019-07-08 04:30:00-05,0.007,0.316,6547,2019-07-08 04:30:00
1111604,1111604,5679,2019-07-08 04:45:00-05,0.018,0.491,6548,2019-07-08 04:45:00
1111605,1111605,5679,2019-07-08 05:00:00-05,0.04,0.481,6549,2019-07-08 05:00:00
1111606,1111606,5679,2019-07-08 05:15:00-05,0.065,0.46,6550,2019-07-08 05:15:00
1111607,1111607,5679,2019-07-08 05:30:00-05,0.09,0.865,6551,2019-07-08 05:30:00
1111608,1111608,5679,2019-07-08 05:45:00-05,0.123,0.517,6552,2019-07-08 05:45:00
1111609,1111609,5679,2019-07-08 06:00:00-05,0.166,2.269,6553,2019-07-08 06:00:00
1111610,1111610,5679,2019-07-08 06:15:00-05,0.246,5.187,6554,2019-07-08 06:15:00
1111611,1111611,5679,2019-07-08 06:30:00-05,0.366,3.354,6555,2019-07-08 06:30:00
1111612,1111612,5679,2019-07-08 06:45:00-05,0.504,1.527,6556,2019-07-08 06:45:00
1111613,1111613,5679,2019-07-08 07:00:00-05,0.585,1.528,6557,2019-07-08 07:00:00
1111614,1111614,5679,2019-07-08 07:15:00-05,0.631,4.48,6558,2019-07-08 07:15:00
1111615,1111615,5679,2019-07-08 07:30:00-05,0.698,3.438,6559,2019-07-08 07:30:00
1111616,1111616,5679,2019-07-08 07:45:00-05,1.16,1.188,6560,2019-07-08 07:45:00
1111617,1111617,5679,2019-07-08 08:00:00-05,1.612,-0.944,6561,2019-07-08 08:00:00
1111618,1111618,5679,2019-07-08 08:15:00-05,1.866,1.504,6562,2019-07-08 08:15:00
1111619,1111619,5679,2019-07-08 08:30:00-05,2.199,2.9,6563,2019-07-08 08:30:00
1111620,1111620,5679,2019-07-08 08:45:00-05,2.545,1.962,6564,2019-07-08 08:45:00
1111621,1111621,5679,2019-07-08 09:00:00-05,2.847,0.675,6565,2019-07-08 09:00:00
1111622,1111622,5679,2019-07-08 09:15:00-05,3.067,-1.433,6566,2019-07-08 09:15:00
1111623,1111623,5679,2019-07-08 09:30:00-05,3.24,-0.693,6567,2019-07-08 09:30:00
1111624,1111624,5679,2019-07-08 09:45:00-05,3.433,1.654,6568,2019-07-08 09:45:00
1111625,1111625,5679,2019-07-08 10:00:00-05,3.561,1.899,6569,2019-07-08 10:00:00
1111626,1111626,5679,2019-07-08 10:15:00-05,3.701,0.162,6570,2019-07-08 10:15:00
1111627,1111627,5679,2019-07-08 10:30:00-05,3.724,-1.831,6571,2019-07-08 10:30:00
1111628,1111628,5679,2019-07-08 10:45:00-05,3.84,0.272,6572,2019-07-08 10:45:00
1111629,1111629,5679,2019-07-08 11:00:00-05,3.991,2.03,6573,2019-07-08 11:00:00
1111630,1111630,5679,2019-07-08 11:15:00-05,4.081,0.058,6574,2019-07-08 11:15:00
1111631,1111631,5679,2019-07-08 11:30:00-05,4.0,-1.625,6575,2019-07-08 11:30:00
1111632,1111632,5679,2019-07-08 11:45:00-05,4.158,-2.172,6576,2019-07-08 11:45:00
1111633,1111633,5679,2019-07-08 12:00:00-05,4.164,0.465,6577,2019-07-08 12:00:00
1111634,1111634,5679,2019-07-08 12:15:00-05,4.119,1.314,6578,2019-07-08 12:15:00
1111635,1111635,5679,2019-07-08 12:30:00-05,3.957,0.706,6579,2019-07-08 12:30:00
1111636,1111636,5679,2019-07-08 12:45:00-05,3.853,-0.875,6580,2019-07-08 12:45:00
1111637,1111637,5679,2019-07-08 13:00:00-05,3.795,0.22,6581,2019-07-08 13:00:00
1111638,1111638,5679,2019-07-08 13:15:00-05,3.587,-1.447,6582,2019-07-08 13:15:00
1111639,1111639,5679,2019-07-08 13:30:00-05,3.273,-0.706,6583,2019-07-08 13:30:00
1111640,1111640,5679,2019-07-08 13:45:00-05,2.953,-2.63,6584,2019-07-08 13:45:00
1111641,1111641,5679,2019-07-08 14:00:00-05,2.694,-2.328,6585,2019-07-08 14:00:00
1111642,1111642,5679,2019-07-08 14:15:00-05,2.384,-1.974,6586,2019-07-08 14:15:00
1111643,1111643,5679,2019-07-08 14:30:00-05,2.097,-1.239,6587,2019-07-08 14:30:00
1111644,1111644,5679,2019-07-08 14:45:00-05,1.833,-0.803,6588,2019-07-08 14:45:00
1111645,1111645,5679,2019-07-08 15:00:00-05,1.586,-0.705,6589,2019-07-08 15:00:00
1111646,1111646,5679,2019-07-08 15:15:00-05,1.294,0.871,6590,2019-07-08 15:15:00
1111647,1111647,5679,2019-07-08 15:30:00-05,1.062,1.051,6591,2019-07-08 15:30:00
1111648,1111648,5679,2019-07-08 15:45:00-05,0.888,1.04,6592,2019-07-08 15:45:00
1111649,1111649,5679,2019-07-08 16:00:00-05,0.814,1.226,6593,2019-07-08 16:00:00
1111650,1111650,5679,2019-07-08 16:15:00-05,0.731,1.237,6594,2019-07-08 16:15:00
1111651,1111651,5679,2019-07-08 16:30:00-05,0.64,1.349,6595,2019-07-08 16:30:00
1111652,1111652,5679,2019-07-08 16:45:00-05,0.608,-0.206,6596,2019-07-08 16:45:00
1111653,1111653,5679,2019-07-08 17:00:00-05,0.566,1.025,6597,2019-07-08 17:00:00
1111654,1111654,5679,2019-07-08 17:15:00-05,0.492,1.353,6598,2019-07-08 17:15:00
1111655,1111655,5679,2019-07-08 17:30:00-05,0.45,0.202,6599,2019-07-08 17:30:00
1111656,1111656,5679,2019-07-08 17:45:00-05,0.416,-0.05,6600,2019-07-08 17:45:00
1111657,1111657,5679,2019-07-08 18:00:00-05,0.358,0.059,6601,2019-07-08 18:00:00
1111658,1111658,5679,2019-07-08 18:15:00-05,0.273,0.287,6602,2019-07-08 18:15:00
1111659,1111659,5679,2019-07-08 18:30:00-05,0.214,0.335,6603,2019-07-08 18:30:00
1111660,1111660,5679,2019-07-08 18:45:00-05,0.154,0.426,6604,2019-07-08 18:45:00
1111661,1111661,5679,2019-07-08 19:00:00-05,0.095,0.752,6605,2019-07-08 19:00:00
1111662,1111662,5679,2019-07-08 19:15:00-05,0.048,0.435,6606,2019-07-08 19:15:00
1111663,1111663,5679,2019-07-08 19:30:00-05,0.014,0.479,6607,2019-07-08 19:30:00
1111664,1111664,5679,2019-07-08 19:45:00-05,0.005,0.431,6608,2019-07-08 19:45:00
1111665,1111665,5679,2019-07-08 20:00:00-05,0.005,0.561,6609,2019-07-08 20:00:00
1111666,1111666,5679,2019-07-08 20:15:00-05,0.005,0.509,6610,2019-07-08 20:15:00
1111667,1111667,5679,2019-07-08 20:30:00-05,0.005,0.427,6611,2019-07-08 20:30:00
1111668,1111668,5679,2019-07-08 20:45:00-05,0.005,0.449,6612,2019-07-08 20:45:00
1111669,1111669,5679,2019-07-08 21:00:00-05,0.005,0.553,6613,2019-07-08 21:00:00
1111670,1111670,5679,2019-07-08 21:15:00-05,0.005,0.578,6614,2019-07-08 21:15:00
1111671,1111671,5679,2019-07-08 21:30:00-05,0.005,0.558,6615,2019-07-08 21:30:00
1111672,1111672,5679,2019-07-08 21:45:00-05,0.005,0.445,6616,2019-07-08 21:45:00
1111673,1111673,5679,2019-07-08 22:00:00-05,0.006,0.418,6617,2019-07-08 22:00:00
1111674,1111674,5679,2019-07-08 22:15:00-05,0.006,0.335,6618,2019-07-08 22:15:00
1111675,1111675,5679,2019-07-08 22:30:00-05,0.006,0.222,6619,2019-07-08 22:30:00
1111676,1111676,5679,2019-07-08 22:45:00-05,0.006,0.172,6620,2019-07-08 22:45:00
1111677,1111677,5679,2019-07-08 23:00:00-05,0.006,0.216,6621,2019-07-08 23:00:00
1111678,1111678,5679,2019-07-08 23:15:00-05,0.006,0.219,6622,2019-07-08 23:15:00
1111679,1111679,5679,2019-07-08 23:30:00-05,0.006,0.238,6623,2019-07-08 23:30:00
1111680,1111680,5679,2019-07-08 23:45:00-05,0.006,0.302,6624,2019-07-08 23:45:00
1111681,1111681,5679,2019-07-09 00:00:00-05,0.006,0.326,6625,2019-07-09 00:00:00
1111682,1111682,5679,2019-07-09 00:15:00-05,0.006,0.324,6626,2019-07-09 00:15:00
1111683,1111683,5679,2019-07-09 00:30:00-05,0.006,0.292,6627,2019-07-09 00:30:00
1111684,1111684,5679,2019-07-09 00:45:00-05,0.006,0.251,6628,2019-07-09 00:45:00
1111685,1111685,5679,2019-07-09 01:00:00-05,0.006,0.216,6629,2019-07-09 01:00:00
1111686,1111686,5679,2019-07-09 01:15:00-05,0.006,0.207,6630,2019-07-09 01:15:00
1111687,1111687,5679,2019-07-09 01:30:00-05,0.006,0.18,6631,2019-07-09 01:30:00
1111688,1111688,5679,2019-07-09 01:45:00-05,0.006,0.211,6632,2019-07-09 01:45:00
1111689,1111689,5679,2019-07-09 02:00:00-05,0.006,0.23,6633,2019-07-09 02:00:00
1111690,1111690,5679,2019-07-09 02:15:00-05,0.006,0.323,6634,2019-07-09 02:15:00
1111691,1111691,5679,2019-07-09 02:30:00-05,0.006,0.307,6635,2019-07-09 02:30:00
1111692,1111692,5679,2019-07-09 02:45:00-05,0.006,0.296,6636,2019-07-09 02:45:00
1111693,1111693,5679,2019-07-09 03:00:00-05,0.006,0.328,6637,2019-07-09 03:00:00
1111694,1111694,5679,2019-07-09 03:15:00-05,0.006,0.318,6638,2019-07-09 03:15:00
1111695,1111695,5679,2019-07-09 03:30:00-05,0.006,0.201,6639,2019-07-09 03:30:00
1111696,1111696,5679,2019-07-09 03:45:00-05,0.006,0.195,6640,2019-07-09 03:45:00
1111697,1111697,5679,2019-07-09 04:00:00-05,0.006,0.217,6641,2019-07-09 04:00:00
1111698,1111698,5679,2019-07-09 04:15:00-05,0.006,0.215,6642,2019-07-09 04:15:00
1111699,1111699,5679,2019-07-09 04:30:00-05,0.009,0.209,6643,2019-07-09 04:30:00
1111700,1111700,5679,2019-07-09 04:45:00-05,0.036,0.207,6644,2019-07-09 04:45:00
1111701,1111701,5679,2019-07-09 05:00:00-05,0.073,0.247,6645,2019-07-09 05:00:00
1111702,1111702,5679,2019-07-09 05:15:00-05,0.119,0.725,6646,2019-07-09 05:15:00
1111703,1111703,5679,2019-07-09 05:30:00-05,0.173,0.447,6647,2019-07-09 05:30:00
1111704,1111704,5679,2019-07-09 05:45:00-05,0.229,0.331,6648,2019-07-09 05:45:00
1111705,1111705,5679,2019-07-09 06:00:00-05,0.28,0.191,6649,2019-07-09 06:00:00
1111706,1111706,5679,2019-07-09 06:15:00-05,0.324,0.445,6650,2019-07-09 06:15:00
1111707,1111707,5679,2019-07-09 06:30:00-05,0.378,-0.039,6651,2019-07-09 06:30:00
1111708,1111708,5679,2019-07-09 06:45:00-05,0.438,0.304,6652,2019-07-09 06:45:00
1111709,1111709,5679,2019-07-09 07:00:00-05,0.544,0.084,6653,2019-07-09 07:00:00
1111710,1111710,5679,2019-07-09 07:15:00-05,0.682,0.204,6654,2019-07-09 07:15:00
1111711,1111711,5679,2019-07-09 07:30:00-05,0.791,-0.121,6655,2019-07-09 07:30:00
1111712,1111712,5679,2019-07-09 07:45:00-05,1.2,2.024,6656,2019-07-09 07:45:00
1111713,1111713,5679,2019-07-09 08:00:00-05,1.597,2.191,6657,2019-07-09 08:00:00
1111714,1111714,5679,2019-07-09 08:15:00-05,1.853,0.57,6658,2019-07-09 08:15:00
1111715,1111715,5679,2019-07-09 08:30:00-05,2.179,-1.643,6659,2019-07-09 08:30:00
1111716,1111716,5679,2019-07-09 08:45:00-05,2.523,-2.195,6660,2019-07-09 08:45:00
1111717,1111717,5679,2019-07-09 09:00:00-05,2.789,-2.593,6661,2019-07-09 09:00:00
1111718,1111718,5679,2019-07-09 09:15:00-05,3.008,-2.456,6662,2019-07-09 09:15:00
1111719,1111719,5679,2019-07-09 09:30:00-05,3.211,0.478,6663,2019-07-09 09:30:00
1111720,1111720,5679,2019-07-09 09:45:00-05,3.388,-2.689,6664,2019-07-09 09:45:00
1111721,1111721,5679,2019-07-09 10:00:00-05,3.499,-2.905,6665,2019-07-09 10:00:00
1111722,1111722,5679,2019-07-09 10:15:00-05,3.676,-2.668,6666,2019-07-09 10:15:00
1111723,1111723,5679,2019-07-09 10:30:00-05,3.736,-2.518,6667,2019-07-09 10:30:00
1111724,1111724,5679,2019-07-09 10:45:00-05,3.85,-2.766,6668,2019-07-09 10:45:00
1111725,1111725,5679,2019-07-09 11:00:00-05,3.886,-2.769,6669,2019-07-09 11:00:00
1111726,1111726,5679,2019-07-09 11:15:00-05,3.977,-3.223,6670,2019-07-09 11:15:00
1111727,1111727,5679,2019-07-09 11:30:00-05,3.998,-2.071,6671,2019-07-09 11:30:00
1111728,1111728,5679,2019-07-09 11:45:00-05,4.051,0.94,6672,2019-07-09 11:45:00
1111729,1111729,5679,2019-07-09 12:00:00-05,4.096,4.078,6673,2019-07-09 12:00:00
1111730,1111730,5679,2019-07-09 12:15:00-05,4.161,5.066,6674,2019-07-09 12:15:00
1111731,1111731,5679,2019-07-09 12:30:00-05,4.113,5.038,6675,2019-07-09 12:30:00
1111732,1111732,5679,2019-07-09 12:45:00-05,3.91,7.325,6676,2019-07-09 12:45:00
1111733,1111733,5679,2019-07-09 13:00:00-05,3.83,7.005,6677,2019-07-09 13:00:00
1111734,1111734,5679,2019-07-09 13:15:00-05,3.64,3.877,6678,2019-07-09 13:15:00
1111735,1111735,5679,2019-07-09 13:30:00-05,3.379,0.306,6679,2019-07-09 13:30:00
1111736,1111736,5679,2019-07-09 13:45:00-05,3.014,-1.19,6680,2019-07-09 13:45:00
1111737,1111737,5679,2019-07-09 14:00:00-05,2.69,-1.016,6681,2019-07-09 14:00:00
1111738,1111738,5679,2019-07-09 14:15:00-05,2.351,-0.624,6682,2019-07-09 14:15:00
1111739,1111739,5679,2019-07-09 14:30:00-05,2.072,-0.299,6683,2019-07-09 14:30:00
1111740,1111740,5679,2019-07-09 14:45:00-05,1.751,-0.287,6684,2019-07-09 14:45:00
1111741,1111741,5679,2019-07-09 15:00:00-05,1.452,0.128,6685,2019-07-09 15:00:00
1111742,1111742,5679,2019-07-09 15:15:00-05,1.118,0.484,6686,2019-07-09 15:15:00
1111743,1111743,5679,2019-07-09 15:30:00-05,0.868,0.813,6687,2019-07-09 15:30:00
1111744,1111744,5679,2019-07-09 15:45:00-05,0.707,1.029,6688,2019-07-09 15:45:00
1111745,1111745,5679,2019-07-09 16:00:00-05,0.655,0.904,6689,2019-07-09 16:00:00
1111746,1111746,5679,2019-07-09 16:15:00-05,0.6,1.117,6690,2019-07-09 16:15:00
1111747,1111747,5679,2019-07-09 16:30:00-05,0.578,1.073,6691,2019-07-09 16:30:00
1111748,1111748,5679,2019-07-09 16:45:00-05,0.551,0.343,6692,2019-07-09 16:45:00
1111749,1111749,5679,2019-07-09 17:00:00-05,0.531,-0.059,6693,2019-07-09 17:00:00
1111750,1111750,5679,2019-07-09 17:15:00-05,0.496,-0.022,6694,2019-07-09 17:15:00
1111751,1111751,5679,2019-07-09 17:30:00-05,0.441,-0.114,6695,2019-07-09 17:30:00
1111752,1111752,5679,2019-07-09 17:45:00-05,0.399,-0.079,6696,2019-07-09 17:45:00
1111753,1111753,5679,2019-07-09 18:00:00-05,0.381,-0.044,6697,2019-07-09 18:00:00
1111754,1111754,5679,2019-07-09 18:15:00-05,0.293,0.273,6698,2019-07-09 18:15:00
1111755,1111755,5679,2019-07-09 18:30:00-05,0.227,0.007,6699,2019-07-09 18:30:00
1111756,1111756,5679,2019-07-09 18:45:00-05,0.14,0.205,6700,2019-07-09 18:45:00
1111757,1111757,5679,2019-07-09 19:00:00-05,0.085,0.22,6701,2019-07-09 19:00:00
1111758,1111758,5679,2019-07-09 19:15:00-05,0.049,0.286,6702,2019-07-09 19:15:00
1111759,1111759,5679,2019-07-09 19:30:00-05,0.014,0.428,6703,2019-07-09 19:30:00
1111760,1111760,5679,2019-07-09 19:45:00-05,0.005,0.413,6704,2019-07-09 19:45:00
1111761,1111761,5679,2019-07-09 20:00:00-05,0.005,0.589,6705,2019-07-09 20:00:00
1111762,1111762,5679,2019-07-09 20:15:00-05,0.005,0.539,6706,2019-07-09 20:15:00
1111763,1111763,5679,2019-07-09 20:30:00-05,0.005,0.525,6707,2019-07-09 20:30:00
1111764,1111764,5679,2019-07-09 20:45:00-05,0.005,0.567,6708,2019-07-09 20:45:00
1111765,1111765,5679,2019-07-09 21:00:00-05,0.006,0.434,6709,2019-07-09 21:00:00
1111766,1111766,5679,2019-07-09 21:15:00-05,0.006,0.456,6710,2019-07-09 21:15:00
1111767,1111767,5679,2019-07-09 21:30:00-05,0.005,0.451,6711,2019-07-09 21:30:00
1111768,1111768,5679,2019-07-09 21:45:00-05,0.005,0.397,6712,2019-07-09 21:45:00
1111769,1111769,5679,2019-07-09 22:00:00-05,0.006,0.358,6713,2019-07-09 22:00:00
1111770,1111770,5679,2019-07-09 22:15:00-05,0.006,0.434,6714,2019-07-09 22:15:00
1111771,1111771,5679,2019-07-09 22:30:00-05,0.006,0.5,6715,2019-07-09 22:30:00
1111772,1111772,5679,2019-07-09 22:45:00-05,0.005,0.497,6716,2019-07-09 22:45:00
1111773,1111773,5679,2019-07-09 23:00:00-05,0.006,0.413,6717,2019-07-09 23:00:00
1111774,1111774,5679,2019-07-09 23:15:00-05,0.006,0.377,6718,2019-07-09 23:15:00
1111775,1111775,5679,2019-07-09 23:30:00-05,0.006,0.321,6719,2019-07-09 23:30:00
1111776,1111776,5679,2019-07-09 23:45:00-05,0.006,0.283,6720,2019-07-09 23:45:00
1111777,1111777,5679,2019-07-10 00:00:00-05,0.006,0.262,6721,2019-07-10 00:00:00
1111778,1111778,5679,2019-07-10 00:15:00-05,0.006,0.274,6722,2019-07-10 00:15:00
1111779,1111779,5679,2019-07-10 00:30:00-05,0.006,0.243,6723,2019-07-10 00:30:00
1111780,1111780,5679,2019-07-10 00:45:00-05,0.006,0.224,6724,2019-07-10 00:45:00
1111781,1111781,5679,2019-07-10 01:00:00-05,0.006,0.294,6725,2019-07-10 01:00:00
1111782,1111782,5679,2019-07-10 01:15:00-05,0.006,0.334,6726,2019-07-10 01:15:00
1111783,1111783,5679,2019-07-10 01:30:00-05,0.006,0.335,6727,2019-07-10 01:30:00
1111784,1111784,5679,2019-07-10 01:45:00-05,0.006,0.333,6728,2019-07-10 01:45:00
1111785,1111785,5679,2019-07-10 02:00:00-05,0.006,0.281,6729,2019-07-10 02:00:00
1111786,1111786,5679,2019-07-10 02:15:00-05,0.006,0.228,6730,2019-07-10 02:15:00
1111787,1111787,5679,2019-07-10 02:30:00-05,0.006,0.225,6731,2019-07-10 02:30:00
1111788,1111788,5679,2019-07-10 02:45:00-05,0.006,0.226,6732,2019-07-10 02:45:00
1111789,1111789,5679,2019-07-10 03:00:00-05,0.006,0.186,6733,2019-07-10 03:00:00
1111790,1111790,5679,2019-07-10 03:15:00-05,0.006,0.222,6734,2019-07-10 03:15:00
1111791,1111791,5679,2019-07-10 03:30:00-05,0.006,0.28,6735,2019-07-10 03:30:00
1111792,1111792,5679,2019-07-10 03:45:00-05,0.006,0.408,6736,2019-07-10 03:45:00
1111793,1111793,5679,2019-07-10 04:00:00-05,0.006,0.434,6737,2019-07-10 04:00:00
1111794,1111794,5679,2019-07-10 04:15:00-05,0.006,0.439,6738,2019-07-10 04:15:00
1111795,1111795,5679,2019-07-10 04:30:00-05,0.006,0.446,6739,2019-07-10 04:30:00
1111796,1111796,5679,2019-07-10 04:45:00-05,0.015,0.44,6740,2019-07-10 04:45:00
1111797,1111797,5679,2019-07-10 05:00:00-05,0.053,0.318,6741,2019-07-10 05:00:00
1111798,1111798,5679,2019-07-10 05:15:00-05,0.103,0.87,6742,2019-07-10 05:15:00
1111799,1111799,5679,2019-07-10 05:30:00-05,0.171,0.161,6743,2019-07-10 05:30:00
1111800,1111800,5679,2019-07-10 05:45:00-05,0.237,0.09,6744,2019-07-10 05:45:00
1111801,1111801,5679,2019-07-10 06:00:00-05,0.294,0.593,6745,2019-07-10 06:00:00
1111802,1111802,5679,2019-07-10 06:15:00-05,0.347,0.086,6746,2019-07-10 06:15:00
1111803,1111803,5679,2019-07-10 06:30:00-05,0.427,0.07,6747,2019-07-10 06:30:00
1111804,1111804,5679,2019-07-10 06:45:00-05,0.5,-0.042,6748,2019-07-10 06:45:00
1111805,1111805,5679,2019-07-10 07:00:00-05,0.602,-0.187,6749,2019-07-10 07:00:00
1111806,1111806,5679,2019-07-10 07:15:00-05,0.694,-0.371,6750,2019-07-10 07:15:00
1111807,1111807,5679,2019-07-10 07:30:00-05,0.804,-0.486,6751,2019-07-10 07:30:00
1111808,1111808,5679,2019-07-10 07:45:00-05,1.143,-0.939,6752,2019-07-10 07:45:00
1111809,1111809,5679,2019-07-10 08:00:00-05,1.51,-1.323,6753,2019-07-10 08:00:00
1111810,1111810,5679,2019-07-10 08:15:00-05,1.751,-1.536,6754,2019-07-10 08:15:00
1111811,1111811,5679,2019-07-10 08:30:00-05,1.969,-1.75,6755,2019-07-10 08:30:00
1111812,1111812,5679,2019-07-10 08:45:00-05,2.226,-2.006,6756,2019-07-10 08:45:00
1111813,1111813,5679,2019-07-10 09:00:00-05,2.389,-2.025,6757,2019-07-10 09:00:00
1111814,1111814,5679,2019-07-10 09:15:00-05,2.623,-2.137,6758,2019-07-10 09:15:00
1111815,1111815,5679,2019-07-10 09:30:00-05,2.884,-2.382,6759,2019-07-10 09:30:00
1111816,1111816,5679,2019-07-10 09:45:00-05,2.92,-2.487,6760,2019-07-10 09:45:00
1111817,1111817,5679,2019-07-10 10:00:00-05,3.325,-2.93,6761,2019-07-10 10:00:00
1111818,1111818,5679,2019-07-10 10:15:00-05,3.512,-3.121,6762,2019-07-10 10:15:00
1111819,1111819,5679,2019-07-10 10:30:00-05,3.617,-3.348,6763,2019-07-10 10:30:00
1111820,1111820,5679,2019-07-10 10:45:00-05,3.772,-3.579,6764,2019-07-10 10:45:00
1111821,1111821,5679,2019-07-10 11:00:00-05,3.893,-3.195,6765,2019-07-10 11:00:00
1111822,1111822,5679,2019-07-10 11:15:00-05,3.937,-3.373,6766,2019-07-10 11:15:00
1111823,1111823,5679,2019-07-10 11:30:00-05,3.955,-2.42,6767,2019-07-10 11:30:00
1111824,1111824,5679,2019-07-10 11:45:00-05,4.026,-1.645,6768,2019-07-10 11:45:00
1111825,1111825,5679,2019-07-10 12:00:00-05,4.113,-1.796,6769,2019-07-10 12:00:00
1111826,1111826,5679,2019-07-10 12:15:00-05,4.102,-1.74,6770,2019-07-10 12:15:00
1111827,1111827,5679,2019-07-10 12:30:00-05,4.013,-1.808,6771,2019-07-10 12:30:00
1111828,1111828,5679,2019-07-10 12:45:00-05,3.813,-1.788,6772,2019-07-10 12:45:00
1111829,1111829,5679,2019-07-10 13:00:00-05,3.756,-1.667,6773,2019-07-10 13:00:00
1111830,1111830,5679,2019-07-10 13:15:00-05,3.388,-1.481,6774,2019-07-10 13:15:00
1111831,1111831,5679,2019-07-10 13:30:00-05,3.24,-1.34,6775,2019-07-10 13:30:00
1111832,1111832,5679,2019-07-10 13:45:00-05,2.89,-0.926,6776,2019-07-10 13:45:00
1111833,1111833,5679,2019-07-10 14:00:00-05,2.538,-1.7,6777,2019-07-10 14:00:00
1111834,1111834,5679,2019-07-10 14:15:00-05,2.3,-0.693,6778,2019-07-10 14:15:00
1111835,1111835,5679,2019-07-10 14:30:00-05,1.994,-0.679,6779,2019-07-10 14:30:00
1111836,1111836,5679,2019-07-10 14:45:00-05,1.698,0.193,6780,2019-07-10 14:45:00
1111837,1111837,5679,2019-07-10 15:00:00-05,1.421,5.398,6781,2019-07-10 15:00:00
1111838,1111838,5679,2019-07-10 15:15:00-05,1.237,7.996,6782,2019-07-10 15:15:00
1111839,1111839,5679,2019-07-10 15:30:00-05,0.913,8.118,6783,2019-07-10 15:30:00
1111840,1111840,5679,2019-07-10 15:45:00-05,0.825,7.897,6784,2019-07-10 15:45:00
1111841,1111841,5679,2019-07-10 16:00:00-05,0.948,7.297,6785,2019-07-10 16:00:00
1111842,1111842,5679,2019-07-10 16:15:00-05,0.646,7.507,6786,2019-07-10 16:15:00
1111843,1111843,5679,2019-07-10 16:30:00-05,0.498,7.664,6787,2019-07-10 16:30:00
1111844,1111844,5679,2019-07-10 16:45:00-05,0.64,1.787,6788,2019-07-10 16:45:00
1111845,1111845,5679,2019-07-10 17:00:00-05,0.639,1.274,6789,2019-07-10 17:00:00
1111846,1111846,5679,2019-07-10 17:15:00-05,0.389,1.342,6790,2019-07-10 17:15:00
1111847,1111847,5679,2019-07-10 17:30:00-05,0.317,1.434,6791,2019-07-10 17:30:00
1111848,1111848,5679,2019-07-10 17:45:00-05,0.296,1.378,6792,2019-07-10 17:45:00
1111849,1111849,5679,2019-07-10 18:00:00-05,0.275,1.529,6793,2019-07-10 18:00:00
1111850,1111850,5679,2019-07-10 18:15:00-05,0.258,1.181,6794,2019-07-10 18:15:00
1111851,1111851,5679,2019-07-10 18:30:00-05,0.282,1.089,6795,2019-07-10 18:30:00
1111852,1111852,5679,2019-07-10 18:45:00-05,0.181,1.163,6796,2019-07-10 18:45:00
1111853,1111853,5679,2019-07-10 19:00:00-05,0.083,1.194,6797,2019-07-10 19:00:00
1111854,1111854,5679,2019-07-10 19:15:00-05,0.035,1.233,6798,2019-07-10 19:15:00
1111855,1111855,5679,2019-07-10 19:30:00-05,0.011,1.301,6799,2019-07-10 19:30:00
1111856,1111856,5679,2019-07-10 19:45:00-05,0.004,1.216,6800,2019-07-10 19:45:00
1111857,1111857,5679,2019-07-10 20:00:00-05,0.004,0.941,6801,2019-07-10 20:00:00
1111858,1111858,5679,2019-07-10 20:15:00-05,0.004,0.766,6802,2019-07-10 20:15:00
1111859,1111859,5679,2019-07-10 20:30:00-05,0.004,0.706,6803,2019-07-10 20:30:00
1111860,1111860,5679,2019-07-10 20:45:00-05,0.004,0.763,6804,2019-07-10 20:45:00
1111861,1111861,5679,2019-07-10 21:00:00-05,0.005,0.637,6805,2019-07-10 21:00:00
1111862,1111862,5679,2019-07-10 21:15:00-05,0.005,0.363,6806,2019-07-10 21:15:00
1111863,1111863,5679,2019-07-10 21:30:00-05,0.004,0.818,6807,2019-07-10 21:30:00
1111864,1111864,5679,2019-07-10 21:45:00-05,0.005,0.601,6808,2019-07-10 21:45:00
1111865,1111865,5679,2019-07-10 22:00:00-05,0.005,0.738,6809,2019-07-10 22:00:00
1111866,1111866,5679,2019-07-10 22:15:00-05,0.005,0.539,6810,2019-07-10 22:15:00
1111867,1111867,5679,2019-07-10 22:30:00-05,0.005,0.557,6811,2019-07-10 22:30:00
1111868,1111868,5679,2019-07-10 22:45:00-05,0.005,0.406,6812,2019-07-10 22:45:00
1111869,1111869,5679,2019-07-10 23:00:00-05,0.005,0.416,6813,2019-07-10 23:00:00
1111870,1111870,5679,2019-07-10 23:15:00-05,0.005,0.518,6814,2019-07-10 23:15:00
1111871,1111871,5679,2019-07-10 23:30:00-05,0.005,0.312,6815,2019-07-10 23:30:00
1111872,1111872,5679,2019-07-10 23:45:00-05,0.005,0.451,6816,2019-07-10 23:45:00
1111873,1111873,5679,2019-07-11 00:00:00-05,0.005,0.173,6817,2019-07-11 00:00:00
1111874,1111874,5679,2019-07-11 00:15:00-05,0.005,0.562,6818,2019-07-11 00:15:00
1111875,1111875,5679,2019-07-11 00:30:00-05,0.005,0.321,6819,2019-07-11 00:30:00
1111876,1111876,5679,2019-07-11 00:45:00-05,0.005,0.528,6820,2019-07-11 00:45:00
1111877,1111877,5679,2019-07-11 01:00:00-05,0.005,0.313,6821,2019-07-11 01:00:00
1111878,1111878,5679,2019-07-11 01:15:00-05,0.005,0.557,6822,2019-07-11 01:15:00
1111879,1111879,5679,2019-07-11 01:30:00-05,0.005,0.253,6823,2019-07-11 01:30:00
1111880,1111880,5679,2019-07-11 01:45:00-05,0.005,0.339,6824,2019-07-11 01:45:00
1111881,1111881,5679,2019-07-11 02:00:00-05,0.005,0.288,6825,2019-07-11 02:00:00
1111882,1111882,5679,2019-07-11 02:15:00-05,0.005,0.223,6826,2019-07-11 02:15:00
1111883,1111883,5679,2019-07-11 02:30:00-05,0.006,0.221,6827,2019-07-11 02:30:00
1111884,1111884,5679,2019-07-11 02:45:00-05,0.005,0.532,6828,2019-07-11 02:45:00
1111885,1111885,5679,2019-07-11 03:00:00-05,0.005,0.318,6829,2019-07-11 03:00:00
1111886,1111886,5679,2019-07-11 03:15:00-05,0.005,0.358,6830,2019-07-11 03:15:00
1111887,1111887,5679,2019-07-11 03:30:00-05,0.005,0.55,6831,2019-07-11 03:30:00
1111888,1111888,5679,2019-07-11 03:45:00-05,0.006,0.294,6832,2019-07-11 03:45:00
1111889,1111889,5679,2019-07-11 04:00:00-05,0.005,0.451,6833,2019-07-11 04:00:00
1111890,1111890,5679,2019-07-11 04:15:00-05,0.005,0.384,6834,2019-07-11 04:15:00
1111891,1111891,5679,2019-07-11 04:30:00-05,0.005,0.459,6835,2019-07-11 04:30:00
1111892,1111892,5679,2019-07-11 04:45:00-05,0.013,0.184,6836,2019-07-11 04:45:00
1111893,1111893,5679,2019-07-11 05:00:00-05,0.047,0.57,6837,2019-07-11 05:00:00
1111894,1111894,5679,2019-07-11 05:15:00-05,0.174,0.902,6838,2019-07-11 05:15:00
1111895,1111895,5679,2019-07-11 05:30:00-05,0.272,0.848,6839,2019-07-11 05:30:00
1111896,1111896,5679,2019-07-11 05:45:00-05,0.238,1.055,6840,2019-07-11 05:45:00
1111897,1111897,5679,2019-07-11 06:00:00-05,0.299,1.525,6841,2019-07-11 06:00:00
1111898,1111898,5679,2019-07-11 06:15:00-05,0.368,1.054,6842,2019-07-11 06:15:00
1111899,1111899,5679,2019-07-11 06:30:00-05,0.539,0.5,6843,2019-07-11 06:30:00
1111900,1111900,5679,2019-07-11 06:45:00-05,0.61,0.054,6844,2019-07-11 06:45:00
1111901,1111901,5679,2019-07-11 07:00:00-05,0.609,-0.092,6845,2019-07-11 07:00:00
1111902,1111902,5679,2019-07-11 07:15:00-05,0.724,-0.2,6846,2019-07-11 07:15:00
1111903,1111903,5679,2019-07-11 07:30:00-05,0.751,-0.218,6847,2019-07-11 07:30:00
1111904,1111904,5679,2019-07-11 07:45:00-05,1.313,-0.996,6848,2019-07-11 07:45:00
1111905,1111905,5679,2019-07-11 08:00:00-05,1.545,-1.175,6849,2019-07-11 08:00:00
1111906,1111906,5679,2019-07-11 08:15:00-05,2.128,-1.806,6850,2019-07-11 08:15:00
1111907,1111907,5679,2019-07-11 08:30:00-05,1.044,-0.613,6851,2019-07-11 08:30:00
1111908,1111908,5679,2019-07-11 08:45:00-05,0.924,1.98,6852,2019-07-11 08:45:00
1111909,1111909,5679,2019-07-11 09:00:00-05,1.033,3.477,6853,2019-07-11 09:00:00
1111910,1111910,5679,2019-07-11 09:15:00-05,0.858,3.049,6854,2019-07-11 09:15:00
1111911,1111911,5679,2019-07-11 09:30:00-05,1.158,2.466,6855,2019-07-11 09:30:00
1111912,1111912,5679,2019-07-11 09:45:00-05,1.192,2.653,6856,2019-07-11 09:45:00
1111913,1111913,5679,2019-07-11 10:00:00-05,1.055,1.915,6857,2019-07-11 10:00:00
1111914,1111914,5679,2019-07-11 10:15:00-05,1.091,0.88,6858,2019-07-11 10:15:00
1111915,1111915,5679,2019-07-11 10:30:00-05,1.196,3.118,6859,2019-07-11 10:30:00
1111916,1111916,5679,2019-07-11 10:45:00-05,1.722,0.816,6860,2019-07-11 10:45:00
1111917,1111917,5679,2019-07-11 11:00:00-05,2.612,0.707,6861,2019-07-11 11:00:00
1111918,1111918,5679,2019-07-11 11:15:00-05,2.186,4.136,6862,2019-07-11 11:15:00
1111919,1111919,5679,2019-07-11 11:30:00-05,1.298,3.913,6863,2019-07-11 11:30:00
1111920,1111920,5679,2019-07-11 11:45:00-05,1.477,2.379,6864,2019-07-11 11:45:00
1111921,1111921,5679,2019-07-11 12:00:00-05,1.24,0.68,6865,2019-07-11 12:00:00
1111922,1111922,5679,2019-07-11 12:15:00-05,1.462,0.477,6866,2019-07-11 12:15:00
1111923,1111923,5679,2019-07-11 12:30:00-05,1.839,2.238,6867,2019-07-11 12:30:00
1111924,1111924,5679,2019-07-11 12:45:00-05,1.571,4.346,6868,2019-07-11 12:45:00
1111925,1111925,5679,2019-07-11 13:00:00-05,1.723,2.905,6869,2019-07-11 13:00:00
1111926,1111926,5679,2019-07-11 13:15:00-05,1.446,3.023,6870,2019-07-11 13:15:00
1111927,1111927,5679,2019-07-11 13:30:00-05,0.882,3.48,6871,2019-07-11 13:30:00
1111928,1111928,5679,2019-07-11 13:45:00-05,0.622,1.625,6872,2019-07-11 13:45:00
1111929,1111929,5679,2019-07-11 14:00:00-05,0.703,-0.342,6873,2019-07-11 14:00:00
1111930,1111930,5679,2019-07-11 14:15:00-05,0.991,-0.528,6874,2019-07-11 14:15:00
1111931,1111931,5679,2019-07-11 14:30:00-05,1.577,0.896,6875,2019-07-11 14:30:00
1111932,1111932,5679,2019-07-11 14:45:00-05,1.514,0.609,6876,2019-07-11 14:45:00
1111933,1111933,5679,2019-07-11 15:00:00-05,1.67,0.467,6877,2019-07-11 15:00:00
1111934,1111934,5679,2019-07-11 15:15:00-05,1.367,0.084,6878,2019-07-11 15:15:00
1111935,1111935,5679,2019-07-11 15:30:00-05,1.269,-0.396,6879,2019-07-11 15:30:00
1111936,1111936,5679,2019-07-11 15:45:00-05,1.063,0.135,6880,2019-07-11 15:45:00
1111937,1111937,5679,2019-07-11 16:00:00-05,1.047,0.423,6881,2019-07-11 16:00:00
1111938,1111938,5679,2019-07-11 16:15:00-05,1.013,0.83,6882,2019-07-11 16:15:00
1111939,1111939,5679,2019-07-11 16:30:00-05,0.87,0.049,6883,2019-07-11 16:30:00
1111940,1111940,5679,2019-07-11 16:45:00-05,0.736,0.416,6884,2019-07-11 16:45:00
1111941,1111941,5679,2019-07-11 17:00:00-05,0.677,0.536,6885,2019-07-11 17:00:00
1111942,1111942,5679,2019-07-11 17:15:00-05,0.501,0.801,6886,2019-07-11 17:15:00
1111943,1111943,5679,2019-07-11 17:30:00-05,0.372,0.85,6887,2019-07-11 17:30:00
1111944,1111944,5679,2019-07-11 17:45:00-05,0.448,1.073,6888,2019-07-11 17:45:00
1111945,1111945,5679,2019-07-11 18:00:00-05,0.548,1.124,6889,2019-07-11 18:00:00
1111946,1111946,5679,2019-07-11 18:15:00-05,0.34,1.403,6890,2019-07-11 18:15:00
1111947,1111947,5679,2019-07-11 18:30:00-05,0.216,1.392,6891,2019-07-11 18:30:00
1111948,1111948,5679,2019-07-11 18:45:00-05,0.151,1.203,6892,2019-07-11 18:45:00
1111949,1111949,5679,2019-07-11 19:00:00-05,0.091,1.02,6893,2019-07-11 19:00:00
1111950,1111950,5679,2019-07-11 19:15:00-05,0.025,1.055,6894,2019-07-11 19:15:00
1111951,1111951,5679,2019-07-11 19:30:00-05,0.007,1.066,6895,2019-07-11 19:30:00
1111952,1111952,5679,2019-07-11 19:45:00-05,0.005,0.726,6896,2019-07-11 19:45:00
1111953,1111953,5679,2019-07-11 20:00:00-05,0.005,0.716,6897,2019-07-11 20:00:00
1111954,1111954,5679,2019-07-11 20:15:00-05,0.005,0.741,6898,2019-07-11 20:15:00
1111955,1111955,5679,2019-07-11 20:30:00-05,0.005,0.821,6899,2019-07-11 20:30:00
1111956,1111956,5679,2019-07-11 20:45:00-05,0.005,0.574,6900,2019-07-11 20:45:00
1111957,1111957,5679,2019-07-11 21:00:00-05,0.005,0.59,6901,2019-07-11 21:00:00
1111958,1111958,5679,2019-07-11 21:15:00-05,0.005,0.976,6902,2019-07-11 21:15:00
1111959,1111959,5679,2019-07-11 21:30:00-05,0.005,0.429,6903,2019-07-11 21:30:00
1111960,1111960,5679,2019-07-11 21:45:00-05,0.005,0.561,6904,2019-07-11 21:45:00
1111961,1111961,5679,2019-07-11 22:00:00-05,0.005,0.566,6905,2019-07-11 22:00:00
1111962,1111962,5679,2019-07-11 22:15:00-05,0.006,0.262,6906,2019-07-11 22:15:00
1111963,1111963,5679,2019-07-11 22:30:00-05,0.005,0.423,6907,2019-07-11 22:30:00
1111964,1111964,5679,2019-07-11 22:45:00-05,0.006,0.207,6908,2019-07-11 22:45:00
1111965,1111965,5679,2019-07-11 23:00:00-05,0.005,0.345,6909,2019-07-11 23:00:00
1111966,1111966,5679,2019-07-11 23:15:00-05,0.005,0.301,6910,2019-07-11 23:15:00
1111967,1111967,5679,2019-07-11 23:30:00-05,0.006,0.191,6911,2019-07-11 23:30:00
1111968,1111968,5679,2019-07-11 23:45:00-05,0.005,0.491,6912,2019-07-11 23:45:00
1111969,1111969,5679,2019-07-12 00:00:00-05,0.005,0.387,6913,2019-07-12 00:00:00
1111970,1111970,5679,2019-07-12 00:15:00-05,0.006,0.302,6914,2019-07-12 00:15:00
1111971,1111971,5679,2019-07-12 00:30:00-05,0.005,0.549,6915,2019-07-12 00:30:00
1111972,1111972,5679,2019-07-12 00:45:00-05,0.006,0.322,6916,2019-07-12 00:45:00
1111973,1111973,5679,2019-07-12 01:00:00-05,0.006,0.23,6917,2019-07-12 01:00:00
1111974,1111974,5679,2019-07-12 01:15:00-05,0.005,0.479,6918,2019-07-12 01:15:00
1111975,1111975,5679,2019-07-12 01:30:00-05,0.006,0.333,6919,2019-07-12 01:30:00
1111976,1111976,5679,2019-07-12 01:45:00-05,0.006,0.335,6920,2019-07-12 01:45:00
1111977,1111977,5679,2019-07-12 02:00:00-05,0.006,0.477,6921,2019-07-12 02:00:00
1111978,1111978,5679,2019-07-12 02:15:00-05,0.006,0.342,6922,2019-07-12 02:15:00
1111979,1111979,5679,2019-07-12 02:30:00-05,0.005,0.461,6923,2019-07-12 02:30:00
1111980,1111980,5679,2019-07-12 02:45:00-05,0.005,0.496,6924,2019-07-12 02:45:00
1111981,1111981,5679,2019-07-12 03:00:00-05,0.005,0.473,6925,2019-07-12 03:00:00
1111982,1111982,5679,2019-07-12 03:15:00-05,0.005,0.468,6926,2019-07-12 03:15:00
1111983,1111983,5679,2019-07-12 03:30:00-05,0.005,0.484,6927,2019-07-12 03:30:00
1111984,1111984,5679,2019-07-12 03:45:00-05,0.006,0.431,6928,2019-07-12 03:45:00
1111985,1111985,5679,2019-07-12 04:00:00-05,0.005,0.744,6929,2019-07-12 04:00:00
1111986,1111986,5679,2019-07-12 04:15:00-05,0.006,0.374,6930,2019-07-12 04:15:00
1111987,1111987,5679,2019-07-12 04:30:00-05,0.006,0.447,6931,2019-07-12 04:30:00
1111988,1111988,5679,2019-07-12 04:45:00-05,0.013,0.965,6932,2019-07-12 04:45:00
1111989,1111989,5679,2019-07-12 05:00:00-05,0.054,0.309,6933,2019-07-12 05:00:00
1111990,1111990,5679,2019-07-12 05:15:00-05,0.084,0.609,6934,2019-07-12 05:15:00
1111991,1111991,5679,2019-07-12 05:30:00-05,0.138,0.692,6935,2019-07-12 05:30:00
1111992,1111992,5679,2019-07-12 05:45:00-05,0.189,0.772,6936,2019-07-12 05:45:00
1111993,1111993,5679,2019-07-12 06:00:00-05,0.267,0.978,6937,2019-07-12 06:00:00
1111994,1111994,5679,2019-07-12 06:15:00-05,0.474,-0.008,6938,2019-07-12 06:15:00
1111995,1111995,5679,2019-07-12 06:30:00-05,0.582,0.169,6939,2019-07-12 06:30:00
1111996,1111996,5679,2019-07-12 06:45:00-05,0.322,0.409,6940,2019-07-12 06:45:00
1111997,1111997,5679,2019-07-12 07:00:00-05,0.511,-0.164,6941,2019-07-12 07:00:00
1111998,1111998,5679,2019-07-12 07:15:00-05,0.66,-0.316,6942,2019-07-12 07:15:00
1111999,1111999,5679,2019-07-12 07:30:00-05,0.563,-0.196,6943,2019-07-12 07:30:00
1112000,1112000,5679,2019-07-12 07:45:00-05,0.62,-0.178,6944,2019-07-12 07:45:00
1112001,1112001,5679,2019-07-12 08:00:00-05,0.551,0.193,6945,2019-07-12 08:00:00
1112002,1112002,5679,2019-07-12 08:15:00-05,0.561,-0.129,6946,2019-07-12 08:15:00
1112003,1112003,5679,2019-07-12 08:30:00-05,0.695,-0.188,6947,2019-07-12 08:30:00
1112004,1112004,5679,2019-07-12 08:45:00-05,1.038,1.086,6948,2019-07-12 08:45:00
1112005,1112005,5679,2019-07-12 09:00:00-05,0.993,0.481,6949,2019-07-12 09:00:00
1112006,1112006,5679,2019-07-12 09:15:00-05,1.013,0.565,6950,2019-07-12 09:15:00
1112007,1112007,5679,2019-07-12 09:30:00-05,0.637,-0.269,6951,2019-07-12 09:30:00
1112008,1112008,5679,2019-07-12 09:45:00-05,0.619,-0.257,6952,2019-07-12 09:45:00
1112009,1112009,5679,2019-07-12 10:00:00-05,0.639,-0.178,6953,2019-07-12 10:00:00
1112010,1112010,5679,2019-07-12 10:15:00-05,0.362,0.477,6954,2019-07-12 10:15:00
1112011,1112011,5679,2019-07-12 10:30:00-05,0.562,-0.106,6955,2019-07-12 10:30:00
1112012,1112012,5679,2019-07-12 10:45:00-05,0.702,0.069,6956,2019-07-12 10:45:00
1112013,1112013,5679,2019-07-12 11:00:00-05,0.481,0.047,6957,2019-07-12 11:00:00
1112014,1112014,5679,2019-07-12 11:15:00-05,0.568,-0.019,6958,2019-07-12 11:15:00
1112015,1112015,5679,2019-07-12 11:30:00-05,0.88,-0.535,6959,2019-07-12 11:30:00
1112016,1112016,5679,2019-07-12 11:45:00-05,1.119,-0.675,6960,2019-07-12 11:45:00
1112017,1112017,5679,2019-07-12 12:00:00-05,1.028,-0.665,6961,2019-07-12 12:00:00
1112018,1112018,5679,2019-07-12 12:15:00-05,1.631,-1.389,6962,2019-07-12 12:15:00
1112019,1112019,5679,2019-07-12 12:30:00-05,2.067,-1.873,6963,2019-07-12 12:30:00
1112020,1112020,5679,2019-07-12 12:45:00-05,1.857,-1.68,6964,2019-07-12 12:45:00
1112021,1112021,5679,2019-07-12 13:00:00-05,1.774,-1.607,6965,2019-07-12 13:00:00
1112022,1112022,5679,2019-07-12 13:15:00-05,2.951,-2.69,6966,2019-07-12 13:15:00
1112023,1112023,5679,2019-07-12 13:30:00-05,2.426,-2.114,6967,2019-07-12 13:30:00
1112024,1112024,5679,2019-07-12 13:45:00-05,2.017,-0.196,6968,2019-07-12 13:45:00
1112025,1112025,5679,2019-07-12 14:00:00-05,1.519,-0.122,6969,2019-07-12 14:00:00
1112026,1112026,5679,2019-07-12 14:15:00-05,1.433,0.046,6970,2019-07-12 14:15:00
1112027,1112027,5679,2019-07-12 14:30:00-05,1.37,0.104,6971,2019-07-12 14:30:00
1112028,1112028,5679,2019-07-12 14:45:00-05,0.665,0.68,6972,2019-07-12 14:45:00
1112029,1112029,5679,2019-07-12 15:00:00-05,0.353,0.712,6973,2019-07-12 15:00:00
1112030,1112030,5679,2019-07-12 15:15:00-05,0.474,0.609,6974,2019-07-12 15:15:00
1112031,1112031,5679,2019-07-12 15:30:00-05,0.817,-0.082,6975,2019-07-12 15:30:00
1112032,1112032,5679,2019-07-12 15:45:00-05,0.396,0.469,6976,2019-07-12 15:45:00
1112033,1112033,5679,2019-07-12 16:00:00-05,0.293,0.224,6977,2019-07-12 16:00:00
1112034,1112034,5679,2019-07-12 16:15:00-05,0.551,-0.038,6978,2019-07-12 16:15:00
1112035,1112035,5679,2019-07-12 16:30:00-05,0.986,-0.499,6979,2019-07-12 16:30:00
1112036,1112036,5679,2019-07-12 16:45:00-05,0.893,-0.476,6980,2019-07-12 16:45:00
1112037,1112037,5679,2019-07-12 17:00:00-05,0.599,-0.212,6981,2019-07-12 17:00:00
1112038,1112038,5679,2019-07-12 17:15:00-05,0.392,-0.136,6982,2019-07-12 17:15:00
1112039,1112039,5679,2019-07-12 17:30:00-05,0.345,-0.139,6983,2019-07-12 17:30:00
1112040,1112040,5679,2019-07-12 17:45:00-05,0.266,-0.071,6984,2019-07-12 17:45:00
1112041,1112041,5679,2019-07-12 18:00:00-05,0.249,-0.023,6985,2019-07-12 18:00:00
1112042,1112042,5679,2019-07-12 18:15:00-05,0.185,0.149,6986,2019-07-12 18:15:00
1112043,1112043,5679,2019-07-12 18:30:00-05,0.213,0.224,6987,2019-07-12 18:30:00
1112044,1112044,5679,2019-07-12 18:45:00-05,0.133,0.231,6988,2019-07-12 18:45:00
1112045,1112045,5679,2019-07-12 19:00:00-05,0.061,0.183,6989,2019-07-12 19:00:00
1112046,1112046,5679,2019-07-12 19:15:00-05,0.023,0.294,6990,2019-07-12 19:15:00
1112047,1112047,5679,2019-07-12 19:30:00-05,0.006,0.294,6991,2019-07-12 19:30:00
1112048,1112048,5679,2019-07-12 19:45:00-05,0.001,5.52,6992,2019-07-12 19:45:00
1112049,1112049,5679,2019-07-12 20:00:00-05,-0.001,7.758,6993,2019-07-12 20:00:00
1112050,1112050,5679,2019-07-12 20:15:00-05,-0.001,7.663,6994,2019-07-12 20:15:00
1112051,1112051,5679,2019-07-12 20:30:00-05,-0.001,7.559,6995,2019-07-12 20:30:00
1112052,1112052,5679,2019-07-12 20:45:00-05,-0.001,7.173,6996,2019-07-12 20:45:00
1112053,1112053,5679,2019-07-12 21:00:00-05,0.005,1.292,6997,2019-07-12 21:00:00
1112054,1112054,5679,2019-07-12 21:15:00-05,0.006,0.377,6998,2019-07-12 21:15:00
1112055,1112055,5679,2019-07-12 21:30:00-05,0.006,0.288,6999,2019-07-12 21:30:00
1112056,1112056,5679,2019-07-12 21:45:00-05,0.006,0.216,7000,2019-07-12 21:45:00
1112057,1112057,5679,2019-07-12 22:00:00-05,0.006,0.182,7001,2019-07-12 22:00:00
1112058,1112058,5679,2019-07-12 22:15:00-05,0.006,0.183,7002,2019-07-12 22:15:00
1112059,1112059,5679,2019-07-12 22:30:00-05,0.006,0.201,7003,2019-07-12 22:30:00
1112060,1112060,5679,2019-07-12 22:45:00-05,0.006,0.218,7004,2019-07-12 22:45:00
1112061,1112061,5679,2019-07-12 23:00:00-05,0.006,0.327,7005,2019-07-12 23:00:00
1112062,1112062,5679,2019-07-12 23:15:00-05,0.006,0.432,7006,2019-07-12 23:15:00
1112063,1112063,5679,2019-07-12 23:30:00-05,0.006,0.389,7007,2019-07-12 23:30:00
1112064,1112064,5679,2019-07-12 23:45:00-05,0.006,0.426,7008,2019-07-12 23:45:00
1112065,1112065,5679,2019-07-13 00:00:00-05,0.006,0.354,7009,2019-07-13 00:00:00
1112066,1112066,5679,2019-07-13 00:15:00-05,0.006,0.203,7010,2019-07-13 00:15:00
1112067,1112067,5679,2019-07-13 00:30:00-05,0.006,0.174,7011,2019-07-13 00:30:00
1112068,1112068,5679,2019-07-13 00:45:00-05,0.006,0.194,7012,2019-07-13 00:45:00
1112069,1112069,5679,2019-07-13 01:00:00-05,0.006,0.201,7013,2019-07-13 01:00:00
1112070,1112070,5679,2019-07-13 01:15:00-05,0.006,0.226,7014,2019-07-13 01:15:00
1112071,1112071,5679,2019-07-13 01:30:00-05,0.006,0.314,7015,2019-07-13 01:30:00
1112072,1112072,5679,2019-07-13 01:45:00-05,0.006,0.288,7016,2019-07-13 01:45:00
1112073,1112073,5679,2019-07-13 02:00:00-05,0.006,0.296,7017,2019-07-13 02:00:00
1112074,1112074,5679,2019-07-13 02:15:00-05,0.006,0.392,7018,2019-07-13 02:15:00
1112075,1112075,5679,2019-07-13 02:30:00-05,0.006,0.375,7019,2019-07-13 02:30:00
1112076,1112076,5679,2019-07-13 02:45:00-05,0.006,0.315,7020,2019-07-13 02:45:00
1112077,1112077,5679,2019-07-13 03:00:00-05,0.006,0.283,7021,2019-07-13 03:00:00
1112078,1112078,5679,2019-07-13 03:15:00-05,0.006,0.317,7022,2019-07-13 03:15:00
1112079,1112079,5679,2019-07-13 03:30:00-05,0.006,0.216,7023,2019-07-13 03:30:00
1112080,1112080,5679,2019-07-13 03:45:00-05,0.006,0.227,7024,2019-07-13 03:45:00
1112081,1112081,5679,2019-07-13 04:00:00-05,0.005,0.899,7025,2019-07-13 04:00:00
1112082,1112082,5679,2019-07-13 04:15:00-05,0.006,0.454,7026,2019-07-13 04:15:00
1112083,1112083,5679,2019-07-13 04:30:00-05,0.006,0.577,7027,2019-07-13 04:30:00
1112084,1112084,5679,2019-07-13 04:45:00-05,0.017,1.033,7028,2019-07-13 04:45:00
1112085,1112085,5679,2019-07-13 05:00:00-05,0.046,0.587,7029,2019-07-13 05:00:00
1112086,1112086,5679,2019-07-13 05:15:00-05,0.103,0.371,7030,2019-07-13 05:15:00
1112087,1112087,5679,2019-07-13 05:30:00-05,0.146,0.392,7031,2019-07-13 05:30:00
1112088,1112088,5679,2019-07-13 05:45:00-05,0.309,0.095,7032,2019-07-13 05:45:00
1112089,1112089,5679,2019-07-13 06:00:00-05,0.352,-0.135,7033,2019-07-13 06:00:00
1112090,1112090,5679,2019-07-13 06:15:00-05,0.472,3.511,7034,2019-07-13 06:15:00
1112091,1112091,5679,2019-07-13 06:30:00-05,0.289,3.514,7035,2019-07-13 06:30:00
1112092,1112092,5679,2019-07-13 06:45:00-05,0.26,2.143,7036,2019-07-13 06:45:00
1112093,1112093,5679,2019-07-13 07:00:00-05,0.33,0.306,7037,2019-07-13 07:00:00
1112094,1112094,5679,2019-07-13 07:15:00-05,0.462,-0.05,7038,2019-07-13 07:15:00
1112095,1112095,5679,2019-07-13 07:30:00-05,0.571,0.019,7039,2019-07-13 07:30:00
1112096,1112096,5679,2019-07-13 07:45:00-05,1.025,-0.431,7040,2019-07-13 07:45:00
1112097,1112097,5679,2019-07-13 08:00:00-05,1.572,-1.025,7041,2019-07-13 08:00:00
1112098,1112098,5679,2019-07-13 08:15:00-05,1.833,-1.339,7042,2019-07-13 08:15:00
1112099,1112099,5679,2019-07-13 08:30:00-05,2.16,-1.705,7043,2019-07-13 08:30:00
1112100,1112100,5679,2019-07-13 08:45:00-05,2.57,-2.218,7044,2019-07-13 08:45:00
1112101,1112101,5679,2019-07-13 09:00:00-05,2.849,-2.505,7045,2019-07-13 09:00:00
1112102,1112102,5679,2019-07-13 09:15:00-05,3.132,-2.772,7046,2019-07-13 09:15:00
1112103,1112103,5679,2019-07-13 09:30:00-05,3.173,-2.815,7047,2019-07-13 09:30:00
1112104,1112104,5679,2019-07-13 09:45:00-05,3.45,-2.882,7048,2019-07-13 09:45:00
1112105,1112105,5679,2019-07-13 10:00:00-05,3.369,-2.701,7049,2019-07-13 10:00:00
1112106,1112106,5679,2019-07-13 10:15:00-05,3.668,0.531,7050,2019-07-13 10:15:00
1112107,1112107,5679,2019-07-13 10:30:00-05,3.807,5.376,7051,2019-07-13 10:30:00
1112108,1112108,5679,2019-07-13 10:45:00-05,3.912,4.952,7052,2019-07-13 10:45:00
1112109,1112109,5679,2019-07-13 11:00:00-05,4.016,4.471,7053,2019-07-13 11:00:00
1112110,1112110,5679,2019-07-13 11:15:00-05,4.08,-2.137,7054,2019-07-13 11:15:00
1112111,1112111,5679,2019-07-13 11:30:00-05,4.01,-3.092,7055,2019-07-13 11:30:00
1112112,1112112,5679,2019-07-13 11:45:00-05,4.087,-2.742,7056,2019-07-13 11:45:00
1112113,1112113,5679,2019-07-13 12:00:00-05,4.133,-1.797,7057,2019-07-13 12:00:00
1112114,1112114,5679,2019-07-13 12:15:00-05,4.176,-2.296,7058,2019-07-13 12:15:00
1112115,1112115,5679,2019-07-13 12:30:00-05,4.165,-2.312,7059,2019-07-13 12:30:00
1112116,1112116,5679,2019-07-13 12:45:00-05,3.924,-2.58,7060,2019-07-13 12:45:00
1112117,1112117,5679,2019-07-13 13:00:00-05,3.801,-3.064,7061,2019-07-13 13:00:00
1112118,1112118,5679,2019-07-13 13:15:00-05,3.641,-2.899,7062,2019-07-13 13:15:00
1112119,1112119,5679,2019-07-13 13:30:00-05,3.298,-2.142,7063,2019-07-13 13:30:00
1112120,1112120,5679,2019-07-13 13:45:00-05,2.967,-1.48,7064,2019-07-13 13:45:00
1112121,1112121,5679,2019-07-13 14:00:00-05,2.572,-0.609,7065,2019-07-13 14:00:00
1112122,1112122,5679,2019-07-13 14:15:00-05,2.252,0.073,7066,2019-07-13 14:15:00
1112123,1112123,5679,2019-07-13 14:30:00-05,1.949,0.418,7067,2019-07-13 14:30:00
1112124,1112124,5679,2019-07-13 14:45:00-05,1.602,0.449,7068,2019-07-13 14:45:00
1112125,1112125,5679,2019-07-13 15:00:00-05,1.276,0.872,7069,2019-07-13 15:00:00
1112126,1112126,5679,2019-07-13 15:15:00-05,0.942,1.393,7070,2019-07-13 15:15:00
1112127,1112127,5679,2019-07-13 15:30:00-05,0.659,0.989,7071,2019-07-13 15:30:00
1112128,1112128,5679,2019-07-13 15:45:00-05,0.479,1.416,7072,2019-07-13 15:45:00
1112129,1112129,5679,2019-07-13 16:00:00-05,0.447,1.227,7073,2019-07-13 16:00:00
1112130,1112130,5679,2019-07-13 16:15:00-05,0.394,1.386,7074,2019-07-13 16:15:00
1112131,1112131,5679,2019-07-13 16:30:00-05,0.324,0.295,7075,2019-07-13 16:30:00
1112132,1112132,5679,2019-07-13 16:45:00-05,0.328,0.101,7076,2019-07-13 16:45:00
1112133,1112133,5679,2019-07-13 17:00:00-05,0.283,0.254,7077,2019-07-13 17:00:00
1112134,1112134,5679,2019-07-13 17:15:00-05,0.255,2.655,7078,2019-07-13 17:15:00
1112135,1112135,5679,2019-07-13 17:30:00-05,0.252,1.98,7079,2019-07-13 17:30:00
1112136,1112136,5679,2019-07-13 17:45:00-05,0.206,2.369,7080,2019-07-13 17:45:00
1112137,1112137,5679,2019-07-13 18:00:00-05,0.237,1.734,7081,2019-07-13 18:00:00
1112138,1112138,5679,2019-07-13 18:15:00-05,0.269,2.096,7082,2019-07-13 18:15:00
1112139,1112139,5679,2019-07-13 18:30:00-05,0.167,2.269,7083,2019-07-13 18:30:00
1112140,1112140,5679,2019-07-13 18:45:00-05,0.025,2.636,7084,2019-07-13 18:45:00
1112141,1112141,5679,2019-07-13 19:00:00-05,0.013,1.596,7085,2019-07-13 19:00:00
1112142,1112142,5679,2019-07-13 19:15:00-05,0.004,1.44,7086,2019-07-13 19:15:00
1112143,1112143,5679,2019-07-13 19:30:00-05,0.004,1.226,7087,2019-07-13 19:30:00
1112144,1112144,5679,2019-07-13 19:45:00-05,0.004,1.155,7088,2019-07-13 19:45:00
1112145,1112145,5679,2019-07-13 20:00:00-05,0.004,1.418,7089,2019-07-13 20:00:00
1112146,1112146,5679,2019-07-13 20:15:00-05,0.004,1.21,7090,2019-07-13 20:15:00
1112147,1112147,5679,2019-07-13 20:30:00-05,0.004,1.239,7091,2019-07-13 20:30:00
1112148,1112148,5679,2019-07-13 20:45:00-05,0.005,1.064,7092,2019-07-13 20:45:00
1112149,1112149,5679,2019-07-13 21:00:00-05,0.005,0.94,7093,2019-07-13 21:00:00
1112150,1112150,5679,2019-07-13 21:15:00-05,0.005,0.99,7094,2019-07-13 21:15:00
1112151,1112151,5679,2019-07-13 21:30:00-05,0.005,0.96,7095,2019-07-13 21:30:00
1112152,1112152,5679,2019-07-13 21:45:00-05,0.005,0.341,7096,2019-07-13 21:45:00
1112153,1112153,5679,2019-07-13 22:00:00-05,0.005,0.581,7097,2019-07-13 22:00:00
1112154,1112154,5679,2019-07-13 22:15:00-05,0.005,0.556,7098,2019-07-13 22:15:00
1112155,1112155,5679,2019-07-13 22:30:00-05,0.005,0.638,7099,2019-07-13 22:30:00
1112156,1112156,5679,2019-07-13 22:45:00-05,0.005,0.33,7100,2019-07-13 22:45:00
1112157,1112157,5679,2019-07-13 23:00:00-05,0.005,0.645,7101,2019-07-13 23:00:00
1112158,1112158,5679,2019-07-13 23:15:00-05,0.005,0.63,7102,2019-07-13 23:15:00
1112159,1112159,5679,2019-07-13 23:30:00-05,0.005,0.521,7103,2019-07-13 23:30:00
1112160,1112160,5679,2019-07-13 23:45:00-05,0.005,0.385,7104,2019-07-13 23:45:00
1112161,1112161,5679,2019-07-14 00:00:00-05,0.006,0.278,7105,2019-07-14 00:00:00
1112162,1112162,5679,2019-07-14 00:15:00-05,0.005,0.486,7106,2019-07-14 00:15:00
1112163,1112163,5679,2019-07-14 00:30:00-05,0.006,0.218,7107,2019-07-14 00:30:00
1112164,1112164,5679,2019-07-14 00:45:00-05,0.006,0.182,7108,2019-07-14 00:45:00
1112165,1112165,5679,2019-07-14 01:00:00-05,0.006,0.207,7109,2019-07-14 01:00:00
1112166,1112166,5679,2019-07-14 01:15:00-05,0.006,0.33,7110,2019-07-14 01:15:00
1112167,1112167,5679,2019-07-14 01:30:00-05,0.006,0.529,7111,2019-07-14 01:30:00
1112168,1112168,5679,2019-07-14 01:45:00-05,0.006,0.416,7112,2019-07-14 01:45:00
1112169,1112169,5679,2019-07-14 02:00:00-05,0.006,0.436,7113,2019-07-14 02:00:00
1112170,1112170,5679,2019-07-14 02:15:00-05,0.006,0.311,7114,2019-07-14 02:15:00
1112171,1112171,5679,2019-07-14 02:30:00-05,0.006,0.293,7115,2019-07-14 02:30:00
1112172,1112172,5679,2019-07-14 02:45:00-05,0.006,0.289,7116,2019-07-14 02:45:00
1112173,1112173,5679,2019-07-14 03:00:00-05,0.006,0.214,7117,2019-07-14 03:00:00
1112174,1112174,5679,2019-07-14 03:15:00-05,0.006,0.172,7118,2019-07-14 03:15:00
1112175,1112175,5679,2019-07-14 03:30:00-05,0.006,0.293,7119,2019-07-14 03:30:00
1112176,1112176,5679,2019-07-14 03:45:00-05,0.006,0.378,7120,2019-07-14 03:45:00
1112177,1112177,5679,2019-07-14 04:00:00-05,0.006,0.346,7121,2019-07-14 04:00:00
1112178,1112178,5679,2019-07-14 04:15:00-05,0.006,0.443,7122,2019-07-14 04:15:00
1112179,1112179,5679,2019-07-14 04:30:00-05,0.005,0.624,7123,2019-07-14 04:30:00
1112180,1112180,5679,2019-07-14 04:45:00-05,0.016,0.704,7124,2019-07-14 04:45:00
1112181,1112181,5679,2019-07-14 05:00:00-05,0.055,0.697,7125,2019-07-14 05:00:00
1112182,1112182,5679,2019-07-14 05:15:00-05,0.11,0.413,7126,2019-07-14 05:15:00
1112183,1112183,5679,2019-07-14 05:30:00-05,0.204,1.261,7127,2019-07-14 05:30:00
1112184,1112184,5679,2019-07-14 05:45:00-05,0.189,0.212,7128,2019-07-14 05:45:00
1112185,1112185,5679,2019-07-14 06:00:00-05,0.32,0.513,7129,2019-07-14 06:00:00
1112186,1112186,5679,2019-07-14 06:15:00-05,0.223,0.611,7130,2019-07-14 06:15:00
1112187,1112187,5679,2019-07-14 06:30:00-05,0.206,0.383,7131,2019-07-14 06:30:00
1112188,1112188,5679,2019-07-14 06:45:00-05,0.227,0.553,7132,2019-07-14 06:45:00
1112189,1112189,5679,2019-07-14 07:00:00-05,0.296,0.214,7133,2019-07-14 07:00:00
1112190,1112190,5679,2019-07-14 07:15:00-05,0.436,0.091,7134,2019-07-14 07:15:00
1112191,1112191,5679,2019-07-14 07:30:00-05,0.544,-0.079,7135,2019-07-14 07:30:00
1112192,1112192,5679,2019-07-14 07:45:00-05,1.002,-0.447,7136,2019-07-14 07:45:00
1112193,1112193,5679,2019-07-14 08:00:00-05,1.602,-1.026,7137,2019-07-14 08:00:00
1112194,1112194,5679,2019-07-14 08:15:00-05,1.857,-1.536,7138,2019-07-14 08:15:00
1112195,1112195,5679,2019-07-14 08:30:00-05,2.155,-1.786,7139,2019-07-14 08:30:00
1112196,1112196,5679,2019-07-14 08:45:00-05,2.468,-2.157,7140,2019-07-14 08:45:00
1112197,1112197,5679,2019-07-14 09:00:00-05,2.757,-2.457,7141,2019-07-14 09:00:00
1112198,1112198,5679,2019-07-14 09:15:00-05,3.007,-2.618,7142,2019-07-14 09:15:00
1112199,1112199,5679,2019-07-14 09:30:00-05,3.212,-2.162,7143,2019-07-14 09:30:00
1112200,1112200,5679,2019-07-14 09:45:00-05,3.417,-2.96,7144,2019-07-14 09:45:00
1112201,1112201,5679,2019-07-14 10:00:00-05,3.605,-3.146,7145,2019-07-14 10:00:00
1112202,1112202,5679,2019-07-14 10:15:00-05,3.759,-3.371,7146,2019-07-14 10:15:00
1112203,1112203,5679,2019-07-14 10:30:00-05,3.906,-3.567,7147,2019-07-14 10:30:00
1112204,1112204,5679,2019-07-14 10:45:00-05,4.033,-3.719,7148,2019-07-14 10:45:00
1112205,1112205,5679,2019-07-14 11:00:00-05,4.126,-3.87,7149,2019-07-14 11:00:00
1112206,1112206,5679,2019-07-14 11:15:00-05,4.169,-1.843,7150,2019-07-14 11:15:00
1112207,1112207,5679,2019-07-14 11:30:00-05,4.15,-2.267,7151,2019-07-14 11:30:00
1112208,1112208,5679,2019-07-14 11:45:00-05,4.193,-2.002,7152,2019-07-14 11:45:00
1112209,1112209,5679,2019-07-14 12:00:00-05,4.256,-3.935,7153,2019-07-14 12:00:00
1112210,1112210,5679,2019-07-14 12:15:00-05,4.296,-3.487,7154,2019-07-14 12:15:00
1112211,1112211,5679,2019-07-14 12:30:00-05,4.248,-3.259,7155,2019-07-14 12:30:00
1112212,1112212,5679,2019-07-14 12:45:00-05,3.827,-2.322,7156,2019-07-14 12:45:00
1112213,1112213,5679,2019-07-14 13:00:00-05,3.898,-1.601,7157,2019-07-14 13:00:00
1112214,1112214,5679,2019-07-14 13:15:00-05,3.579,-1.663,7158,2019-07-14 13:15:00
1112215,1112215,5679,2019-07-14 13:30:00-05,3.011,-1.156,7159,2019-07-14 13:30:00
1112216,1112216,5679,2019-07-14 13:45:00-05,2.714,-1.981,7160,2019-07-14 13:45:00
1112217,1112217,5679,2019-07-14 14:00:00-05,2.67,-2.451,7161,2019-07-14 14:00:00
1112218,1112218,5679,2019-07-14 14:15:00-05,2.273,-2.068,7162,2019-07-14 14:15:00
1112219,1112219,5679,2019-07-14 14:30:00-05,1.337,-1.141,7163,2019-07-14 14:30:00
1112220,1112220,5679,2019-07-14 14:45:00-05,1.618,-1.44,7164,2019-07-14 14:45:00
1112221,1112221,5679,2019-07-14 15:00:00-05,1.056,-0.84,7165,2019-07-14 15:00:00
1112222,1112222,5679,2019-07-14 15:15:00-05,0.853,-0.548,7166,2019-07-14 15:15:00
1112223,1112223,5679,2019-07-14 15:30:00-05,0.768,-0.474,7167,2019-07-14 15:30:00
1112224,1112224,5679,2019-07-14 15:45:00-05,0.62,-0.298,7168,2019-07-14 15:45:00
1112225,1112225,5679,2019-07-14 16:00:00-05,0.521,-0.204,7169,2019-07-14 16:00:00
1112226,1112226,5679,2019-07-14 16:15:00-05,0.446,-0.081,7170,2019-07-14 16:15:00
1112227,1112227,5679,2019-07-14 16:30:00-05,0.348,-0.002,7171,2019-07-14 16:30:00
1112228,1112228,5679,2019-07-14 16:45:00-05,0.347,-0.021,7172,2019-07-14 16:45:00
1112229,1112229,5679,2019-07-14 17:00:00-05,0.312,-0.026,7173,2019-07-14 17:00:00
1112230,1112230,5679,2019-07-14 17:15:00-05,0.295,0.031,7174,2019-07-14 17:15:00
1112231,1112231,5679,2019-07-14 17:30:00-05,0.249,0.041,7175,2019-07-14 17:30:00
1112232,1112232,5679,2019-07-14 17:45:00-05,0.215,-0.024,7176,2019-07-14 17:45:00
1112233,1112233,5679,2019-07-14 18:00:00-05,0.186,0.141,7177,2019-07-14 18:00:00
1112234,1112234,5679,2019-07-14 18:15:00-05,0.088,0.238,7178,2019-07-14 18:15:00
1112235,1112235,5679,2019-07-14 18:30:00-05,0.163,0.172,7179,2019-07-14 18:30:00
1112236,1112236,5679,2019-07-14 18:45:00-05,0.216,0.113,7180,2019-07-14 18:45:00
1112237,1112237,5679,2019-07-14 19:00:00-05,0.121,0.176,7181,2019-07-14 19:00:00
1112238,1112238,5679,2019-07-14 19:15:00-05,0.064,0.338,7182,2019-07-14 19:15:00
1112239,1112239,5679,2019-07-14 19:30:00-05,0.012,3.13,7183,2019-07-14 19:30:00
1112240,1112240,5679,2019-07-14 19:45:00-05,-0.001,7.49,7184,2019-07-14 19:45:00
1112241,1112241,5679,2019-07-14 20:00:00-05,-0.001,7.322,7185,2019-07-14 20:00:00
1112242,1112242,5679,2019-07-14 20:15:00-05,-0.001,7.342,7186,2019-07-14 20:15:00
1112243,1112243,5679,2019-07-14 20:30:00-05,-0.001,7.311,7187,2019-07-14 20:30:00
1112244,1112244,5679,2019-07-14 20:45:00-05,-0.001,7.325,7188,2019-07-14 20:45:00
1112245,1112245,5679,2019-07-14 21:00:00-05,-0.001,7.415,7189,2019-07-14 21:00:00
1112246,1112246,5679,2019-07-14 21:15:00-05,0.001,4.513,7190,2019-07-14 21:15:00
1112247,1112247,5679,2019-07-14 21:30:00-05,0.005,0.329,7191,2019-07-14 21:30:00
1112248,1112248,5679,2019-07-14 21:45:00-05,0.005,0.371,7192,2019-07-14 21:45:00
1112249,1112249,5679,2019-07-14 22:00:00-05,0.005,0.339,7193,2019-07-14 22:00:00
1112250,1112250,5679,2019-07-14 22:15:00-05,0.005,0.337,7194,2019-07-14 22:15:00
1112251,1112251,5679,2019-07-14 22:30:00-05,0.005,0.446,7195,2019-07-14 22:30:00
1112252,1112252,5679,2019-07-14 22:45:00-05,0.005,0.442,7196,2019-07-14 22:45:00
1112253,1112253,5679,2019-07-14 23:00:00-05,0.005,0.397,7197,2019-07-14 23:00:00
1112254,1112254,5679,2019-07-14 23:15:00-05,0.005,0.444,7198,2019-07-14 23:15:00
1112255,1112255,5679,2019-07-14 23:30:00-05,0.006,0.44,7199,2019-07-14 23:30:00
1112256,1112256,5679,2019-07-14 23:45:00-05,0.006,0.304,7200,2019-07-14 23:45:00
1112257,1112257,5679,2019-07-15 00:00:00-05,0.006,0.324,7201,2019-07-15 00:00:00
1112258,1112258,5679,2019-07-15 00:15:00-05,0.006,0.33,7202,2019-07-15 00:15:00
1112259,1112259,5679,2019-07-15 00:30:00-05,0.006,0.298,7203,2019-07-15 00:30:00
1112260,1112260,5679,2019-07-15 00:45:00-05,0.006,0.323,7204,2019-07-15 00:45:00
1112261,1112261,5679,2019-07-15 01:00:00-05,0.006,0.363,7205,2019-07-15 01:00:00
1112262,1112262,5679,2019-07-15 01:15:00-05,0.006,0.399,7206,2019-07-15 01:15:00
1112263,1112263,5679,2019-07-15 01:30:00-05,0.006,0.438,7207,2019-07-15 01:30:00
1112264,1112264,5679,2019-07-15 01:45:00-05,0.006,0.459,7208,2019-07-15 01:45:00
1112265,1112265,5679,2019-07-15 02:00:00-05,0.006,0.394,7209,2019-07-15 02:00:00
1112266,1112266,5679,2019-07-15 02:15:00-05,0.006,0.4,7210,2019-07-15 02:15:00
1112267,1112267,5679,2019-07-15 02:30:00-05,0.006,0.331,7211,2019-07-15 02:30:00
1112268,1112268,5679,2019-07-15 02:45:00-05,0.006,0.285,7212,2019-07-15 02:45:00
1112269,1112269,5679,2019-07-15 03:00:00-05,0.006,0.337,7213,2019-07-15 03:00:00
1112270,1112270,5679,2019-07-15 03:15:00-05,0.006,0.327,7214,2019-07-15 03:15:00
1112271,1112271,5679,2019-07-15 03:30:00-05,0.006,0.284,7215,2019-07-15 03:30:00
1112272,1112272,5679,2019-07-15 03:45:00-05,0.006,0.415,7216,2019-07-15 03:45:00
1112273,1112273,5679,2019-07-15 04:00:00-05,0.006,0.435,7217,2019-07-15 04:00:00
1112274,1112274,5679,2019-07-15 04:15:00-05,0.006,0.39,7218,2019-07-15 04:15:00
1112275,1112275,5679,2019-07-15 04:30:00-05,0.006,0.525,7219,2019-07-15 04:30:00
1112276,1112276,5679,2019-07-15 04:45:00-05,0.013,0.54,7220,2019-07-15 04:45:00
1112277,1112277,5679,2019-07-15 05:00:00-05,0.035,0.353,7221,2019-07-15 05:00:00
1112278,1112278,5679,2019-07-15 05:15:00-05,0.058,0.272,7222,2019-07-15 05:15:00
1112279,1112279,5679,2019-07-15 05:30:00-05,0.078,0.252,7223,2019-07-15 05:30:00
1112280,1112280,5679,2019-07-15 05:45:00-05,0.111,0.176,7224,2019-07-15 05:45:00
1112281,1112281,5679,2019-07-15 06:00:00-05,0.149,0.612,7225,2019-07-15 06:00:00
1112282,1112282,5679,2019-07-15 06:15:00-05,0.189,0.151,7226,2019-07-15 06:15:00
1112283,1112283,5679,2019-07-15 06:30:00-05,0.221,0.162,7227,2019-07-15 06:30:00
1112284,1112284,5679,2019-07-15 06:45:00-05,0.278,0.09,7228,2019-07-15 06:45:00
1112285,1112285,5679,2019-07-15 07:00:00-05,0.369,0.415,7229,2019-07-15 07:00:00
1112286,1112286,5679,2019-07-15 07:15:00-05,0.489,0.034,7230,2019-07-15 07:15:00
1112287,1112287,5679,2019-07-15 07:30:00-05,0.587,-0.202,7231,2019-07-15 07:30:00
1112288,1112288,5679,2019-07-15 07:45:00-05,1.015,-0.338,7232,2019-07-15 07:45:00
1112289,1112289,5679,2019-07-15 08:00:00-05,1.62,-1.091,7233,2019-07-15 08:00:00
1112290,1112290,5679,2019-07-15 08:15:00-05,1.891,-1.638,7234,2019-07-15 08:15:00
1112291,1112291,5679,2019-07-15 08:30:00-05,2.219,-1.856,7235,2019-07-15 08:30:00
1112292,1112292,5679,2019-07-15 08:45:00-05,2.518,-2.257,7236,2019-07-15 08:45:00
1112293,1112293,5679,2019-07-15 09:00:00-05,2.803,-2.608,7237,2019-07-15 09:00:00
1112294,1112294,5679,2019-07-15 09:15:00-05,3.051,-2.761,7238,2019-07-15 09:15:00
1112295,1112295,5679,2019-07-15 09:30:00-05,3.274,-2.935,7239,2019-07-15 09:30:00
1112296,1112296,5679,2019-07-15 09:45:00-05,3.468,-3.109,7240,2019-07-15 09:45:00
1112297,1112297,5679,2019-07-15 10:00:00-05,3.626,-2.602,7241,2019-07-15 10:00:00
1112298,1112298,5679,2019-07-15 10:15:00-05,3.779,-3.032,7242,2019-07-15 10:15:00
1112299,1112299,5679,2019-07-15 10:30:00-05,3.911,-3.233,7243,2019-07-15 10:30:00
1112300,1112300,5679,2019-07-15 10:45:00-05,4.026,-3.233,7244,2019-07-15 10:45:00
1112301,1112301,5679,2019-07-15 11:00:00-05,4.109,-3.793,7245,2019-07-15 11:00:00
1112302,1112302,5679,2019-07-15 11:15:00-05,4.141,-3.835,7246,2019-07-15 11:15:00
1112303,1112303,5679,2019-07-15 11:30:00-05,4.127,-3.822,7247,2019-07-15 11:30:00
1112304,1112304,5679,2019-07-15 11:45:00-05,4.2,-3.156,7248,2019-07-15 11:45:00
1112305,1112305,5679,2019-07-15 12:00:00-05,4.17,-1.859,7249,2019-07-15 12:00:00
1112306,1112306,5679,2019-07-15 12:15:00-05,4.19,-1.447,7250,2019-07-15 12:15:00
1112307,1112307,5679,2019-07-15 12:30:00-05,4.223,-2.418,7251,2019-07-15 12:30:00
1112308,1112308,5679,2019-07-15 12:45:00-05,4.011,-1.855,7252,2019-07-15 12:45:00
1112309,1112309,5679,2019-07-15 13:00:00-05,3.991,-1.954,7253,2019-07-15 13:00:00
1112310,1112310,5679,2019-07-15 13:15:00-05,3.799,-1.755,7254,2019-07-15 13:15:00
1112311,1112311,5679,2019-07-15 13:30:00-05,2.54,-0.629,7255,2019-07-15 13:30:00
1112312,1112312,5679,2019-07-15 13:45:00-05,2.723,-0.875,7256,2019-07-15 13:45:00
1112313,1112313,5679,2019-07-15 14:00:00-05,2.494,-0.49,7257,2019-07-15 14:00:00
1112314,1112314,5679,2019-07-15 14:15:00-05,2.276,-0.355,7258,2019-07-15 14:15:00
1112315,1112315,5679,2019-07-15 14:30:00-05,2.011,-0.117,7259,2019-07-15 14:30:00
1112316,1112316,5679,2019-07-15 14:45:00-05,1.873,-0.139,7260,2019-07-15 14:45:00
1112317,1112317,5679,2019-07-15 15:00:00-05,1.501,-0.771,7261,2019-07-15 15:00:00
1112318,1112318,5679,2019-07-15 15:15:00-05,1.375,-0.503,7262,2019-07-15 15:15:00
1112319,1112319,5679,2019-07-15 15:30:00-05,0.859,0.347,7263,2019-07-15 15:30:00
1112320,1112320,5679,2019-07-15 15:45:00-05,0.672,-0.117,7264,2019-07-15 15:45:00
1112321,1112321,5679,2019-07-15 16:00:00-05,0.69,-0.298,7265,2019-07-15 16:00:00
1112322,1112322,5679,2019-07-15 16:15:00-05,0.639,0.269,7266,2019-07-15 16:15:00
1112323,1112323,5679,2019-07-15 16:30:00-05,0.506,0.488,7267,2019-07-15 16:30:00
1112324,1112324,5679,2019-07-15 16:45:00-05,0.536,0.551,7268,2019-07-15 16:45:00
1112325,1112325,5679,2019-07-15 17:00:00-05,0.496,0.494,7269,2019-07-15 17:00:00
1112326,1112326,5679,2019-07-15 17:15:00-05,0.42,0.56,7270,2019-07-15 17:15:00
1112327,1112327,5679,2019-07-15 17:30:00-05,0.381,1.395,7271,2019-07-15 17:30:00
1112328,1112328,5679,2019-07-15 17:45:00-05,0.446,1.331,7272,2019-07-15 17:45:00
1112329,1112329,5679,2019-07-15 18:00:00-05,0.382,1.558,7273,2019-07-15 18:00:00
1112330,1112330,5679,2019-07-15 18:15:00-05,0.281,1.29,7274,2019-07-15 18:15:00
1112331,1112331,5679,2019-07-15 18:30:00-05,0.211,1.513,7275,2019-07-15 18:30:00
1112332,1112332,5679,2019-07-15 18:45:00-05,0.122,1.383,7276,2019-07-15 18:45:00
1112333,1112333,5679,2019-07-15 19:00:00-05,0.054,1.276,7277,2019-07-15 19:00:00
1112334,1112334,5679,2019-07-15 19:15:00-05,0.023,1.136,7278,2019-07-15 19:15:00
1112335,1112335,5679,2019-07-15 19:30:00-05,0.009,0.997,7279,2019-07-15 19:30:00
1112336,1112336,5679,2019-07-15 19:45:00-05,0.005,0.91,7280,2019-07-15 19:45:00
1112337,1112337,5679,2019-07-15 20:00:00-05,0.005,0.791,7281,2019-07-15 20:00:00
1112338,1112338,5679,2019-07-15 20:15:00-05,0.005,0.404,7282,2019-07-15 20:15:00
1112339,1112339,5679,2019-07-15 20:30:00-05,0.005,0.487,7283,2019-07-15 20:30:00
1112340,1112340,5679,2019-07-15 20:45:00-05,0.005,0.496,7284,2019-07-15 20:45:00
1112341,1112341,5679,2019-07-15 21:00:00-05,0.005,0.504,7285,2019-07-15 21:00:00
1112342,1112342,5679,2019-07-15 21:15:00-05,0.005,0.498,7286,2019-07-15 21:15:00
1112343,1112343,5679,2019-07-15 21:30:00-05,0.005,0.52,7287,2019-07-15 21:30:00
1112344,1112344,5679,2019-07-15 21:45:00-05,0.005,0.654,7288,2019-07-15 21:45:00
1112345,1112345,5679,2019-07-15 22:00:00-05,0.005,0.353,7289,2019-07-15 22:00:00
1112346,1112346,5679,2019-07-15 22:15:00-05,0.005,0.445,7290,2019-07-15 22:15:00
1112347,1112347,5679,2019-07-15 22:30:00-05,0.005,0.44,7291,2019-07-15 22:30:00
1112348,1112348,5679,2019-07-15 22:45:00-05,0.006,0.302,7292,2019-07-15 22:45:00
1112349,1112349,5679,2019-07-15 23:00:00-05,0.006,0.314,7293,2019-07-15 23:00:00
1112350,1112350,5679,2019-07-15 23:15:00-05,0.006,0.328,7294,2019-07-15 23:15:00
1112351,1112351,5679,2019-07-15 23:30:00-05,0.006,0.329,7295,2019-07-15 23:30:00
1112352,1112352,5679,2019-07-15 23:45:00-05,0.006,0.325,7296,2019-07-15 23:45:00
1112353,1112353,5679,2019-07-16 00:00:00-05,0.006,0.384,7297,2019-07-16 00:00:00
1112354,1112354,5679,2019-07-16 00:15:00-05,0.006,0.407,7298,2019-07-16 00:15:00
1112355,1112355,5679,2019-07-16 00:30:00-05,0.006,0.431,7299,2019-07-16 00:30:00
1112356,1112356,5679,2019-07-16 00:45:00-05,0.006,0.43,7300,2019-07-16 00:45:00
1112357,1112357,5679,2019-07-16 01:00:00-05,0.006,0.387,7301,2019-07-16 01:00:00
1112358,1112358,5679,2019-07-16 01:15:00-05,0.006,0.321,7302,2019-07-16 01:15:00
1112359,1112359,5679,2019-07-16 01:30:00-05,0.006,0.31,7303,2019-07-16 01:30:00
1112360,1112360,5679,2019-07-16 01:45:00-05,0.006,0.297,7304,2019-07-16 01:45:00
1112361,1112361,5679,2019-07-16 02:00:00-05,0.006,0.32,7305,2019-07-16 02:00:00
1112362,1112362,5679,2019-07-16 02:15:00-05,0.006,0.341,7306,2019-07-16 02:15:00
1112363,1112363,5679,2019-07-16 02:30:00-05,0.006,0.433,7307,2019-07-16 02:30:00
1112364,1112364,5679,2019-07-16 02:45:00-05,0.006,0.426,7308,2019-07-16 02:45:00
1112365,1112365,5679,2019-07-16 03:00:00-05,0.006,0.397,7309,2019-07-16 03:00:00
1112366,1112366,5679,2019-07-16 03:15:00-05,0.006,0.428,7310,2019-07-16 03:15:00
1112367,1112367,5679,2019-07-16 03:30:00-05,0.006,0.403,7311,2019-07-16 03:30:00
1112368,1112368,5679,2019-07-16 03:45:00-05,0.006,0.322,7312,2019-07-16 03:45:00
1112369,1112369,5679,2019-07-16 04:00:00-05,0.006,0.321,7313,2019-07-16 04:00:00
1112370,1112370,5679,2019-07-16 04:15:00-05,0.006,0.294,7314,2019-07-16 04:15:00
1112371,1112371,5679,2019-07-16 04:30:00-05,0.006,0.347,7315,2019-07-16 04:30:00
1112372,1112372,5679,2019-07-16 04:45:00-05,0.006,0.831,7316,2019-07-16 04:45:00
1112373,1112373,5679,2019-07-16 05:00:00-05,0.029,0.445,7317,2019-07-16 05:00:00
1112374,1112374,5679,2019-07-16 05:15:00-05,0.088,0.27,7318,2019-07-16 05:15:00
1112375,1112375,5679,2019-07-16 05:30:00-05,0.321,0.191,7319,2019-07-16 05:30:00
1112376,1112376,5679,2019-07-16 05:45:00-05,0.375,0.383,7320,2019-07-16 05:45:00
1112377,1112377,5679,2019-07-16 06:00:00-05,0.443,-0.15,7321,2019-07-16 06:00:00
1112378,1112378,5679,2019-07-16 06:15:00-05,0.492,-0.274,7322,2019-07-16 06:15:00
1112379,1112379,5679,2019-07-16 06:30:00-05,0.45,-0.236,7323,2019-07-16 06:30:00
1112380,1112380,5679,2019-07-16 06:45:00-05,0.94,-0.74,7324,2019-07-16 06:45:00
1112381,1112381,5679,2019-07-16 07:00:00-05,0.669,-0.474,7325,2019-07-16 07:00:00
1112382,1112382,5679,2019-07-16 07:15:00-05,0.755,-0.541,7326,2019-07-16 07:15:00
1112383,1112383,5679,2019-07-16 07:30:00-05,0.861,-0.525,7327,2019-07-16 07:30:00
1112384,1112384,5679,2019-07-16 07:45:00-05,1.077,0.438,7328,2019-07-16 07:45:00
1112385,1112385,5679,2019-07-16 08:00:00-05,1.248,0.337,7329,2019-07-16 08:00:00
1112386,1112386,5679,2019-07-16 08:15:00-05,0.957,0.766,7330,2019-07-16 08:15:00
1112387,1112387,5679,2019-07-16 08:30:00-05,1.347,-1.06,7331,2019-07-16 08:30:00
1112388,1112388,5679,2019-07-16 08:45:00-05,2.267,-2.063,7332,2019-07-16 08:45:00
1112389,1112389,5679,2019-07-16 09:00:00-05,2.537,-2.312,7333,2019-07-16 09:00:00
1112390,1112390,5679,2019-07-16 09:15:00-05,2.83,-2.599,7334,2019-07-16 09:15:00
1112391,1112391,5679,2019-07-16 09:30:00-05,2.977,-2.759,7335,2019-07-16 09:30:00
1112392,1112392,5679,2019-07-16 09:45:00-05,3.111,-2.806,7336,2019-07-16 09:45:00
1112393,1112393,5679,2019-07-16 10:00:00-05,3.316,-2.886,7337,2019-07-16 10:00:00
1112394,1112394,5679,2019-07-16 10:15:00-05,2.684,-1.934,7338,2019-07-16 10:15:00
1112395,1112395,5679,2019-07-16 10:30:00-05,1.366,-0.758,7339,2019-07-16 10:30:00
1112396,1112396,5679,2019-07-16 10:45:00-05,1.815,-0.734,7340,2019-07-16 10:45:00
1112397,1112397,5679,2019-07-16 11:00:00-05,2.975,-2.093,7341,2019-07-16 11:00:00
1112398,1112398,5679,2019-07-16 11:15:00-05,4.058,-2.876,7342,2019-07-16 11:15:00
1112399,1112399,5679,2019-07-16 11:30:00-05,3.922,-2.875,7343,2019-07-16 11:30:00
1112400,1112400,5679,2019-07-16 11:45:00-05,3.888,-2.836,7344,2019-07-16 11:45:00
1112401,1112401,5679,2019-07-16 12:00:00-05,3.864,-2.495,7345,2019-07-16 12:00:00
1112402,1112402,5679,2019-07-16 12:15:00-05,2.991,1.209,7346,2019-07-16 12:15:00
1112403,1112403,5679,2019-07-16 12:30:00-05,3.255,6.243,7347,2019-07-16 12:30:00
1112404,1112404,5679,2019-07-16 12:45:00-05,3.252,5.439,7348,2019-07-16 12:45:00
1112405,1112405,5679,2019-07-16 13:00:00-05,3.924,4.918,7349,2019-07-16 13:00:00
1112406,1112406,5679,2019-07-16 13:15:00-05,1.643,7.123,7350,2019-07-16 13:15:00
1112407,1112407,5679,2019-07-16 13:30:00-05,0.459,4.46,7351,2019-07-16 13:30:00
1112408,1112408,5679,2019-07-16 13:45:00-05,1.837,-0.34,7352,2019-07-16 13:45:00
1112409,1112409,5679,2019-07-16 14:00:00-05,2.7,-1.17,7353,2019-07-16 14:00:00
1112410,1112410,5679,2019-07-16 14:15:00-05,2.38,-0.695,7354,2019-07-16 14:15:00
1112411,1112411,5679,2019-07-16 14:30:00-05,2.028,-0.238,7355,2019-07-16 14:30:00
1112412,1112412,5679,2019-07-16 14:45:00-05,1.656,0.12,7356,2019-07-16 14:45:00
1112413,1112413,5679,2019-07-16 15:00:00-05,1.154,0.572,7357,2019-07-16 15:00:00
1112414,1112414,5679,2019-07-16 15:15:00-05,0.907,0.754,7358,2019-07-16 15:15:00
1112415,1112415,5679,2019-07-16 15:30:00-05,0.774,1.296,7359,2019-07-16 15:30:00
1112416,1112416,5679,2019-07-16 15:45:00-05,1.232,0.408,7360,2019-07-16 15:45:00
1112417,1112417,5679,2019-07-16 16:00:00-05,1.173,0.929,7361,2019-07-16 16:00:00
1112418,1112418,5679,2019-07-16 16:15:00-05,0.616,1.902,7362,2019-07-16 16:15:00
1112419,1112419,5679,2019-07-16 16:30:00-05,0.097,2.69,7363,2019-07-16 16:30:00
1112420,1112420,5679,2019-07-16 16:45:00-05,0.005,1.978,7364,2019-07-16 16:45:00
1112421,1112421,5679,2019-07-16 17:00:00-05,0.032,1.466,7365,2019-07-16 17:00:00
1112422,1112422,5679,2019-07-16 17:15:00-05,0.146,1.325,7366,2019-07-16 17:15:00
1112423,1112423,5679,2019-07-16 17:30:00-05,0.283,1.045,7367,2019-07-16 17:30:00
1112424,1112424,5679,2019-07-16 17:45:00-05,0.348,0.981,7368,2019-07-16 17:45:00
1112425,1112425,5679,2019-07-16 18:00:00-05,0.162,1.175,7369,2019-07-16 18:00:00
1112426,1112426,5679,2019-07-16 18:15:00-05,0.125,1.201,7370,2019-07-16 18:15:00
1112427,1112427,5679,2019-07-16 18:30:00-05,0.105,1.165,7371,2019-07-16 18:30:00
1112428,1112428,5679,2019-07-16 18:45:00-05,0.077,1.091,7372,2019-07-16 18:45:00
1112429,1112429,5679,2019-07-16 19:00:00-05,0.037,0.854,7373,2019-07-16 19:00:00
1112430,1112430,5679,2019-07-16 19:15:00-05,0.01,1.013,7374,2019-07-16 19:15:00
1112431,1112431,5679,2019-07-16 19:30:00-05,0.005,0.844,7375,2019-07-16 19:30:00
1112432,1112432,5679,2019-07-16 19:45:00-05,0.005,0.774,7376,2019-07-16 19:45:00
1112433,1112433,5679,2019-07-16 20:00:00-05,0.005,0.695,7377,2019-07-16 20:00:00
1112434,1112434,5679,2019-07-16 20:15:00-05,0.005,0.495,7378,2019-07-16 20:15:00
1112435,1112435,5679,2019-07-16 20:30:00-05,0.005,0.466,7379,2019-07-16 20:30:00
1112436,1112436,5679,2019-07-16 20:45:00-05,0.005,0.738,7380,2019-07-16 20:45:00
1112437,1112437,5679,2019-07-16 21:00:00-05,0.005,0.753,7381,2019-07-16 21:00:00
1112438,1112438,5679,2019-07-16 21:15:00-05,0.005,0.372,7382,2019-07-16 21:15:00
1112439,1112439,5679,2019-07-16 21:30:00-05,0.005,0.614,7383,2019-07-16 21:30:00
1112440,1112440,5679,2019-07-16 21:45:00-05,0.005,0.601,7384,2019-07-16 21:45:00
1112441,1112441,5679,2019-07-16 22:00:00-05,0.005,0.483,7385,2019-07-16 22:00:00
1112442,1112442,5679,2019-07-16 22:15:00-05,0.005,0.592,7386,2019-07-16 22:15:00
1112443,1112443,5679,2019-07-16 22:30:00-05,0.005,0.405,7387,2019-07-16 22:30:00
1112444,1112444,5679,2019-07-16 22:45:00-05,0.006,0.295,7388,2019-07-16 22:45:00
1112445,1112445,5679,2019-07-16 23:00:00-05,0.006,0.323,7389,2019-07-16 23:00:00
1112446,1112446,5679,2019-07-16 23:15:00-05,0.006,0.414,7390,2019-07-16 23:15:00
1112447,1112447,5679,2019-07-16 23:30:00-05,0.006,0.277,7391,2019-07-16 23:30:00
1112448,1112448,5679,2019-07-16 23:45:00-05,0.006,0.195,7392,2019-07-16 23:45:00
1112449,1112449,5679,2019-07-17 00:00:00-05,0.006,0.188,7393,2019-07-17 00:00:00
1112450,1112450,5679,2019-07-17 00:15:00-05,0.006,0.208,7394,2019-07-17 00:15:00
1112451,1112451,5679,2019-07-17 00:30:00-05,0.006,0.268,7395,2019-07-17 00:30:00
1112452,1112452,5679,2019-07-17 00:45:00-05,0.006,0.312,7396,2019-07-17 00:45:00
1112453,1112453,5679,2019-07-17 01:00:00-05,0.006,0.29,7397,2019-07-17 01:00:00
1112454,1112454,5679,2019-07-17 01:15:00-05,0.005,0.412,7398,2019-07-17 01:15:00
1112455,1112455,5679,2019-07-17 01:30:00-05,0.006,0.371,7399,2019-07-17 01:30:00
1112456,1112456,5679,2019-07-17 01:45:00-05,0.006,0.246,7400,2019-07-17 01:45:00
1112457,1112457,5679,2019-07-17 02:00:00-05,0.006,0.19,7401,2019-07-17 02:00:00
1112458,1112458,5679,2019-07-17 02:15:00-05,0.006,0.281,7402,2019-07-17 02:15:00
1112459,1112459,5679,2019-07-17 02:30:00-05,0.006,0.226,7403,2019-07-17 02:30:00
1112460,1112460,5679,2019-07-17 02:45:00-05,0.006,0.21,7404,2019-07-17 02:45:00
1112461,1112461,5679,2019-07-17 03:00:00-05,0.006,0.315,7405,2019-07-17 03:00:00
1112462,1112462,5679,2019-07-17 03:15:00-05,0.006,0.314,7406,2019-07-17 03:15:00
1112463,1112463,5679,2019-07-17 03:30:00-05,0.006,0.317,7407,2019-07-17 03:30:00
1112464,1112464,5679,2019-07-17 03:45:00-05,0.006,0.418,7408,2019-07-17 03:45:00
1112465,1112465,5679,2019-07-17 04:00:00-05,0.005,0.702,7409,2019-07-17 04:00:00
1112466,1112466,5679,2019-07-17 04:15:00-05,0.006,0.461,7410,2019-07-17 04:15:00
1112467,1112467,5679,2019-07-17 04:30:00-05,0.004,1.584,7411,2019-07-17 04:30:00
1112468,1112468,5679,2019-07-17 04:45:00-05,0.005,1.39,7412,2019-07-17 04:45:00
1112469,1112469,5679,2019-07-17 05:00:00-05,0.01,1.468,7413,2019-07-17 05:00:00
1112470,1112470,5679,2019-07-17 05:15:00-05,0.02,1.863,7414,2019-07-17 05:15:00
1112471,1112471,5679,2019-07-17 05:30:00-05,0.064,1.404,7415,2019-07-17 05:30:00
1112472,1112472,5679,2019-07-17 05:45:00-05,0.3,1.213,7416,2019-07-17 05:45:00
1112473,1112473,5679,2019-07-17 06:00:00-05,0.323,5.629,7417,2019-07-17 06:00:00
1112474,1112474,5679,2019-07-17 06:15:00-05,0.157,5.204,7418,2019-07-17 06:15:00
1112475,1112475,5679,2019-07-17 06:30:00-05,0.193,3.265,7419,2019-07-17 06:30:00
1112476,1112476,5679,2019-07-17 06:45:00-05,0.343,1.877,7420,2019-07-17 06:45:00
1112477,1112477,5679,2019-07-17 07:00:00-05,0.329,0.485,7421,2019-07-17 07:00:00
1112478,1112478,5679,2019-07-17 07:15:00-05,0.353,0.428,7422,2019-07-17 07:15:00
1112479,1112479,5679,2019-07-17 07:30:00-05,0.213,4.891,7423,2019-07-17 07:30:00
1112480,1112480,5679,2019-07-17 07:45:00-05,0.241,3.795,7424,2019-07-17 07:45:00
1112481,1112481,5679,2019-07-17 08:00:00-05,0.46,1.988,7425,2019-07-17 08:00:00
1112482,1112482,5679,2019-07-17 08:15:00-05,0.619,0.238,7426,2019-07-17 08:15:00
1112483,1112483,5679,2019-07-17 08:30:00-05,0.821,-0.457,7427,2019-07-17 08:30:00
1112484,1112484,5679,2019-07-17 08:45:00-05,1.313,-0.866,7428,2019-07-17 08:45:00
1112485,1112485,5679,2019-07-17 09:00:00-05,2.214,-1.447,7429,2019-07-17 09:00:00
1112486,1112486,5679,2019-07-17 09:15:00-05,2.021,-1.321,7430,2019-07-17 09:15:00
1112487,1112487,5679,2019-07-17 09:30:00-05,3.427,-1.388,7431,2019-07-17 09:30:00
1112488,1112488,5679,2019-07-17 09:45:00-05,2.021,-1.542,7432,2019-07-17 09:45:00
1112489,1112489,5679,2019-07-17 10:00:00-05,1.999,-0.959,7433,2019-07-17 10:00:00
1112490,1112490,5679,2019-07-17 10:15:00-05,2.993,-1.475,7434,2019-07-17 10:15:00
1112491,1112491,5679,2019-07-17 10:30:00-05,2.219,-0.63,7435,2019-07-17 10:30:00
1112492,1112492,5679,2019-07-17 10:45:00-05,1.816,0.654,7436,2019-07-17 10:45:00
1112493,1112493,5679,2019-07-17 11:00:00-05,0.927,0.691,7437,2019-07-17 11:00:00
1112494,1112494,5679,2019-07-17 11:15:00-05,0.603,1.421,7438,2019-07-17 11:15:00
1112495,1112495,5679,2019-07-17 11:30:00-05,0.98,0.301,7439,2019-07-17 11:30:00
1112496,1112496,5679,2019-07-17 11:45:00-05,1.008,0.104,7440,2019-07-17 11:45:00
1112497,1112497,5679,2019-07-17 12:00:00-05,0.912,0.117,7441,2019-07-17 12:00:00
1112498,1112498,5679,2019-07-17 12:15:00-05,1.828,0.036,7442,2019-07-17 12:15:00
1112499,1112499,5679,2019-07-17 12:30:00-05,2.051,-0.655,7443,2019-07-17 12:30:00
1112500,1112500,5679,2019-07-17 12:45:00-05,2.927,-1.421,7444,2019-07-17 12:45:00
1112501,1112501,5679,2019-07-17 13:00:00-05,4.266,-2.625,7445,2019-07-17 13:00:00
1112502,1112502,5679,2019-07-17 13:15:00-05,2.306,-1.151,7446,2019-07-17 13:15:00
1112503,1112503,5679,2019-07-17 13:30:00-05,1.126,-0.674,7447,2019-07-17 13:30:00
1112504,1112504,5679,2019-07-17 13:45:00-05,2.088,-1.615,7448,2019-07-17 13:45:00
1112505,1112505,5679,2019-07-17 14:00:00-05,1.339,-0.911,7449,2019-07-17 14:00:00
1112506,1112506,5679,2019-07-17 14:15:00-05,1.191,-0.834,7450,2019-07-17 14:15:00
1112507,1112507,5679,2019-07-17 14:30:00-05,1.131,2.082,7451,2019-07-17 14:30:00
1112508,1112508,5679,2019-07-17 14:45:00-05,1.936,6.446,7452,2019-07-17 14:45:00
1112509,1112509,5679,2019-07-17 15:00:00-05,1.602,6.858,7453,2019-07-17 15:00:00
1112510,1112510,5679,2019-07-17 15:15:00-05,0.465,7.93,7454,2019-07-17 15:15:00
1112511,1112511,5679,2019-07-17 15:30:00-05,0.158,7.935,7455,2019-07-17 15:30:00
1112512,1112512,5679,2019-07-17 15:45:00-05,0.133,6.112,7456,2019-07-17 15:45:00
1112513,1112513,5679,2019-07-17 16:00:00-05,0.139,1.524,7457,2019-07-17 16:00:00
1112514,1112514,5679,2019-07-17 16:15:00-05,0.136,1.409,7458,2019-07-17 16:15:00
1112515,1112515,5679,2019-07-17 16:30:00-05,0.199,1.627,7459,2019-07-17 16:30:00
1112516,1112516,5679,2019-07-17 16:45:00-05,0.226,1.748,7460,2019-07-17 16:45:00
1112517,1112517,5679,2019-07-17 17:00:00-05,0.125,1.696,7461,2019-07-17 17:00:00
1112518,1112518,5679,2019-07-17 17:15:00-05,0.181,1.756,7462,2019-07-17 17:15:00
1112519,1112519,5679,2019-07-17 17:30:00-05,0.102,1.214,7463,2019-07-17 17:30:00
1112520,1112520,5679,2019-07-17 17:45:00-05,0.067,1.277,7464,2019-07-17 17:45:00
1112521,1112521,5679,2019-07-17 18:00:00-05,0.047,1.02,7465,2019-07-17 18:00:00
1112522,1112522,5679,2019-07-17 18:15:00-05,0.064,0.495,7466,2019-07-17 18:15:00
1112523,1112523,5679,2019-07-17 18:30:00-05,0.137,0.423,7467,2019-07-17 18:30:00
1112524,1112524,5679,2019-07-17 18:45:00-05,0.201,0.361,7468,2019-07-17 18:45:00
1112525,1112525,5679,2019-07-17 19:00:00-05,0.175,0.329,7469,2019-07-17 19:00:00
1112526,1112526,5679,2019-07-17 19:15:00-05,0.072,0.382,7470,2019-07-17 19:15:00
1112527,1112527,5679,2019-07-17 19:30:00-05,0.008,0.635,7471,2019-07-17 19:30:00
1112528,1112528,5679,2019-07-17 19:45:00-05,0.005,0.406,7472,2019-07-17 19:45:00
1112529,1112529,5679,2019-07-17 20:00:00-05,0.005,0.929,7473,2019-07-17 20:00:00
1112530,1112530,5679,2019-07-17 20:15:00-05,0.005,0.827,7474,2019-07-17 20:15:00
1112531,1112531,5679,2019-07-17 20:30:00-05,0.006,0.373,7475,2019-07-17 20:30:00
1112532,1112532,5679,2019-07-17 20:45:00-05,0.005,0.734,7476,2019-07-17 20:45:00
1112533,1112533,5679,2019-07-17 21:00:00-05,0.005,0.509,7477,2019-07-17 21:00:00
1112534,1112534,5679,2019-07-17 21:15:00-05,0.005,0.447,7478,2019-07-17 21:15:00
1112535,1112535,5679,2019-07-17 21:30:00-05,0.006,0.423,7479,2019-07-17 21:30:00
1112536,1112536,5679,2019-07-17 21:45:00-05,0.005,0.749,7480,2019-07-17 21:45:00
1112537,1112537,5679,2019-07-17 22:00:00-05,0.006,0.324,7481,2019-07-17 22:00:00
1112538,1112538,5679,2019-07-17 22:15:00-05,0.005,0.633,7482,2019-07-17 22:15:00
1112539,1112539,5679,2019-07-17 22:30:00-05,0.006,0.437,7483,2019-07-17 22:30:00
1112540,1112540,5679,2019-07-17 22:45:00-05,0.006,0.474,7484,2019-07-17 22:45:00
1112541,1112541,5679,2019-07-17 23:00:00-05,0.006,0.587,7485,2019-07-17 23:00:00
1112542,1112542,5679,2019-07-17 23:15:00-05,0.006,0.423,7486,2019-07-17 23:15:00
1112543,1112543,5679,2019-07-17 23:30:00-05,0.006,0.576,7487,2019-07-17 23:30:00
1112544,1112544,5679,2019-07-17 23:45:00-05,0.006,0.271,7488,2019-07-17 23:45:00
1112545,1112545,5679,2019-07-18 00:00:00-05,0.006,0.218,7489,2019-07-18 00:00:00
1112546,1112546,5679,2019-07-18 00:15:00-05,0.006,0.192,7490,2019-07-18 00:15:00
1112547,1112547,5679,2019-07-18 00:30:00-05,0.006,0.196,7491,2019-07-18 00:30:00
1112548,1112548,5679,2019-07-18 00:45:00-05,0.006,0.25,7492,2019-07-18 00:45:00
1112549,1112549,5679,2019-07-18 01:00:00-05,0.006,0.323,7493,2019-07-18 01:00:00
1112550,1112550,5679,2019-07-18 01:15:00-05,0.006,0.304,7494,2019-07-18 01:15:00
1112551,1112551,5679,2019-07-18 01:30:00-05,0.006,0.3,7495,2019-07-18 01:30:00
1112552,1112552,5679,2019-07-18 01:45:00-05,0.006,0.331,7496,2019-07-18 01:45:00
1112553,1112553,5679,2019-07-18 02:00:00-05,0.006,0.268,7497,2019-07-18 02:00:00
1112554,1112554,5679,2019-07-18 02:15:00-05,0.006,0.202,7498,2019-07-18 02:15:00
1112555,1112555,5679,2019-07-18 02:30:00-05,0.006,0.181,7499,2019-07-18 02:30:00
1112556,1112556,5679,2019-07-18 02:45:00-05,0.006,0.192,7500,2019-07-18 02:45:00
1112557,1112557,5679,2019-07-18 03:00:00-05,0.006,0.209,7501,2019-07-18 03:00:00
1112558,1112558,5679,2019-07-18 03:15:00-05,0.006,0.229,7502,2019-07-18 03:15:00
1112559,1112559,5679,2019-07-18 03:30:00-05,0.006,0.315,7503,2019-07-18 03:30:00
1112560,1112560,5679,2019-07-18 03:45:00-05,0.006,0.294,7504,2019-07-18 03:45:00
1112561,1112561,5679,2019-07-18 04:00:00-05,0.006,0.309,7505,2019-07-18 04:00:00
1112562,1112562,5679,2019-07-18 04:15:00-05,0.006,0.316,7506,2019-07-18 04:15:00
1112563,1112563,5679,2019-07-18 04:30:00-05,0.006,0.26,7507,2019-07-18 04:30:00
1112564,1112564,5679,2019-07-18 04:45:00-05,0.017,0.597,7508,2019-07-18 04:45:00
1112565,1112565,5679,2019-07-18 05:00:00-05,0.078,1.293,7509,2019-07-18 05:00:00
1112566,1112566,5679,2019-07-18 05:15:00-05,0.154,1.248,7510,2019-07-18 05:15:00
1112567,1112567,5679,2019-07-18 05:30:00-05,0.343,1.12,7511,2019-07-18 05:30:00
1112568,1112568,5679,2019-07-18 05:45:00-05,0.339,1.039,7512,2019-07-18 05:45:00
1112569,1112569,5679,2019-07-18 06:00:00-05,0.443,1.246,7513,2019-07-18 06:00:00
1112570,1112570,5679,2019-07-18 06:15:00-05,0.531,0.567,7514,2019-07-18 06:15:00
1112571,1112571,5679,2019-07-18 06:30:00-05,0.25,0.669,7515,2019-07-18 06:30:00
1112572,1112572,5679,2019-07-18 06:45:00-05,0.371,0.279,7516,2019-07-18 06:45:00
1112573,1112573,5679,2019-07-18 07:00:00-05,0.264,0.149,7517,2019-07-18 07:00:00
1112574,1112574,5679,2019-07-18 07:15:00-05,0.402,-0.036,7518,2019-07-18 07:15:00
1112575,1112575,5679,2019-07-18 07:30:00-05,0.534,-0.169,7519,2019-07-18 07:30:00
1112576,1112576,5679,2019-07-18 07:45:00-05,0.532,0.319,7520,2019-07-18 07:45:00
1112577,1112577,5679,2019-07-18 08:00:00-05,0.433,-0.003,7521,2019-07-18 08:00:00
1112578,1112578,5679,2019-07-18 08:15:00-05,0.794,-0.377,7522,2019-07-18 08:15:00
1112579,1112579,5679,2019-07-18 08:30:00-05,0.926,-0.122,7523,2019-07-18 08:30:00
1112580,1112580,5679,2019-07-18 08:45:00-05,0.842,-0.294,7524,2019-07-18 08:45:00
1112581,1112581,5679,2019-07-18 09:00:00-05,0.831,-0.166,7525,2019-07-18 09:00:00
1112582,1112582,5679,2019-07-18 09:15:00-05,1.885,-1.251,7526,2019-07-18 09:15:00
1112583,1112583,5679,2019-07-18 09:30:00-05,1.444,-0.686,7527,2019-07-18 09:30:00
1112584,1112584,5679,2019-07-18 09:45:00-05,3.254,-2.013,7528,2019-07-18 09:45:00
1112585,1112585,5679,2019-07-18 10:00:00-05,2.717,-1.387,7529,2019-07-18 10:00:00
1112586,1112586,5679,2019-07-18 10:15:00-05,2.764,-1.322,7530,2019-07-18 10:15:00
1112587,1112587,5679,2019-07-18 10:30:00-05,2.152,-0.692,7531,2019-07-18 10:30:00
1112588,1112588,5679,2019-07-18 10:45:00-05,3.723,-2.268,7532,2019-07-18 10:45:00
1112589,1112589,5679,2019-07-18 11:00:00-05,3.581,-2.067,7533,2019-07-18 11:00:00
1112590,1112590,5679,2019-07-18 11:15:00-05,4.099,-2.155,7534,2019-07-18 11:15:00
1112591,1112591,5679,2019-07-18 11:30:00-05,4.078,-2.618,7535,2019-07-18 11:30:00
1112592,1112592,5679,2019-07-18 11:45:00-05,4.111,-2.574,7536,2019-07-18 11:45:00
1112593,1112593,5679,2019-07-18 12:00:00-05,4.192,-2.679,7537,2019-07-18 12:00:00
1112594,1112594,5679,2019-07-18 12:15:00-05,4.106,-2.601,7538,2019-07-18 12:15:00
1112595,1112595,5679,2019-07-18 12:30:00-05,3.954,-2.398,7539,2019-07-18 12:30:00
1112596,1112596,5679,2019-07-18 12:45:00-05,3.818,-2.249,7540,2019-07-18 12:45:00
1112597,1112597,5679,2019-07-18 13:00:00-05,3.622,-1.989,7541,2019-07-18 13:00:00
1112598,1112598,5679,2019-07-18 13:15:00-05,3.493,-1.803,7542,2019-07-18 13:15:00
1112599,1112599,5679,2019-07-18 13:30:00-05,3.406,-1.294,7543,2019-07-18 13:30:00
1112600,1112600,5679,2019-07-18 13:45:00-05,2.89,-2.379,7544,2019-07-18 13:45:00
1112601,1112601,5679,2019-07-18 14:00:00-05,2.71,-1.39,7545,2019-07-18 14:00:00
1112602,1112602,5679,2019-07-18 14:15:00-05,2.192,-0.903,7546,2019-07-18 14:15:00
1112603,1112603,5679,2019-07-18 14:30:00-05,2.159,-1.558,7547,2019-07-18 14:30:00
1112604,1112604,5679,2019-07-18 14:45:00-05,1.82,-1.439,7548,2019-07-18 14:45:00
1112605,1112605,5679,2019-07-18 15:00:00-05,1.497,-1.186,7549,2019-07-18 15:00:00
1112606,1112606,5679,2019-07-18 15:15:00-05,0.935,-0.712,7550,2019-07-18 15:15:00
1112607,1112607,5679,2019-07-18 15:30:00-05,0.739,-0.545,7551,2019-07-18 15:30:00
1112608,1112608,5679,2019-07-18 15:45:00-05,0.712,-0.497,7552,2019-07-18 15:45:00
1112609,1112609,5679,2019-07-18 16:00:00-05,0.643,-0.399,7553,2019-07-18 16:00:00
1112610,1112610,5679,2019-07-18 16:15:00-05,0.535,-0.209,7554,2019-07-18 16:15:00
1112611,1112611,5679,2019-07-18 16:30:00-05,0.595,-0.288,7555,2019-07-18 16:30:00
1112612,1112612,5679,2019-07-18 16:45:00-05,0.518,-0.224,7556,2019-07-18 16:45:00
1112613,1112613,5679,2019-07-18 17:00:00-05,0.323,-0.003,7557,2019-07-18 17:00:00
1112614,1112614,5679,2019-07-18 17:15:00-05,0.242,0.193,7558,2019-07-18 17:15:00
1112615,1112615,5679,2019-07-18 17:30:00-05,0.215,0.161,7559,2019-07-18 17:30:00
1112616,1112616,5679,2019-07-18 17:45:00-05,0.201,0.026,7560,2019-07-18 17:45:00
1112617,1112617,5679,2019-07-18 18:00:00-05,0.19,0.023,7561,2019-07-18 18:00:00
1112618,1112618,5679,2019-07-18 18:15:00-05,0.15,0.076,7562,2019-07-18 18:15:00
1112619,1112619,5679,2019-07-18 18:30:00-05,0.118,0.103,7563,2019-07-18 18:30:00
1112620,1112620,5679,2019-07-18 18:45:00-05,0.092,0.158,7564,2019-07-18 18:45:00
1112621,1112621,5679,2019-07-18 19:00:00-05,0.06,0.265,7565,2019-07-18 19:00:00
1112622,1112622,5679,2019-07-18 19:15:00-05,0.028,0.3,7566,2019-07-18 19:15:00
1112623,1112623,5679,2019-07-18 19:30:00-05,0.006,0.32,7567,2019-07-18 19:30:00
1112624,1112624,5679,2019-07-18 19:45:00-05,0.005,0.295,7568,2019-07-18 19:45:00
1112625,1112625,5679,2019-07-18 20:00:00-05,0.005,0.215,7569,2019-07-18 20:00:00
1112626,1112626,5679,2019-07-18 20:15:00-05,0.005,0.213,7570,2019-07-18 20:15:00
1112627,1112627,5679,2019-07-18 20:30:00-05,0.006,0.21,7571,2019-07-18 20:30:00
1112628,1112628,5679,2019-07-18 20:45:00-05,0.006,0.27,7572,2019-07-18 20:45:00
1112629,1112629,5679,2019-07-18 21:00:00-05,0.005,0.318,7573,2019-07-18 21:00:00
1112630,1112630,5679,2019-07-18 21:15:00-05,0.005,0.342,7574,2019-07-18 21:15:00
1112631,1112631,5679,2019-07-18 21:30:00-05,0.005,0.431,7575,2019-07-18 21:30:00
1112632,1112632,5679,2019-07-18 21:45:00-05,0.005,0.433,7576,2019-07-18 21:45:00
1112633,1112633,5679,2019-07-18 22:00:00-05,0.005,0.43,7577,2019-07-18 22:00:00
1112634,1112634,5679,2019-07-18 22:15:00-05,0.005,0.43,7578,2019-07-18 22:15:00
1112635,1112635,5679,2019-07-18 22:30:00-05,0.005,0.536,7579,2019-07-18 22:30:00
1112636,1112636,5679,2019-07-18 22:45:00-05,0.005,1.152,7580,2019-07-18 22:45:00
1112637,1112637,5679,2019-07-18 23:00:00-05,-0.001,7.634,7581,2019-07-18 23:00:00
1112638,1112638,5679,2019-07-18 23:15:00-05,-0.003,9.216,7582,2019-07-18 23:15:00
1112639,1112639,5679,2019-07-18 23:30:00-05,-0.002,8.805,7583,2019-07-18 23:30:00
1112640,1112640,5679,2019-07-18 23:45:00-05,-0.002,8.484,7584,2019-07-18 23:45:00
1112641,1112641,5679,2019-07-19 00:00:00-05,-0.003,8.712,7585,2019-07-19 00:00:00
1112642,1112642,5679,2019-07-19 00:15:00-05,0.002,3.46,7586,2019-07-19 00:15:00
1112643,1112643,5679,2019-07-19 00:30:00-05,0.004,1.434,7587,2019-07-19 00:30:00
1112644,1112644,5679,2019-07-19 00:45:00-05,0.005,1.261,7588,2019-07-19 00:45:00
1112645,1112645,5679,2019-07-19 01:00:00-05,0.005,1.061,7589,2019-07-19 01:00:00
1112646,1112646,5679,2019-07-19 01:15:00-05,0.005,0.919,7590,2019-07-19 01:15:00
1112647,1112647,5679,2019-07-19 01:30:00-05,0.005,0.839,7591,2019-07-19 01:30:00
1112648,1112648,5679,2019-07-19 01:45:00-05,0.005,0.867,7592,2019-07-19 01:45:00
1112649,1112649,5679,2019-07-19 02:00:00-05,0.005,1.035,7593,2019-07-19 02:00:00
1112650,1112650,5679,2019-07-19 02:15:00-05,0.005,0.84,7594,2019-07-19 02:15:00
1112651,1112651,5679,2019-07-19 02:30:00-05,0.006,0.493,7595,2019-07-19 02:30:00
1112652,1112652,5679,2019-07-19 02:45:00-05,0.006,0.572,7596,2019-07-19 02:45:00
1112653,1112653,5679,2019-07-19 03:00:00-05,0.005,0.714,7597,2019-07-19 03:00:00
1112654,1112654,5679,2019-07-19 03:15:00-05,0.006,0.502,7598,2019-07-19 03:15:00
1112655,1112655,5679,2019-07-19 03:30:00-05,0.006,0.548,7599,2019-07-19 03:30:00
1112656,1112656,5679,2019-07-19 03:45:00-05,0.006,0.357,7600,2019-07-19 03:45:00
1112657,1112657,5679,2019-07-19 04:00:00-05,0.005,0.67,7601,2019-07-19 04:00:00
1112658,1112658,5679,2019-07-19 04:15:00-05,0.006,0.477,7602,2019-07-19 04:15:00
1112659,1112659,5679,2019-07-19 04:30:00-05,0.006,0.587,7603,2019-07-19 04:30:00
1112660,1112660,5679,2019-07-19 04:45:00-05,0.012,0.659,7604,2019-07-19 04:45:00
1112661,1112661,5679,2019-07-19 05:00:00-05,0.033,0.543,7605,2019-07-19 05:00:00
1112662,1112662,5679,2019-07-19 05:15:00-05,0.057,0.276,7606,2019-07-19 05:15:00
1112663,1112663,5679,2019-07-19 05:30:00-05,0.082,0.443,7607,2019-07-19 05:30:00
1112664,1112664,5679,2019-07-19 05:45:00-05,0.111,0.451,7608,2019-07-19 05:45:00
1112665,1112665,5679,2019-07-19 06:00:00-05,0.149,0.683,7609,2019-07-19 06:00:00
1112666,1112666,5679,2019-07-19 06:15:00-05,0.189,0.233,7610,2019-07-19 06:15:00
1112667,1112667,5679,2019-07-19 06:30:00-05,0.28,0.448,7611,2019-07-19 06:30:00
1112668,1112668,5679,2019-07-19 06:45:00-05,0.384,0.049,7612,2019-07-19 06:45:00
1112669,1112669,5679,2019-07-19 07:00:00-05,0.452,-0.014,7613,2019-07-19 07:00:00
1112670,1112670,5679,2019-07-19 07:15:00-05,0.457,0.021,7614,2019-07-19 07:15:00
1112671,1112671,5679,2019-07-19 07:30:00-05,0.543,-0.15,7615,2019-07-19 07:30:00
1112672,1112672,5679,2019-07-19 07:45:00-05,1.014,-0.635,7616,2019-07-19 07:45:00
1112673,1112673,5679,2019-07-19 08:00:00-05,0.889,-0.546,7617,2019-07-19 08:00:00
1112674,1112674,5679,2019-07-19 08:15:00-05,1.441,-0.276,7618,2019-07-19 08:15:00
1112675,1112675,5679,2019-07-19 08:30:00-05,1.772,-0.807,7619,2019-07-19 08:30:00
1112676,1112676,5679,2019-07-19 08:45:00-05,2.39,-1.562,7620,2019-07-19 08:45:00
1112677,1112677,5679,2019-07-19 09:00:00-05,2.5,-1.557,7621,2019-07-19 09:00:00
1112678,1112678,5679,2019-07-19 09:15:00-05,1.467,-0.685,7622,2019-07-19 09:15:00
1112679,1112679,5679,2019-07-19 09:30:00-05,1.542,-0.276,7623,2019-07-19 09:30:00
1112680,1112680,5679,2019-07-19 09:45:00-05,1.889,1.497,7624,2019-07-19 09:45:00
1112681,1112681,5679,2019-07-19 10:00:00-05,1.479,1.607,7625,2019-07-19 10:00:00
1112682,1112682,5679,2019-07-19 10:15:00-05,2.029,0.006,7626,2019-07-19 10:15:00
1112683,1112683,5679,2019-07-19 10:30:00-05,2.43,-1.286,7627,2019-07-19 10:30:00
1112684,1112684,5679,2019-07-19 10:45:00-05,1.105,-0.508,7628,2019-07-19 10:45:00
1112685,1112685,5679,2019-07-19 11:00:00-05,1.302,-0.994,7629,2019-07-19 11:00:00
1112686,1112686,5679,2019-07-19 11:15:00-05,0.861,-0.314,7630,2019-07-19 11:15:00
1112687,1112687,5679,2019-07-19 11:30:00-05,1.434,-1.041,7631,2019-07-19 11:30:00
1112688,1112688,5679,2019-07-19 11:45:00-05,1.7,-1.321,7632,2019-07-19 11:45:00
1112689,1112689,5679,2019-07-19 12:00:00-05,2.002,-1.566,7633,2019-07-19 12:00:00
1112690,1112690,5679,2019-07-19 12:15:00-05,1.384,-0.957,7634,2019-07-19 12:15:00
1112691,1112691,5679,2019-07-19 12:30:00-05,2.977,-2.564,7635,2019-07-19 12:30:00
1112692,1112692,5679,2019-07-19 12:45:00-05,3.307,-2.521,7636,2019-07-19 12:45:00
1112693,1112693,5679,2019-07-19 13:00:00-05,3.407,-2.072,7637,2019-07-19 13:00:00
1112694,1112694,5679,2019-07-19 13:15:00-05,3.319,-2.172,7638,2019-07-19 13:15:00
1112695,1112695,5679,2019-07-19 13:30:00-05,3.079,-1.932,7639,2019-07-19 13:30:00
1112696,1112696,5679,2019-07-19 13:45:00-05,2.878,-1.746,7640,2019-07-19 13:45:00
1112697,1112697,5679,2019-07-19 14:00:00-05,2.124,-0.956,7641,2019-07-19 14:00:00
1112698,1112698,5679,2019-07-19 14:15:00-05,2.186,-0.93,7642,2019-07-19 14:15:00
1112699,1112699,5679,2019-07-19 14:30:00-05,2.111,5.736,7643,2019-07-19 14:30:00
1112700,1112700,5679,2019-07-19 14:45:00-05,1.804,6.857,7644,2019-07-19 14:45:00
1112701,1112701,5679,2019-07-19 15:00:00-05,1.226,8.195,7645,2019-07-19 15:00:00
1112702,1112702,5679,2019-07-19 15:15:00-05,0.438,9.071,7646,2019-07-19 15:15:00
1112703,1112703,5679,2019-07-19 15:30:00-05,0.357,8.905,7647,2019-07-19 15:30:00
1112704,1112704,5679,2019-07-19 15:45:00-05,0.585,8.639,7648,2019-07-19 15:45:00
1112705,1112705,5679,2019-07-19 16:00:00-05,0.423,8.832,7649,2019-07-19 16:00:00
1112706,1112706,5679,2019-07-19 16:15:00-05,0.311,5.495,7650,2019-07-19 16:15:00
1112707,1112707,5679,2019-07-19 16:30:00-05,0.343,2.231,7651,2019-07-19 16:30:00
1112708,1112708,5679,2019-07-19 16:45:00-05,0.505,2.146,7652,2019-07-19 16:45:00
1112709,1112709,5679,2019-07-19 17:00:00-05,0.522,2.618,7653,2019-07-19 17:00:00
1112710,1112710,5679,2019-07-19 17:15:00-05,0.26,2.557,7654,2019-07-19 17:15:00
1112711,1112711,5679,2019-07-19 17:30:00-05,0.087,2.781,7655,2019-07-19 17:30:00
1112712,1112712,5679,2019-07-19 17:45:00-05,0.191,1.093,7656,2019-07-19 17:45:00
1112713,1112713,5679,2019-07-19 18:00:00-05,0.144,1.048,7657,2019-07-19 18:00:00
1112714,1112714,5679,2019-07-19 18:15:00-05,0.127,1.016,7658,2019-07-19 18:15:00
1112715,1112715,5679,2019-07-19 18:30:00-05,0.129,1.01,7659,2019-07-19 18:30:00
1112716,1112716,5679,2019-07-19 18:45:00-05,0.115,1.091,7660,2019-07-19 18:45:00
1112717,1112717,5679,2019-07-19 19:00:00-05,0.053,1.476,7661,2019-07-19 19:00:00
1112718,1112718,5679,2019-07-19 19:15:00-05,0.018,1.436,7662,2019-07-19 19:15:00
1112719,1112719,5679,2019-07-19 19:30:00-05,0.003,2.523,7663,2019-07-19 19:30:00
1112720,1112720,5679,2019-07-19 19:45:00-05,0.003,2.224,7664,2019-07-19 19:45:00
1112721,1112721,5679,2019-07-19 20:00:00-05,0.003,2.25,7665,2019-07-19 20:00:00
1112722,1112722,5679,2019-07-19 20:15:00-05,0.003,2.173,7666,2019-07-19 20:15:00
1112723,1112723,5679,2019-07-19 20:30:00-05,0.004,1.837,7667,2019-07-19 20:30:00
1112724,1112724,5679,2019-07-19 20:45:00-05,0.004,1.741,7668,2019-07-19 20:45:00
1112725,1112725,5679,2019-07-19 21:00:00-05,0.004,1.698,7669,2019-07-19 21:00:00
1112726,1112726,5679,2019-07-19 21:15:00-05,0.004,1.324,7670,2019-07-19 21:15:00
1112727,1112727,5679,2019-07-19 21:30:00-05,0.005,0.928,7671,2019-07-19 21:30:00
1112728,1112728,5679,2019-07-19 21:45:00-05,0.005,0.855,7672,2019-07-19 21:45:00
1112729,1112729,5679,2019-07-19 22:00:00-05,0.004,0.942,7673,2019-07-19 22:00:00
1112730,1112730,5679,2019-07-19 22:15:00-05,0.005,0.764,7674,2019-07-19 22:15:00
1112731,1112731,5679,2019-07-19 22:30:00-05,0.005,0.726,7675,2019-07-19 22:30:00
1112732,1112732,5679,2019-07-19 22:45:00-05,0.005,0.773,7676,2019-07-19 22:45:00
1112733,1112733,5679,2019-07-19 23:00:00-05,0.005,0.77,7677,2019-07-19 23:00:00
1112734,1112734,5679,2019-07-19 23:15:00-05,0.005,0.568,7678,2019-07-19 23:15:00
1112735,1112735,5679,2019-07-19 23:30:00-05,0.005,0.322,7679,2019-07-19 23:30:00
1112736,1112736,5679,2019-07-19 23:45:00-05,0.005,0.659,7680,2019-07-19 23:45:00
1112737,1112737,5679,2019-07-20 00:00:00-05,0.005,0.401,7681,2019-07-20 00:00:00
1112738,1112738,5679,2019-07-20 00:15:00-05,0.005,0.461,7682,2019-07-20 00:15:00
1112739,1112739,5679,2019-07-20 00:30:00-05,0.005,0.236,7683,2019-07-20 00:30:00
1112740,1112740,5679,2019-07-20 00:45:00-05,0.005,0.775,7684,2019-07-20 00:45:00
1112741,1112741,5679,2019-07-20 01:00:00-05,0.005,0.312,7685,2019-07-20 01:00:00
1112742,1112742,5679,2019-07-20 01:15:00-05,0.005,0.471,7686,2019-07-20 01:15:00
1112743,1112743,5679,2019-07-20 01:30:00-05,0.005,0.557,7687,2019-07-20 01:30:00
1112744,1112744,5679,2019-07-20 01:45:00-05,0.005,0.51,7688,2019-07-20 01:45:00
1112745,1112745,5679,2019-07-20 02:00:00-05,0.005,0.509,7689,2019-07-20 02:00:00
1112746,1112746,5679,2019-07-20 02:15:00-05,0.005,0.382,7690,2019-07-20 02:15:00
1112747,1112747,5679,2019-07-20 02:30:00-05,0.005,0.466,7691,2019-07-20 02:30:00
1112748,1112748,5679,2019-07-20 02:45:00-05,0.005,0.46,7692,2019-07-20 02:45:00
1112749,1112749,5679,2019-07-20 03:00:00-05,0.005,0.406,7693,2019-07-20 03:00:00
1112750,1112750,5679,2019-07-20 03:15:00-05,0.006,0.292,7694,2019-07-20 03:15:00
1112751,1112751,5679,2019-07-20 03:30:00-05,0.006,0.456,7695,2019-07-20 03:30:00
1112752,1112752,5679,2019-07-20 03:45:00-05,0.006,0.355,7696,2019-07-20 03:45:00
1112753,1112753,5679,2019-07-20 04:00:00-05,0.006,0.462,7697,2019-07-20 04:00:00
1112754,1112754,5679,2019-07-20 04:15:00-05,0.004,1.37,7698,2019-07-20 04:15:00
1112755,1112755,5679,2019-07-20 04:30:00-05,0.005,0.669,7699,2019-07-20 04:30:00
1112756,1112756,5679,2019-07-20 04:45:00-05,0.017,0.824,7700,2019-07-20 04:45:00
1112757,1112757,5679,2019-07-20 05:00:00-05,0.084,1.009,7701,2019-07-20 05:00:00
1112758,1112758,5679,2019-07-20 05:15:00-05,0.083,0.748,7702,2019-07-20 05:15:00
1112759,1112759,5679,2019-07-20 05:30:00-05,0.157,1.25,7703,2019-07-20 05:30:00
1112760,1112760,5679,2019-07-20 05:45:00-05,0.199,3.911,7704,2019-07-20 05:45:00
1112761,1112761,5679,2019-07-20 06:00:00-05,0.254,4.739,7705,2019-07-20 06:00:00
1112762,1112762,5679,2019-07-20 06:15:00-05,0.346,4.441,7706,2019-07-20 06:15:00
1112763,1112763,5679,2019-07-20 06:30:00-05,0.485,2.486,7707,2019-07-20 06:30:00
1112764,1112764,5679,2019-07-20 06:45:00-05,0.602,0.641,7708,2019-07-20 06:45:00
1112765,1112765,5679,2019-07-20 07:00:00-05,0.663,0.359,7709,2019-07-20 07:00:00
1112766,1112766,5679,2019-07-20 07:15:00-05,0.653,0.475,7710,2019-07-20 07:15:00
1112767,1112767,5679,2019-07-20 07:30:00-05,0.87,0.351,7711,2019-07-20 07:30:00
1112768,1112768,5679,2019-07-20 07:45:00-05,1.127,0.162,7712,2019-07-20 07:45:00
1112769,1112769,5679,2019-07-20 08:00:00-05,0.85,0.361,7713,2019-07-20 08:00:00
1112770,1112770,5679,2019-07-20 08:15:00-05,0.907,0.755,7714,2019-07-20 08:15:00
1112771,1112771,5679,2019-07-20 08:30:00-05,1.148,0.043,7715,2019-07-20 08:30:00
1112772,1112772,5679,2019-07-20 08:45:00-05,1.043,0.075,7716,2019-07-20 08:45:00
1112773,1112773,5679,2019-07-20 09:00:00-05,0.709,0.509,7717,2019-07-20 09:00:00
1112774,1112774,5679,2019-07-20 09:15:00-05,0.424,0.755,7718,2019-07-20 09:15:00
1112775,1112775,5679,2019-07-20 09:30:00-05,0.735,0.566,7719,2019-07-20 09:30:00
1112776,1112776,5679,2019-07-20 09:45:00-05,1.03,0.195,7720,2019-07-20 09:45:00
1112777,1112777,5679,2019-07-20 10:00:00-05,2.515,-1.144,7721,2019-07-20 10:00:00
1112778,1112778,5679,2019-07-20 10:15:00-05,3.054,-1.867,7722,2019-07-20 10:15:00
1112779,1112779,5679,2019-07-20 10:30:00-05,3.176,-1.981,7723,2019-07-20 10:30:00
1112780,1112780,5679,2019-07-20 10:45:00-05,2.758,-1.462,7724,2019-07-20 10:45:00
1112781,1112781,5679,2019-07-20 11:00:00-05,3.379,-2.066,7725,2019-07-20 11:00:00
1112782,1112782,5679,2019-07-20 11:15:00-05,3.684,-2.23,7726,2019-07-20 11:15:00
1112783,1112783,5679,2019-07-20 11:30:00-05,3.263,-1.737,7727,2019-07-20 11:30:00
1112784,1112784,5679,2019-07-20 11:45:00-05,2.872,-1.345,7728,2019-07-20 11:45:00
1112785,1112785,5679,2019-07-20 12:00:00-05,2.501,-1.11,7729,2019-07-20 12:00:00
1112786,1112786,5679,2019-07-20 12:15:00-05,3.637,-2.044,7730,2019-07-20 12:15:00
1112787,1112787,5679,2019-07-20 12:30:00-05,2.684,-0.867,7731,2019-07-20 12:30:00
1112788,1112788,5679,2019-07-20 12:45:00-05,3.241,-1.408,7732,2019-07-20 12:45:00
1112789,1112789,5679,2019-07-20 13:00:00-05,2.494,-0.661,7733,2019-07-20 13:00:00
1112790,1112790,5679,2019-07-20 13:15:00-05,2.758,-0.804,7734,2019-07-20 13:15:00
1112791,1112791,5679,2019-07-20 13:30:00-05,2.676,-0.876,7735,2019-07-20 13:30:00
1112792,1112792,5679,2019-07-20 13:45:00-05,2.966,-1.12,7736,2019-07-20 13:45:00
1112793,1112793,5679,2019-07-20 14:00:00-05,2.717,-0.284,7737,2019-07-20 14:00:00
1112794,1112794,5679,2019-07-20 14:15:00-05,2.132,-0.113,7738,2019-07-20 14:15:00
1112795,1112795,5679,2019-07-20 14:30:00-05,1.992,0.196,7739,2019-07-20 14:30:00
1112796,1112796,5679,2019-07-20 14:45:00-05,1.41,0.602,7740,2019-07-20 14:45:00
1112797,1112797,5679,2019-07-20 15:00:00-05,1.449,0.594,7741,2019-07-20 15:00:00
1112798,1112798,5679,2019-07-20 15:15:00-05,1.082,1.797,7742,2019-07-20 15:15:00
1112799,1112799,5679,2019-07-20 15:30:00-05,0.798,1.428,7743,2019-07-20 15:30:00
1112800,1112800,5679,2019-07-20 15:45:00-05,0.795,1.417,7744,2019-07-20 15:45:00
1112801,1112801,5679,2019-07-20 16:00:00-05,0.742,1.32,7745,2019-07-20 16:00:00
1112802,1112802,5679,2019-07-20 16:15:00-05,0.749,1.417,7746,2019-07-20 16:15:00
1112803,1112803,5679,2019-07-20 16:30:00-05,0.502,1.568,7747,2019-07-20 16:30:00
1112804,1112804,5679,2019-07-20 16:45:00-05,0.377,1.729,7748,2019-07-20 16:45:00
1112805,1112805,5679,2019-07-20 17:00:00-05,0.481,1.447,7749,2019-07-20 17:00:00
1112806,1112806,5679,2019-07-20 17:15:00-05,0.576,1.359,7750,2019-07-20 17:15:00
1112807,1112807,5679,2019-07-20 17:30:00-05,0.376,1.524,7751,2019-07-20 17:30:00
1112808,1112808,5679,2019-07-20 17:45:00-05,0.303,1.507,7752,2019-07-20 17:45:00
1112809,1112809,5679,2019-07-20 18:00:00-05,0.285,1.64,7753,2019-07-20 18:00:00
1112810,1112810,5679,2019-07-20 18:15:00-05,0.24,1.744,7754,2019-07-20 18:15:00
1112811,1112811,5679,2019-07-20 18:30:00-05,0.114,1.886,7755,2019-07-20 18:30:00
1112812,1112812,5679,2019-07-20 18:45:00-05,0.1,1.715,7756,2019-07-20 18:45:00
1112813,1112813,5679,2019-07-20 19:00:00-05,0.069,1.77,7757,2019-07-20 19:00:00
1112814,1112814,5679,2019-07-20 19:15:00-05,0.023,1.529,7758,2019-07-20 19:15:00
1112815,1112815,5679,2019-07-20 19:30:00-05,0.005,1.58,7759,2019-07-20 19:30:00
1112816,1112816,5679,2019-07-20 19:45:00-05,0.004,1.803,7760,2019-07-20 19:45:00
1112817,1112817,5679,2019-07-20 20:00:00-05,0.004,1.371,7761,2019-07-20 20:00:00
1112818,1112818,5679,2019-07-20 20:15:00-05,0.004,1.275,7762,2019-07-20 20:15:00
1112819,1112819,5679,2019-07-20 20:30:00-05,0.004,1.216,7763,2019-07-20 20:30:00
1112820,1112820,5679,2019-07-20 20:45:00-05,0.004,1.265,7764,2019-07-20 20:45:00
1112821,1112821,5679,2019-07-20 21:00:00-05,0.004,1.208,7765,2019-07-20 21:00:00
1112822,1112822,5679,2019-07-20 21:15:00-05,0.004,1.305,7766,2019-07-20 21:15:00
1112823,1112823,5679,2019-07-20 21:30:00-05,0.004,1.159,7767,2019-07-20 21:30:00
1112824,1112824,5679,2019-07-20 21:45:00-05,0.004,1.356,7768,2019-07-20 21:45:00
1112825,1112825,5679,2019-07-20 22:00:00-05,0.004,1.084,7769,2019-07-20 22:00:00
1112826,1112826,5679,2019-07-20 22:15:00-05,0.004,0.979,7770,2019-07-20 22:15:00
1112827,1112827,5679,2019-07-20 22:30:00-05,0.004,1.103,7771,2019-07-20 22:30:00
1112828,1112828,5679,2019-07-20 22:45:00-05,0.005,0.901,7772,2019-07-20 22:45:00
1112829,1112829,5679,2019-07-20 23:00:00-05,0.005,0.614,7773,2019-07-20 23:00:00
1112830,1112830,5679,2019-07-20 23:15:00-05,0.005,0.583,7774,2019-07-20 23:15:00
1112831,1112831,5679,2019-07-20 23:30:00-05,0.005,0.866,7775,2019-07-20 23:30:00
1112832,1112832,5679,2019-07-20 23:45:00-05,0.005,0.679,7776,2019-07-20 23:45:00
1112833,1112833,5679,2019-07-21 00:00:00-05,0.005,0.83,7777,2019-07-21 00:00:00
1112834,1112834,5679,2019-07-21 00:15:00-05,0.005,0.646,7778,2019-07-21 00:15:00
1112835,1112835,5679,2019-07-21 00:30:00-05,0.005,0.581,7779,2019-07-21 00:30:00
1112836,1112836,5679,2019-07-21 00:45:00-05,0.005,0.281,7780,2019-07-21 00:45:00
1112837,1112837,5679,2019-07-21 01:00:00-05,0.005,0.594,7781,2019-07-21 01:00:00
1112838,1112838,5679,2019-07-21 01:15:00-05,0.005,0.215,7782,2019-07-21 01:15:00
1112839,1112839,5679,2019-07-21 01:30:00-05,0.005,0.458,7783,2019-07-21 01:30:00
1112840,1112840,5679,2019-07-21 01:45:00-05,0.005,0.42,7784,2019-07-21 01:45:00
1112841,1112841,5679,2019-07-21 02:00:00-05,0.005,0.442,7785,2019-07-21 02:00:00
1112842,1112842,5679,2019-07-21 02:15:00-05,0.005,0.454,7786,2019-07-21 02:15:00
1112843,1112843,5679,2019-07-21 02:30:00-05,0.005,0.298,7787,2019-07-21 02:30:00
1112844,1112844,5679,2019-07-21 02:45:00-05,0.005,0.532,7788,2019-07-21 02:45:00
1112845,1112845,5679,2019-07-21 03:00:00-05,0.005,0.525,7789,2019-07-21 03:00:00
1112846,1112846,5679,2019-07-21 03:15:00-05,0.005,0.366,7790,2019-07-21 03:15:00
1112847,1112847,5679,2019-07-21 03:30:00-05,0.005,0.433,7791,2019-07-21 03:30:00
1112848,1112848,5679,2019-07-21 03:45:00-05,0.005,0.415,7792,2019-07-21 03:45:00
1112849,1112849,5679,2019-07-21 04:00:00-05,0.005,0.321,7793,2019-07-21 04:00:00
1112850,1112850,5679,2019-07-21 04:15:00-05,0.005,0.554,7794,2019-07-21 04:15:00
1112851,1112851,5679,2019-07-21 04:30:00-05,0.006,0.326,7795,2019-07-21 04:30:00
1112852,1112852,5679,2019-07-21 04:45:00-05,0.01,0.58,7796,2019-07-21 04:45:00
1112853,1112853,5679,2019-07-21 05:00:00-05,0.03,1.825,7797,2019-07-21 05:00:00
1112854,1112854,5679,2019-07-21 05:15:00-05,0.056,1.199,7798,2019-07-21 05:15:00
1112855,1112855,5679,2019-07-21 05:30:00-05,0.145,0.76,7799,2019-07-21 05:30:00
1112856,1112856,5679,2019-07-21 05:45:00-05,0.171,0.414,7800,2019-07-21 05:45:00
1112857,1112857,5679,2019-07-21 06:00:00-05,0.272,0.109,7801,2019-07-21 06:00:00
1112858,1112858,5679,2019-07-21 06:15:00-05,0.327,0.622,7802,2019-07-21 06:15:00
1112859,1112859,5679,2019-07-21 06:30:00-05,0.337,0.455,7803,2019-07-21 06:30:00
1112860,1112860,5679,2019-07-21 06:45:00-05,0.468,0.443,7804,2019-07-21 06:45:00
1112861,1112861,5679,2019-07-21 07:00:00-05,0.518,0.419,7805,2019-07-21 07:00:00
1112862,1112862,5679,2019-07-21 07:15:00-05,0.541,0.381,7806,2019-07-21 07:15:00
1112863,1112863,5679,2019-07-21 07:30:00-05,0.586,0.588,7807,2019-07-21 07:30:00
1112864,1112864,5679,2019-07-21 07:45:00-05,0.81,0.336,7808,2019-07-21 07:45:00
1112865,1112865,5679,2019-07-21 08:00:00-05,1.397,-0.419,7809,2019-07-21 08:00:00
1112866,1112866,5679,2019-07-21 08:15:00-05,1.607,-0.546,7810,2019-07-21 08:15:00
1112867,1112867,5679,2019-07-21 08:30:00-05,1.657,-0.401,7811,2019-07-21 08:30:00
1112868,1112868,5679,2019-07-21 08:45:00-05,2.22,-0.936,7812,2019-07-21 08:45:00
1112869,1112869,5679,2019-07-21 09:00:00-05,2.112,-0.722,7813,2019-07-21 09:00:00
1112870,1112870,5679,2019-07-21 09:15:00-05,2.499,-1.196,7814,2019-07-21 09:15:00
1112871,1112871,5679,2019-07-21 09:30:00-05,2.881,-1.164,7815,2019-07-21 09:30:00
1112872,1112872,5679,2019-07-21 09:45:00-05,3.183,-1.585,7816,2019-07-21 09:45:00
1112873,1112873,5679,2019-07-21 10:00:00-05,3.274,-1.603,7817,2019-07-21 10:00:00
1112874,1112874,5679,2019-07-21 10:15:00-05,3.52,-1.771,7818,2019-07-21 10:15:00
1112875,1112875,5679,2019-07-21 10:30:00-05,3.675,-2.138,7819,2019-07-21 10:30:00
1112876,1112876,5679,2019-07-21 10:45:00-05,3.714,-1.899,7820,2019-07-21 10:45:00
1112877,1112877,5679,2019-07-21 11:00:00-05,3.869,-2.112,7821,2019-07-21 11:00:00
1112878,1112878,5679,2019-07-21 11:15:00-05,3.478,-1.668,7822,2019-07-21 11:15:00
1112879,1112879,5679,2019-07-21 11:30:00-05,3.133,-1.304,7823,2019-07-21 11:30:00
1112880,1112880,5679,2019-07-21 11:45:00-05,2.983,-1.053,7824,2019-07-21 11:45:00
1112881,1112881,5679,2019-07-21 12:00:00-05,3.297,-0.56,7825,2019-07-21 12:00:00
1112882,1112882,5679,2019-07-21 12:15:00-05,3.675,-1.573,7826,2019-07-21 12:15:00
1112883,1112883,5679,2019-07-21 12:30:00-05,3.343,-1.238,7827,2019-07-21 12:30:00
1112884,1112884,5679,2019-07-21 12:45:00-05,3.989,-2.001,7828,2019-07-21 12:45:00
1112885,1112885,5679,2019-07-21 13:00:00-05,3.137,-1.069,7829,2019-07-21 13:00:00
1112886,1112886,5679,2019-07-21 13:15:00-05,2.546,-0.672,7830,2019-07-21 13:15:00
1112887,1112887,5679,2019-07-21 13:30:00-05,2.313,-0.39,7831,2019-07-21 13:30:00
1112888,1112888,5679,2019-07-21 13:45:00-05,2.925,-0.98,7832,2019-07-21 13:45:00
1112889,1112889,5679,2019-07-21 14:00:00-05,1.711,0.204,7833,2019-07-21 14:00:00
1112890,1112890,5679,2019-07-21 14:15:00-05,1.897,-0.047,7834,2019-07-21 14:15:00
1112891,1112891,5679,2019-07-21 14:30:00-05,2.168,-0.306,7835,2019-07-21 14:30:00
1112892,1112892,5679,2019-07-21 14:45:00-05,2.148,-0.15,7836,2019-07-21 14:45:00
1112893,1112893,5679,2019-07-21 15:00:00-05,1.658,0.347,7837,2019-07-21 15:00:00
1112894,1112894,5679,2019-07-21 15:15:00-05,1.319,0.915,7838,2019-07-21 15:15:00
1112895,1112895,5679,2019-07-21 15:30:00-05,1.039,1.103,7839,2019-07-21 15:30:00
1112896,1112896,5679,2019-07-21 15:45:00-05,1.09,0.977,7840,2019-07-21 15:45:00
1112897,1112897,5679,2019-07-21 16:00:00-05,0.914,1.231,7841,2019-07-21 16:00:00
1112898,1112898,5679,2019-07-21 16:15:00-05,1.057,1.031,7842,2019-07-21 16:15:00
1112899,1112899,5679,2019-07-21 16:30:00-05,1.069,1.022,7843,2019-07-21 16:30:00
1112900,1112900,5679,2019-07-21 16:45:00-05,0.68,1.526,7844,2019-07-21 16:45:00
1112901,1112901,5679,2019-07-21 17:00:00-05,0.428,1.584,7845,2019-07-21 17:00:00
1112902,1112902,5679,2019-07-21 17:15:00-05,0.368,1.445,7846,2019-07-21 17:15:00
1112903,1112903,5679,2019-07-21 17:30:00-05,0.422,1.315,7847,2019-07-21 17:30:00
1112904,1112904,5679,2019-07-21 17:45:00-05,0.199,1.488,7848,2019-07-21 17:45:00
1112905,1112905,5679,2019-07-21 18:00:00-05,0.292,2.189,7849,2019-07-21 18:00:00
1112906,1112906,5679,2019-07-21 18:15:00-05,0.26,2.273,7850,2019-07-21 18:15:00
1112907,1112907,5679,2019-07-21 18:30:00-05,0.228,2.08,7851,2019-07-21 18:30:00
1112908,1112908,5679,2019-07-21 18:45:00-05,0.143,2.371,7852,2019-07-21 18:45:00
1112909,1112909,5679,2019-07-21 19:00:00-05,0.087,1.768,7853,2019-07-21 19:00:00
1112910,1112910,5679,2019-07-21 19:15:00-05,0.036,1.338,7854,2019-07-21 19:15:00
1112911,1112911,5679,2019-07-21 19:30:00-05,0.006,1.401,7855,2019-07-21 19:30:00
1112912,1112912,5679,2019-07-21 19:45:00-05,0.004,1.387,7856,2019-07-21 19:45:00
1112913,1112913,5679,2019-07-21 20:00:00-05,0.004,1.25,7857,2019-07-21 20:00:00
1112914,1112914,5679,2019-07-21 20:15:00-05,0.004,1.121,7858,2019-07-21 20:15:00
1112915,1112915,5679,2019-07-21 20:30:00-05,0.005,0.939,7859,2019-07-21 20:30:00
1112916,1112916,5679,2019-07-21 20:45:00-05,0.004,1.173,7860,2019-07-21 20:45:00
1112917,1112917,5679,2019-07-21 21:00:00-05,0.005,0.812,7861,2019-07-21 21:00:00
1112918,1112918,5679,2019-07-21 21:15:00-05,0.005,0.436,7862,2019-07-21 21:15:00
1112919,1112919,5679,2019-07-21 21:30:00-05,0.005,0.872,7863,2019-07-21 21:30:00
1112920,1112920,5679,2019-07-21 21:45:00-05,0.005,0.524,7864,2019-07-21 21:45:00
1112921,1112921,5679,2019-07-21 22:00:00-05,0.005,0.533,7865,2019-07-21 22:00:00
1112922,1112922,5679,2019-07-21 22:15:00-05,0.005,0.549,7866,2019-07-21 22:15:00
1112923,1112923,5679,2019-07-21 22:30:00-05,0.005,0.755,7867,2019-07-21 22:30:00
1112924,1112924,5679,2019-07-21 22:45:00-05,0.005,0.448,7868,2019-07-21 22:45:00
1112925,1112925,5679,2019-07-21 23:00:00-05,0.005,0.39,7869,2019-07-21 23:00:00
1112926,1112926,5679,2019-07-21 23:15:00-05,0.006,0.331,7870,2019-07-21 23:15:00
1112927,1112927,5679,2019-07-21 23:30:00-05,0.006,0.313,7871,2019-07-21 23:30:00
1112928,1112928,5679,2019-07-21 23:45:00-05,0.005,0.522,7872,2019-07-21 23:45:00
1112929,1112929,5679,2019-07-22 00:00:00-05,0.006,0.339,7873,2019-07-22 00:00:00
1112930,1112930,5679,2019-07-22 00:15:00-05,0.006,0.33,7874,2019-07-22 00:15:00
1112931,1112931,5679,2019-07-22 00:30:00-05,0.006,0.354,7875,2019-07-22 00:30:00
1112932,1112932,5679,2019-07-22 00:45:00-05,0.005,0.438,7876,2019-07-22 00:45:00
1112933,1112933,5679,2019-07-22 01:00:00-05,0.005,0.484,7877,2019-07-22 01:00:00
1112934,1112934,5679,2019-07-22 01:15:00-05,0.005,0.606,7878,2019-07-22 01:15:00
1112935,1112935,5679,2019-07-22 01:30:00-05,0.005,0.362,7879,2019-07-22 01:30:00
1112936,1112936,5679,2019-07-22 01:45:00-05,0.005,0.435,7880,2019-07-22 01:45:00
1112937,1112937,5679,2019-07-22 02:00:00-05,0.005,0.448,7881,2019-07-22 02:00:00
1112938,1112938,5679,2019-07-22 02:15:00-05,0.005,0.432,7882,2019-07-22 02:15:00
1112939,1112939,5679,2019-07-22 02:30:00-05,0.006,0.42,7883,2019-07-22 02:30:00
1112940,1112940,5679,2019-07-22 02:45:00-05,0.005,0.428,7884,2019-07-22 02:45:00
1112941,1112941,5679,2019-07-22 03:00:00-05,0.006,0.435,7885,2019-07-22 03:00:00
1112942,1112942,5679,2019-07-22 03:15:00-05,0.006,0.434,7886,2019-07-22 03:15:00
1112943,1112943,5679,2019-07-22 03:30:00-05,0.006,0.433,7887,2019-07-22 03:30:00
1112944,1112944,5679,2019-07-22 03:45:00-05,0.006,0.371,7888,2019-07-22 03:45:00
1112945,1112945,5679,2019-07-22 04:00:00-05,0.006,0.313,7889,2019-07-22 04:00:00
1112946,1112946,5679,2019-07-22 04:15:00-05,0.006,0.313,7890,2019-07-22 04:15:00
1112947,1112947,5679,2019-07-22 04:30:00-05,0.005,0.99,7891,2019-07-22 04:30:00
1112948,1112948,5679,2019-07-22 04:45:00-05,0.007,0.388,7892,2019-07-22 04:45:00
1112949,1112949,5679,2019-07-22 05:00:00-05,0.032,0.359,7893,2019-07-22 05:00:00
1112950,1112950,5679,2019-07-22 05:15:00-05,0.079,0.788,7894,2019-07-22 05:15:00
1112951,1112951,5679,2019-07-22 05:30:00-05,0.095,0.351,7895,2019-07-22 05:30:00
1112952,1112952,5679,2019-07-22 05:45:00-05,0.14,0.26,7896,2019-07-22 05:45:00
1112953,1112953,5679,2019-07-22 06:00:00-05,0.167,0.225,7897,2019-07-22 06:00:00
1112954,1112954,5679,2019-07-22 06:15:00-05,0.187,0.16,7898,2019-07-22 06:15:00
1112955,1112955,5679,2019-07-22 06:30:00-05,0.125,0.195,7899,2019-07-22 06:30:00
1112956,1112956,5679,2019-07-22 06:45:00-05,0.09,0.184,7900,2019-07-22 06:45:00
1112957,1112957,5679,2019-07-22 07:00:00-05,0.093,0.473,7901,2019-07-22 07:00:00
1112958,1112958,5679,2019-07-22 07:15:00-05,0.067,0.36,7902,2019-07-22 07:15:00
1112959,1112959,5679,2019-07-22 07:30:00-05,0.066,0.358,7903,2019-07-22 07:30:00
1112960,1112960,5679,2019-07-22 07:45:00-05,0.095,0.384,7904,2019-07-22 07:45:00
1112961,1112961,5679,2019-07-22 08:00:00-05,0.145,0.601,7905,2019-07-22 08:00:00
1112962,1112962,5679,2019-07-22 08:15:00-05,0.143,0.618,7906,2019-07-22 08:15:00
1112963,1112963,5679,2019-07-22 08:30:00-05,0.176,0.551,7907,2019-07-22 08:30:00
1112964,1112964,5679,2019-07-22 08:45:00-05,0.263,0.605,7908,2019-07-22 08:45:00
1112965,1112965,5679,2019-07-22 09:00:00-05,0.348,0.814,7909,2019-07-22 09:00:00
1112966,1112966,5679,2019-07-22 09:15:00-05,0.205,0.659,7910,2019-07-22 09:15:00
1112967,1112967,5679,2019-07-22 09:30:00-05,0.268,0.676,7911,2019-07-22 09:30:00
1112968,1112968,5679,2019-07-22 09:45:00-05,0.571,-0.053,7912,2019-07-22 09:45:00
1112969,1112969,5679,2019-07-22 10:00:00-05,1.116,-0.706,7913,2019-07-22 10:00:00
1112970,1112970,5679,2019-07-22 10:15:00-05,0.828,5.401,7914,2019-07-22 10:15:00
1112971,1112971,5679,2019-07-22 10:30:00-05,0.394,5.521,7915,2019-07-22 10:30:00
1112972,1112972,5679,2019-07-22 10:45:00-05,0.407,3.914,7916,2019-07-22 10:45:00
1112973,1112973,5679,2019-07-22 11:00:00-05,0.467,1.108,7917,2019-07-22 11:00:00
1112974,1112974,5679,2019-07-22 11:15:00-05,0.255,0.879,7918,2019-07-22 11:15:00
1112975,1112975,5679,2019-07-22 11:30:00-05,0.307,0.525,7919,2019-07-22 11:30:00
1112976,1112976,5679,2019-07-22 11:45:00-05,0.309,0.031,7920,2019-07-22 11:45:00
1112977,1112977,5679,2019-07-22 12:00:00-05,0.268,0.08,7921,2019-07-22 12:00:00
1112978,1112978,5679,2019-07-22 12:15:00-05,0.217,2.745,7922,2019-07-22 12:15:00
1112979,1112979,5679,2019-07-22 12:30:00-05,0.422,4.849,7923,2019-07-22 12:30:00
1112980,1112980,5679,2019-07-22 12:45:00-05,0.549,3.861,7924,2019-07-22 12:45:00
1112981,1112981,5679,2019-07-22 13:00:00-05,0.43,1.551,7925,2019-07-22 13:00:00
1112982,1112982,5679,2019-07-22 13:15:00-05,0.312,0.59,7926,2019-07-22 13:15:00
1112983,1112983,5679,2019-07-22 13:30:00-05,0.362,2.192,7927,2019-07-22 13:30:00
1112984,1112984,5679,2019-07-22 13:45:00-05,0.374,2.744,7928,2019-07-22 13:45:00
1112985,1112985,5679,2019-07-22 14:00:00-05,0.448,1.995,7929,2019-07-22 14:00:00
1112986,1112986,5679,2019-07-22 14:15:00-05,0.356,1.705,7930,2019-07-22 14:15:00
1112987,1112987,5679,2019-07-22 14:30:00-05,0.378,0.121,7931,2019-07-22 14:30:00
1112988,1112988,5679,2019-07-22 14:45:00-05,0.456,0.043,7932,2019-07-22 14:45:00
1112989,1112989,5679,2019-07-22 15:00:00-05,0.432,3.184,7933,2019-07-22 15:00:00
1112990,1112990,5679,2019-07-22 15:15:00-05,0.221,2.482,7934,2019-07-22 15:15:00
1112991,1112991,5679,2019-07-22 15:30:00-05,0.331,0.889,7935,2019-07-22 15:30:00
1112992,1112992,5679,2019-07-22 15:45:00-05,0.779,-0.004,7936,2019-07-22 15:45:00
1112993,1112993,5679,2019-07-22 16:00:00-05,0.975,-0.691,7937,2019-07-22 16:00:00
1112994,1112994,5679,2019-07-22 16:15:00-05,0.344,0.064,7938,2019-07-22 16:15:00
1112995,1112995,5679,2019-07-22 16:30:00-05,0.143,0.244,7939,2019-07-22 16:30:00
1112996,1112996,5679,2019-07-22 16:45:00-05,0.167,0.157,7940,2019-07-22 16:45:00
1112997,1112997,5679,2019-07-22 17:00:00-05,0.313,0.052,7941,2019-07-22 17:00:00
1112998,1112998,5679,2019-07-22 17:15:00-05,0.102,0.275,7942,2019-07-22 17:15:00
1112999,1112999,5679,2019-07-22 17:30:00-05,0.058,0.485,7943,2019-07-22 17:30:00
1113000,1113000,5679,2019-07-22 17:45:00-05,0.109,0.686,7944,2019-07-22 17:45:00
1113001,1113001,5679,2019-07-22 18:00:00-05,0.109,0.293,7945,2019-07-22 18:00:00
1113002,1113002,5679,2019-07-22 18:15:00-05,0.073,1.085,7946,2019-07-22 18:15:00
1113003,1113003,5679,2019-07-22 18:30:00-05,0.079,2.295,7947,2019-07-22 18:30:00
1113004,1113004,5679,2019-07-22 18:45:00-05,0.029,7.286,7948,2019-07-22 18:45:00
1113005,1113005,5679,2019-07-22 19:00:00-05,0.001,7.26,7949,2019-07-22 19:00:00
1113006,1113006,5679,2019-07-22 19:15:00-05,-0.001,7.305,7950,2019-07-22 19:15:00
1113007,1113007,5679,2019-07-22 19:30:00-05,-0.001,7.252,7951,2019-07-22 19:30:00
1113008,1113008,5679,2019-07-22 19:45:00-05,0.001,4.998,7952,2019-07-22 19:45:00
1113009,1113009,5679,2019-07-22 20:00:00-05,0.006,0.521,7953,2019-07-22 20:00:00
1113010,1113010,5679,2019-07-22 20:15:00-05,0.006,0.586,7954,2019-07-22 20:15:00
1113011,1113011,5679,2019-07-22 20:30:00-05,0.006,0.533,7955,2019-07-22 20:30:00
1113012,1113012,5679,2019-07-22 20:45:00-05,0.006,0.487,7956,2019-07-22 20:45:00
1113013,1113013,5679,2019-07-22 21:00:00-05,0.006,0.506,7957,2019-07-22 21:00:00
1113014,1113014,5679,2019-07-22 21:15:00-05,0.006,0.424,7958,2019-07-22 21:15:00
1113015,1113015,5679,2019-07-22 21:30:00-05,0.006,0.468,7959,2019-07-22 21:30:00
1113016,1113016,5679,2019-07-22 21:45:00-05,0.006,0.311,7960,2019-07-22 21:45:00
1113017,1113017,5679,2019-07-22 22:00:00-05,0.006,0.402,7961,2019-07-22 22:00:00
1113018,1113018,5679,2019-07-22 22:15:00-05,0.006,0.345,7962,2019-07-22 22:15:00
1113019,1113019,5679,2019-07-22 22:30:00-05,0.006,0.411,7963,2019-07-22 22:30:00
1113020,1113020,5679,2019-07-22 22:45:00-05,0.006,0.319,7964,2019-07-22 22:45:00
1113021,1113021,5679,2019-07-22 23:00:00-05,0.006,0.31,7965,2019-07-22 23:00:00
1113022,1113022,5679,2019-07-22 23:15:00-05,0.006,0.444,7966,2019-07-22 23:15:00
1113023,1113023,5679,2019-07-22 23:30:00-05,0.006,0.398,7967,2019-07-22 23:30:00
1113024,1113024,5679,2019-07-22 23:45:00-05,0.006,0.417,7968,2019-07-22 23:45:00
1113025,1113025,5679,2019-07-23 00:00:00-05,0.006,0.441,7969,2019-07-23 00:00:00
1113026,1113026,5679,2019-07-23 00:15:00-05,0.006,0.497,7970,2019-07-23 00:15:00
1113027,1113027,5679,2019-07-23 00:30:00-05,0.006,0.312,7971,2019-07-23 00:30:00
1113028,1113028,5679,2019-07-23 00:45:00-05,0.006,0.465,7972,2019-07-23 00:45:00
1113029,1113029,5679,2019-07-23 01:00:00-05,0.006,0.414,7973,2019-07-23 01:00:00
1113030,1113030,5679,2019-07-23 01:15:00-05,0.006,0.365,7974,2019-07-23 01:15:00
1113031,1113031,5679,2019-07-23 01:30:00-05,0.006,0.682,7975,2019-07-23 01:30:00
1113032,1113032,5679,2019-07-23 01:45:00-05,0.006,0.416,7976,2019-07-23 01:45:00
1113033,1113033,5679,2019-07-23 02:00:00-05,0.006,0.516,7977,2019-07-23 02:00:00
1113034,1113034,5679,2019-07-23 02:15:00-05,0.006,0.675,7978,2019-07-23 02:15:00
1113035,1113035,5679,2019-07-23 02:30:00-05,0.006,0.271,7979,2019-07-23 02:30:00
1113036,1113036,5679,2019-07-23 02:45:00-05,0.006,0.363,7980,2019-07-23 02:45:00
1113037,1113037,5679,2019-07-23 03:00:00-05,0.006,0.323,7981,2019-07-23 03:00:00
1113038,1113038,5679,2019-07-23 03:15:00-05,0.006,0.364,7982,2019-07-23 03:15:00
1113039,1113039,5679,2019-07-23 03:30:00-05,0.007,0.294,7983,2019-07-23 03:30:00
1113040,1113040,5679,2019-07-23 03:45:00-05,0.006,0.385,7984,2019-07-23 03:45:00
1113041,1113041,5679,2019-07-23 04:00:00-05,0.006,0.404,7985,2019-07-23 04:00:00
1113042,1113042,5679,2019-07-23 04:15:00-05,0.006,0.484,7986,2019-07-23 04:15:00
1113043,1113043,5679,2019-07-23 04:30:00-05,0.006,0.398,7987,2019-07-23 04:30:00
1113044,1113044,5679,2019-07-23 04:45:00-05,0.006,0.745,7988,2019-07-23 04:45:00
1113045,1113045,5679,2019-07-23 05:00:00-05,0.027,0.934,7989,2019-07-23 05:00:00
1113046,1113046,5679,2019-07-23 05:15:00-05,0.071,0.376,7990,2019-07-23 05:15:00
1113047,1113047,5679,2019-07-23 05:30:00-05,0.163,0.633,7991,2019-07-23 05:30:00
1113048,1113048,5679,2019-07-23 05:45:00-05,0.177,0.728,7992,2019-07-23 05:45:00
1113049,1113049,5679,2019-07-23 06:00:00-05,0.156,0.085,7993,2019-07-23 06:00:00
1113050,1113050,5679,2019-07-23 06:15:00-05,0.267,0.296,7994,2019-07-23 06:15:00
1113051,1113051,5679,2019-07-23 06:30:00-05,0.431,-0.172,7995,2019-07-23 06:30:00
1113052,1113052,5679,2019-07-23 06:45:00-05,0.342,-0.017,7996,2019-07-23 06:45:00
1113053,1113053,5679,2019-07-23 07:00:00-05,0.514,0.235,7997,2019-07-23 07:00:00
1113054,1113054,5679,2019-07-23 07:15:00-05,0.58,-0.129,7998,2019-07-23 07:15:00
1113055,1113055,5679,2019-07-23 07:30:00-05,0.497,-0.028,7999,2019-07-23 07:30:00
1113056,1113056,5679,2019-07-23 07:45:00-05,1.121,-0.738,8000,2019-07-23 07:45:00
1113057,1113057,5679,2019-07-23 08:00:00-05,1.393,-1.015,8001,2019-07-23 08:00:00
1113058,1113058,5679,2019-07-23 08:15:00-05,1.19,-0.965,8002,2019-07-23 08:15:00
1113059,1113059,5679,2019-07-23 08:30:00-05,1.601,-1.369,8003,2019-07-23 08:30:00
1113060,1113060,5679,2019-07-23 08:45:00-05,1.693,-1.536,8004,2019-07-23 08:45:00
1113061,1113061,5679,2019-07-23 09:00:00-05,1.661,-1.436,8005,2019-07-23 09:00:00
1113062,1113062,5679,2019-07-23 09:15:00-05,1.727,-1.568,8006,2019-07-23 09:15:00
1113063,1113063,5679,2019-07-23 09:30:00-05,2.265,-2.072,8007,2019-07-23 09:30:00
1113064,1113064,5679,2019-07-23 09:45:00-05,1.907,-1.697,8008,2019-07-23 09:45:00
1113065,1113065,5679,2019-07-23 10:00:00-05,1.58,-1.299,8009,2019-07-23 10:00:00
1113066,1113066,5679,2019-07-23 10:15:00-05,2.231,-1.905,8010,2019-07-23 10:15:00
1113067,1113067,5679,2019-07-23 10:30:00-05,3.899,-3.642,8011,2019-07-23 10:30:00
1113068,1113068,5679,2019-07-23 10:45:00-05,4.035,-3.709,8012,2019-07-23 10:45:00
1113069,1113069,5679,2019-07-23 11:00:00-05,3.837,-3.583,8013,2019-07-23 11:00:00
1113070,1113070,5679,2019-07-23 11:15:00-05,4.197,-3.884,8014,2019-07-23 11:15:00
1113071,1113071,5679,2019-07-23 11:30:00-05,4.157,-4.011,8015,2019-07-23 11:30:00
1113072,1113072,5679,2019-07-23 11:45:00-05,4.265,-4.063,8016,2019-07-23 11:45:00
1113073,1113073,5679,2019-07-23 12:00:00-05,4.271,-4.102,8017,2019-07-23 12:00:00
1113074,1113074,5679,2019-07-23 12:15:00-05,4.257,-4.095,8018,2019-07-23 12:15:00
1113075,1113075,5679,2019-07-23 12:30:00-05,4.291,-4.092,8019,2019-07-23 12:30:00
1113076,1113076,5679,2019-07-23 12:45:00-05,3.824,-3.655,8020,2019-07-23 12:45:00
1113077,1113077,5679,2019-07-23 13:00:00-05,3.015,-2.681,8021,2019-07-23 13:00:00
1113078,1113078,5679,2019-07-23 13:15:00-05,2.508,-2.244,8022,2019-07-23 13:15:00
1113079,1113079,5679,2019-07-23 13:30:00-05,1.728,-1.401,8023,2019-07-23 13:30:00
1113080,1113080,5679,2019-07-23 13:45:00-05,1.19,-0.909,8024,2019-07-23 13:45:00
1113081,1113081,5679,2019-07-23 14:00:00-05,0.934,-0.633,8025,2019-07-23 14:00:00
1113082,1113082,5679,2019-07-23 14:15:00-05,1.205,-0.916,8026,2019-07-23 14:15:00
1113083,1113083,5679,2019-07-23 14:30:00-05,0.683,5.509,8027,2019-07-23 14:30:00
1113084,1113084,5679,2019-07-23 14:45:00-05,0.555,7.832,8028,2019-07-23 14:45:00
1113085,1113085,5679,2019-07-23 15:00:00-05,0.754,7.533,8029,2019-07-23 15:00:00
1113086,1113086,5679,2019-07-23 15:15:00-05,1.542,6.5,8030,2019-07-23 15:15:00
1113087,1113087,5679,2019-07-23 15:30:00-05,1.643,0.384,8031,2019-07-23 15:30:00
1113088,1113088,5679,2019-07-23 15:45:00-05,1.093,0.332,8032,2019-07-23 15:45:00
1113089,1113089,5679,2019-07-23 16:00:00-05,0.738,0.653,8033,2019-07-23 16:00:00
1113090,1113090,5679,2019-07-23 16:15:00-05,0.699,0.456,8034,2019-07-23 16:15:00
1113091,1113091,5679,2019-07-23 16:30:00-05,0.485,0.66,8035,2019-07-23 16:30:00
1113092,1113092,5679,2019-07-23 16:45:00-05,0.545,0.409,8036,2019-07-23 16:45:00
1113093,1113093,5679,2019-07-23 17:00:00-05,0.487,1.047,8037,2019-07-23 17:00:00
1113094,1113094,5679,2019-07-23 17:15:00-05,0.636,0.009,8038,2019-07-23 17:15:00
1113095,1113095,5679,2019-07-23 17:30:00-05,0.405,0.541,8039,2019-07-23 17:30:00
1113096,1113096,5679,2019-07-23 17:45:00-05,0.426,0.954,8040,2019-07-23 17:45:00
1113097,1113097,5679,2019-07-23 18:00:00-05,0.296,1.216,8041,2019-07-23 18:00:00
1113098,1113098,5679,2019-07-23 18:15:00-05,0.254,0.702,8042,2019-07-23 18:15:00
1113099,1113099,5679,2019-07-23 18:30:00-05,0.156,0.183,8043,2019-07-23 18:30:00
1113100,1113100,5679,2019-07-23 18:45:00-05,0.123,0.324,8044,2019-07-23 18:45:00
1113101,1113101,5679,2019-07-23 19:00:00-05,0.061,0.344,8045,2019-07-23 19:00:00
1113102,1113102,5679,2019-07-23 19:15:00-05,0.02,0.437,8046,2019-07-23 19:15:00
1113103,1113103,5679,2019-07-23 19:30:00-05,0.005,0.541,8047,2019-07-23 19:30:00
1113104,1113104,5679,2019-07-23 19:45:00-05,0.005,0.569,8048,2019-07-23 19:45:00
1113105,1113105,5679,2019-07-23 20:00:00-05,0.005,0.693,8049,2019-07-23 20:00:00
1113106,1113106,5679,2019-07-23 20:15:00-05,0.006,0.434,8050,2019-07-23 20:15:00
1113107,1113107,5679,2019-07-23 20:30:00-05,0.006,0.532,8051,2019-07-23 20:30:00
1113108,1113108,5679,2019-07-23 20:45:00-05,0.006,0.395,8052,2019-07-23 20:45:00
1113109,1113109,5679,2019-07-23 21:00:00-05,0.006,0.408,8053,2019-07-23 21:00:00
1113110,1113110,5679,2019-07-23 21:15:00-05,0.006,0.371,8054,2019-07-23 21:15:00
1113111,1113111,5679,2019-07-23 21:30:00-05,0.006,0.294,8055,2019-07-23 21:30:00
1113112,1113112,5679,2019-07-23 21:45:00-05,0.006,0.364,8056,2019-07-23 21:45:00
1113113,1113113,5679,2019-07-23 22:00:00-05,0.006,0.187,8057,2019-07-23 22:00:00
1113114,1113114,5679,2019-07-23 22:15:00-05,0.006,0.339,8058,2019-07-23 22:15:00
1113115,1113115,5679,2019-07-23 22:30:00-05,0.006,0.285,8059,2019-07-23 22:30:00
1113116,1113116,5679,2019-07-23 22:45:00-05,0.006,0.324,8060,2019-07-23 22:45:00
1113117,1113117,5679,2019-07-23 23:00:00-05,0.006,0.372,8061,2019-07-23 23:00:00
1113118,1113118,5679,2019-07-23 23:15:00-05,0.006,0.495,8062,2019-07-23 23:15:00
1113119,1113119,5679,2019-07-23 23:30:00-05,0.006,0.293,8063,2019-07-23 23:30:00
1113120,1113120,5679,2019-07-23 23:45:00-05,0.006,0.314,8064,2019-07-23 23:45:00
1113121,1113121,5679,2019-07-24 00:00:00-05,0.006,0.419,8065,2019-07-24 00:00:00
1113122,1113122,5679,2019-07-24 00:15:00-05,0.006,0.345,8066,2019-07-24 00:15:00
1113123,1113123,5679,2019-07-24 00:30:00-05,0.006,0.416,8067,2019-07-24 00:30:00
1113124,1113124,5679,2019-07-24 00:45:00-05,0.006,0.347,8068,2019-07-24 00:45:00
1113125,1113125,5679,2019-07-24 01:00:00-05,0.006,0.381,8069,2019-07-24 01:00:00
1113126,1113126,5679,2019-07-24 01:15:00-05,0.006,0.356,8070,2019-07-24 01:15:00
1113127,1113127,5679,2019-07-24 01:30:00-05,0.006,0.269,8071,2019-07-24 01:30:00
1113128,1113128,5679,2019-07-24 01:45:00-05,0.006,0.274,8072,2019-07-24 01:45:00
1113129,1113129,5679,2019-07-24 02:00:00-05,0.006,0.226,8073,2019-07-24 02:00:00
1113130,1113130,5679,2019-07-24 02:15:00-05,0.006,0.294,8074,2019-07-24 02:15:00
1113131,1113131,5679,2019-07-24 02:30:00-05,0.006,0.223,8075,2019-07-24 02:30:00
1113132,1113132,5679,2019-07-24 02:45:00-05,0.006,0.279,8076,2019-07-24 02:45:00
1113133,1113133,5679,2019-07-24 03:00:00-05,0.006,0.33,8077,2019-07-24 03:00:00
1113134,1113134,5679,2019-07-24 03:15:00-05,0.006,0.298,8078,2019-07-24 03:15:00
1113135,1113135,5679,2019-07-24 03:30:00-05,0.006,0.337,8079,2019-07-24 03:30:00
1113136,1113136,5679,2019-07-24 03:45:00-05,0.006,0.271,8080,2019-07-24 03:45:00
1113137,1113137,5679,2019-07-24 04:00:00-05,0.006,0.456,8081,2019-07-24 04:00:00
1113138,1113138,5679,2019-07-24 04:15:00-05,0.006,0.429,8082,2019-07-24 04:15:00
1113139,1113139,5679,2019-07-24 04:30:00-05,0.005,1.077,8083,2019-07-24 04:30:00
1113140,1113140,5679,2019-07-24 04:45:00-05,0.009,0.527,8084,2019-07-24 04:45:00
1113141,1113141,5679,2019-07-24 05:00:00-05,0.033,0.53,8085,2019-07-24 05:00:00
1113142,1113142,5679,2019-07-24 05:15:00-05,0.061,0.794,8086,2019-07-24 05:15:00
1113143,1113143,5679,2019-07-24 05:30:00-05,0.088,0.374,8087,2019-07-24 05:30:00
1113144,1113144,5679,2019-07-24 05:45:00-05,0.118,0.369,8088,2019-07-24 05:45:00
1113145,1113145,5679,2019-07-24 06:00:00-05,0.163,0.567,8089,2019-07-24 06:00:00
1113146,1113146,5679,2019-07-24 06:15:00-05,0.198,2.887,8090,2019-07-24 06:15:00
1113147,1113147,5679,2019-07-24 06:30:00-05,0.234,2.247,8091,2019-07-24 06:30:00
1113148,1113148,5679,2019-07-24 06:45:00-05,0.275,1.644,8092,2019-07-24 06:45:00
1113149,1113149,5679,2019-07-24 07:00:00-05,0.324,1.646,8093,2019-07-24 07:00:00
1113150,1113150,5679,2019-07-24 07:15:00-05,0.446,0.099,8094,2019-07-24 07:15:00
1113151,1113151,5679,2019-07-24 07:30:00-05,0.539,4.696,8095,2019-07-24 07:30:00
1113152,1113152,5679,2019-07-24 07:45:00-05,0.848,2.527,8096,2019-07-24 07:45:00
1113153,1113153,5679,2019-07-24 08:00:00-05,1.464,0.286,8097,2019-07-24 08:00:00
1113154,1113154,5679,2019-07-24 08:15:00-05,1.792,-1.327,8098,2019-07-24 08:15:00
1113155,1113155,5679,2019-07-24 08:30:00-05,2.088,-1.747,8099,2019-07-24 08:30:00
1113156,1113156,5679,2019-07-24 08:45:00-05,2.39,-2.096,8100,2019-07-24 08:45:00
1113157,1113157,5679,2019-07-24 09:00:00-05,2.673,-2.419,8101,2019-07-24 09:00:00
1113158,1113158,5679,2019-07-24 09:15:00-05,2.911,-2.522,8102,2019-07-24 09:15:00
1113159,1113159,5679,2019-07-24 09:30:00-05,3.101,-2.723,8103,2019-07-24 09:30:00
1113160,1113160,5679,2019-07-24 09:45:00-05,3.285,-2.883,8104,2019-07-24 09:45:00
1113161,1113161,5679,2019-07-24 10:00:00-05,3.461,-2.859,8105,2019-07-24 10:00:00
1113162,1113162,5679,2019-07-24 10:15:00-05,3.612,-2.412,8106,2019-07-24 10:15:00
1113163,1113163,5679,2019-07-24 10:30:00-05,3.763,-2.696,8107,2019-07-24 10:30:00
1113164,1113164,5679,2019-07-24 10:45:00-05,3.9,-3.072,8108,2019-07-24 10:45:00
1113165,1113165,5679,2019-07-24 11:00:00-05,4.002,-2.802,8109,2019-07-24 11:00:00
1113166,1113166,5679,2019-07-24 11:15:00-05,4.08,-2.988,8110,2019-07-24 11:15:00
1113167,1113167,5679,2019-07-24 11:30:00-05,4.074,-2.976,8111,2019-07-24 11:30:00
1113168,1113168,5679,2019-07-24 11:45:00-05,4.106,-3.094,8112,2019-07-24 11:45:00
1113169,1113169,5679,2019-07-24 12:00:00-05,4.147,-3.119,8113,2019-07-24 12:00:00
1113170,1113170,5679,2019-07-24 12:15:00-05,4.19,-2.759,8114,2019-07-24 12:15:00
1113171,1113171,5679,2019-07-24 12:30:00-05,4.163,-3.165,8115,2019-07-24 12:30:00
1113172,1113172,5679,2019-07-24 12:45:00-05,3.962,-3.59,8116,2019-07-24 12:45:00
1113173,1113173,5679,2019-07-24 13:00:00-05,3.789,-3.256,8117,2019-07-24 13:00:00
1113174,1113174,5679,2019-07-24 13:15:00-05,3.652,-2.886,8118,2019-07-24 13:15:00
1113175,1113175,5679,2019-07-24 13:30:00-05,3.371,-1.759,8119,2019-07-24 13:30:00
1113176,1113176,5679,2019-07-24 13:45:00-05,3.152,-1.735,8120,2019-07-24 13:45:00
1113177,1113177,5679,2019-07-24 14:00:00-05,2.248,-1.034,8121,2019-07-24 14:00:00
1113178,1113178,5679,2019-07-24 14:15:00-05,2.762,-1.991,8122,2019-07-24 14:15:00
1113179,1113179,5679,2019-07-24 14:30:00-05,1.085,-0.1,8123,2019-07-24 14:30:00
1113180,1113180,5679,2019-07-24 14:45:00-05,1.415,-0.753,8124,2019-07-24 14:45:00
1113181,1113181,5679,2019-07-24 15:00:00-05,1.225,-0.286,8125,2019-07-24 15:00:00
1113182,1113182,5679,2019-07-24 15:15:00-05,1.559,-0.366,8126,2019-07-24 15:15:00
1113183,1113183,5679,2019-07-24 15:30:00-05,1.332,0.965,8127,2019-07-24 15:30:00
1113184,1113184,5679,2019-07-24 15:45:00-05,0.902,0.782,8128,2019-07-24 15:45:00
1113185,1113185,5679,2019-07-24 16:00:00-05,0.65,1.182,8129,2019-07-24 16:00:00
1113186,1113186,5679,2019-07-24 16:15:00-05,0.582,1.763,8130,2019-07-24 16:15:00
1113187,1113187,5679,2019-07-24 16:30:00-05,0.549,1.782,8131,2019-07-24 16:30:00
1113188,1113188,5679,2019-07-24 16:45:00-05,0.464,1.893,8132,2019-07-24 16:45:00
1113189,1113189,5679,2019-07-24 17:00:00-05,0.414,1.021,8133,2019-07-24 17:00:00
1113190,1113190,5679,2019-07-24 17:15:00-05,0.348,1.111,8134,2019-07-24 17:15:00
1113191,1113191,5679,2019-07-24 17:30:00-05,0.309,1.348,8135,2019-07-24 17:30:00
1113192,1113192,5679,2019-07-24 17:45:00-05,0.272,1.725,8136,2019-07-24 17:45:00
1113193,1113193,5679,2019-07-24 18:00:00-05,0.225,1.578,8137,2019-07-24 18:00:00
1113194,1113194,5679,2019-07-24 18:15:00-05,0.172,1.119,8138,2019-07-24 18:15:00
1113195,1113195,5679,2019-07-24 18:30:00-05,0.131,0.922,8139,2019-07-24 18:30:00
1113196,1113196,5679,2019-07-24 18:45:00-05,0.096,0.923,8140,2019-07-24 18:45:00
1113197,1113197,5679,2019-07-24 19:00:00-05,0.059,0.472,8141,2019-07-24 19:00:00
1113198,1113198,5679,2019-07-24 19:15:00-05,0.027,0.735,8142,2019-07-24 19:15:00
1113199,1113199,5679,2019-07-24 19:30:00-05,0.006,0.629,8143,2019-07-24 19:30:00
1113200,1113200,5679,2019-07-24 19:45:00-05,0.005,0.691,8144,2019-07-24 19:45:00
1113201,1113201,5679,2019-07-24 20:00:00-05,0.005,0.771,8145,2019-07-24 20:00:00
1113202,1113202,5679,2019-07-24 20:15:00-05,0.005,0.793,8146,2019-07-24 20:15:00
1113203,1113203,5679,2019-07-24 20:30:00-05,0.005,0.751,8147,2019-07-24 20:30:00
1113204,1113204,5679,2019-07-24 20:45:00-05,0.006,0.612,8148,2019-07-24 20:45:00
1113205,1113205,5679,2019-07-24 21:00:00-05,0.006,0.571,8149,2019-07-24 21:00:00
1113206,1113206,5679,2019-07-24 21:15:00-05,0.006,0.478,8150,2019-07-24 21:15:00
1113207,1113207,5679,2019-07-24 21:30:00-05,0.006,0.451,8151,2019-07-24 21:30:00
1113208,1113208,5679,2019-07-24 21:45:00-05,0.006,0.369,8152,2019-07-24 21:45:00
1113209,1113209,5679,2019-07-24 22:00:00-05,0.006,0.358,8153,2019-07-24 22:00:00
1113210,1113210,5679,2019-07-24 22:15:00-05,0.006,0.314,8154,2019-07-24 22:15:00
1113211,1113211,5679,2019-07-24 22:30:00-05,0.006,0.531,8155,2019-07-24 22:30:00
1113212,1113212,5679,2019-07-24 22:45:00-05,0.006,0.415,8156,2019-07-24 22:45:00
1113213,1113213,5679,2019-07-24 23:00:00-05,0.006,0.389,8157,2019-07-24 23:00:00
1113214,1113214,5679,2019-07-24 23:15:00-05,0.006,0.416,8158,2019-07-24 23:15:00
1113215,1113215,5679,2019-07-24 23:30:00-05,0.006,0.459,8159,2019-07-24 23:30:00
1113216,1113216,5679,2019-07-24 23:45:00-05,0.006,0.411,8160,2019-07-24 23:45:00
1113217,1113217,5679,2019-07-25 00:00:00-05,0.006,0.637,8161,2019-07-25 00:00:00
1113218,1113218,5679,2019-07-25 00:15:00-05,0.006,0.443,8162,2019-07-25 00:15:00
1113219,1113219,5679,2019-07-25 00:30:00-05,0.006,0.465,8163,2019-07-25 00:30:00
1113220,1113220,5679,2019-07-25 00:45:00-05,0.006,0.415,8164,2019-07-25 00:45:00
1113221,1113221,5679,2019-07-25 01:00:00-05,0.006,0.479,8165,2019-07-25 01:00:00
1113222,1113222,5679,2019-07-25 01:15:00-05,0.006,0.414,8166,2019-07-25 01:15:00
1113223,1113223,5679,2019-07-25 01:30:00-05,0.006,0.453,8167,2019-07-25 01:30:00
1113224,1113224,5679,2019-07-25 01:45:00-05,0.006,0.297,8168,2019-07-25 01:45:00
1113225,1113225,5679,2019-07-25 02:00:00-05,0.006,0.368,8169,2019-07-25 02:00:00
1113226,1113226,5679,2019-07-25 02:15:00-05,0.006,0.293,8170,2019-07-25 02:15:00
1113227,1113227,5679,2019-07-25 02:30:00-05,0.006,0.365,8171,2019-07-25 02:30:00
1113228,1113228,5679,2019-07-25 02:45:00-05,0.006,0.291,8172,2019-07-25 02:45:00
1113229,1113229,5679,2019-07-25 03:00:00-05,0.006,0.365,8173,2019-07-25 03:00:00
1113230,1113230,5679,2019-07-25 03:15:00-05,0.006,0.396,8174,2019-07-25 03:15:00
1113231,1113231,5679,2019-07-25 03:30:00-05,0.006,0.465,8175,2019-07-25 03:30:00
1113232,1113232,5679,2019-07-25 03:45:00-05,0.006,0.402,8176,2019-07-25 03:45:00
1113233,1113233,5679,2019-07-25 04:00:00-05,0.006,0.454,8177,2019-07-25 04:00:00
1113234,1113234,5679,2019-07-25 04:15:00-05,0.006,0.406,8178,2019-07-25 04:15:00
1113235,1113235,5679,2019-07-25 04:30:00-05,0.006,0.45,8179,2019-07-25 04:30:00
1113236,1113236,5679,2019-07-25 04:45:00-05,0.007,0.789,8180,2019-07-25 04:45:00
1113237,1113237,5679,2019-07-25 05:00:00-05,0.026,0.435,8181,2019-07-25 05:00:00
1113238,1113238,5679,2019-07-25 05:15:00-05,0.059,0.408,8182,2019-07-25 05:15:00
1113239,1113239,5679,2019-07-25 05:30:00-05,0.092,0.754,8183,2019-07-25 05:30:00
1113240,1113240,5679,2019-07-25 05:45:00-05,0.132,0.189,8184,2019-07-25 05:45:00
1113241,1113241,5679,2019-07-25 06:00:00-05,0.193,0.241,8185,2019-07-25 06:00:00
1113242,1113242,5679,2019-07-25 06:15:00-05,0.234,0.225,8186,2019-07-25 06:15:00
1113243,1113243,5679,2019-07-25 06:30:00-05,0.262,0.223,8187,2019-07-25 06:30:00
1113244,1113244,5679,2019-07-25 06:45:00-05,0.301,0.235,8188,2019-07-25 06:45:00
1113245,1113245,5679,2019-07-25 07:00:00-05,0.368,0.16,8189,2019-07-25 07:00:00
1113246,1113246,5679,2019-07-25 07:15:00-05,0.431,0.147,8190,2019-07-25 07:15:00
1113247,1113247,5679,2019-07-25 07:30:00-05,0.547,-0.078,8191,2019-07-25 07:30:00
1113248,1113248,5679,2019-07-25 07:45:00-05,0.839,0.014,8192,2019-07-25 07:45:00
1113249,1113249,5679,2019-07-25 08:00:00-05,1.44,-0.914,8193,2019-07-25 08:00:00
1113250,1113250,5679,2019-07-25 08:15:00-05,1.765,-0.986,8194,2019-07-25 08:15:00
1113251,1113251,5679,2019-07-25 08:30:00-05,2.05,-1.578,8195,2019-07-25 08:30:00
1113252,1113252,5679,2019-07-25 08:45:00-05,2.35,-1.818,8196,2019-07-25 08:45:00
1113253,1113253,5679,2019-07-25 09:00:00-05,2.624,-2.118,8197,2019-07-25 09:00:00
1113254,1113254,5679,2019-07-25 09:15:00-05,2.844,-2.318,8198,2019-07-25 09:15:00
1113255,1113255,5679,2019-07-25 09:30:00-05,3.053,-2.535,8199,2019-07-25 09:30:00
1113256,1113256,5679,2019-07-25 09:45:00-05,3.232,-2.854,8200,2019-07-25 09:45:00
1113257,1113257,5679,2019-07-25 10:00:00-05,3.392,-3.063,8201,2019-07-25 10:00:00
1113258,1113258,5679,2019-07-25 10:15:00-05,3.53,-3.137,8202,2019-07-25 10:15:00
1113259,1113259,5679,2019-07-25 10:30:00-05,3.66,-3.219,8203,2019-07-25 10:30:00
1113260,1113260,5679,2019-07-25 10:45:00-05,3.786,-3.399,8204,2019-07-25 10:45:00
1113261,1113261,5679,2019-07-25 11:00:00-05,3.892,-3.528,8205,2019-07-25 11:00:00
1113262,1113262,5679,2019-07-25 11:15:00-05,3.948,-3.221,8206,2019-07-25 11:15:00
1113263,1113263,5679,2019-07-25 11:30:00-05,3.963,-3.698,8207,2019-07-25 11:30:00
1113264,1113264,5679,2019-07-25 11:45:00-05,3.995,-2.89,8208,2019-07-25 11:45:00
1113265,1113265,5679,2019-07-25 12:00:00-05,4.026,-3.207,8209,2019-07-25 12:00:00
1113266,1113266,5679,2019-07-25 12:15:00-05,4.054,-2.369,8210,2019-07-25 12:15:00
1113267,1113267,5679,2019-07-25 12:30:00-05,4.033,-2.079,8211,2019-07-25 12:30:00
1113268,1113268,5679,2019-07-25 12:45:00-05,3.849,-0.959,8212,2019-07-25 12:45:00
1113269,1113269,5679,2019-07-25 13:00:00-05,3.726,-0.874,8213,2019-07-25 13:00:00
1113270,1113270,5679,2019-07-25 13:15:00-05,3.539,-1.013,8214,2019-07-25 13:15:00
1113271,1113271,5679,2019-07-25 13:30:00-05,3.293,-0.64,8215,2019-07-25 13:30:00
1113272,1113272,5679,2019-07-25 13:45:00-05,3.027,-0.531,8216,2019-07-25 13:45:00
1113273,1113273,5679,2019-07-25 14:00:00-05,2.649,-0.534,8217,2019-07-25 14:00:00
1113274,1113274,5679,2019-07-25 14:15:00-05,2.321,-1.198,8218,2019-07-25 14:15:00
1113275,1113275,5679,2019-07-25 14:30:00-05,2.103,-0.362,8219,2019-07-25 14:30:00
1113276,1113276,5679,2019-07-25 14:45:00-05,1.739,-0.051,8220,2019-07-25 14:45:00
1113277,1113277,5679,2019-07-25 15:00:00-05,1.416,0.074,8221,2019-07-25 15:00:00
1113278,1113278,5679,2019-07-25 15:15:00-05,1.057,0.72,8222,2019-07-25 15:15:00
1113279,1113279,5679,2019-07-25 15:30:00-05,0.88,0.924,8223,2019-07-25 15:30:00
1113280,1113280,5679,2019-07-25 15:45:00-05,0.725,1.15,8224,2019-07-25 15:45:00
1113281,1113281,5679,2019-07-25 16:00:00-05,0.61,1.124,8225,2019-07-25 16:00:00
1113282,1113282,5679,2019-07-25 16:15:00-05,0.55,0.843,8226,2019-07-25 16:15:00
1113283,1113283,5679,2019-07-25 16:30:00-05,0.454,0.198,8227,2019-07-25 16:30:00
1113284,1113284,5679,2019-07-25 16:45:00-05,0.426,0.38,8228,2019-07-25 16:45:00
1113285,1113285,5679,2019-07-25 17:00:00-05,0.389,0.312,8229,2019-07-25 17:00:00
1113286,1113286,5679,2019-07-25 17:15:00-05,0.347,0.151,8230,2019-07-25 17:15:00
1113287,1113287,5679,2019-07-25 17:30:00-05,0.315,0.183,8231,2019-07-25 17:30:00
1113288,1113288,5679,2019-07-25 17:45:00-05,0.279,0.111,8232,2019-07-25 17:45:00
1113289,1113289,5679,2019-07-25 18:00:00-05,0.236,0.221,8233,2019-07-25 18:00:00
1113290,1113290,5679,2019-07-25 18:15:00-05,0.187,0.197,8234,2019-07-25 18:15:00
1113291,1113291,5679,2019-07-25 18:30:00-05,0.143,0.291,8235,2019-07-25 18:30:00
1113292,1113292,5679,2019-07-25 18:45:00-05,0.102,0.174,8236,2019-07-25 18:45:00
1113293,1113293,5679,2019-07-25 19:00:00-05,0.058,0.397,8237,2019-07-25 19:00:00
1113294,1113294,5679,2019-07-25 19:15:00-05,0.014,8.501,8238,2019-07-25 19:15:00
1113295,1113295,5679,2019-07-25 19:30:00-05,-0.002,8.618,8239,2019-07-25 19:30:00
1113296,1113296,5679,2019-07-25 19:45:00-05,-0.002,8.407,8240,2019-07-25 19:45:00
1113297,1113297,5679,2019-07-25 20:00:00-05,-0.002,7.699,8241,2019-07-25 20:00:00
1113298,1113298,5679,2019-07-25 20:15:00-05,0.003,2.599,8242,2019-07-25 20:15:00
1113299,1113299,5679,2019-07-25 20:30:00-05,0.005,0.573,8243,2019-07-25 20:30:00
1113300,1113300,5679,2019-07-25 20:45:00-05,0.005,0.512,8244,2019-07-25 20:45:00
1113301,1113301,5679,2019-07-25 21:00:00-05,0.005,0.446,8245,2019-07-25 21:00:00
1113302,1113302,5679,2019-07-25 21:15:00-05,0.005,0.482,8246,2019-07-25 21:15:00
1113303,1113303,5679,2019-07-25 21:30:00-05,0.006,0.381,8247,2019-07-25 21:30:00
1113304,1113304,5679,2019-07-25 21:45:00-05,0.006,0.429,8248,2019-07-25 21:45:00
1113305,1113305,5679,2019-07-25 22:00:00-05,0.006,0.367,8249,2019-07-25 22:00:00
1113306,1113306,5679,2019-07-25 22:15:00-05,0.005,0.537,8250,2019-07-25 22:15:00
1113307,1113307,5679,2019-07-25 22:30:00-05,0.005,0.587,8251,2019-07-25 22:30:00
1113308,1113308,5679,2019-07-25 22:45:00-05,0.006,0.561,8252,2019-07-25 22:45:00
1113309,1113309,5679,2019-07-25 23:00:00-05,0.006,0.449,8253,2019-07-25 23:00:00
1113310,1113310,5679,2019-07-25 23:15:00-05,0.006,0.493,8254,2019-07-25 23:15:00
1113311,1113311,5679,2019-07-25 23:30:00-05,0.006,0.448,8255,2019-07-25 23:30:00
1113312,1113312,5679,2019-07-25 23:45:00-05,0.006,0.375,8256,2019-07-25 23:45:00
1113313,1113313,5679,2019-07-26 00:00:00-05,0.006,0.304,8257,2019-07-26 00:00:00
1113314,1113314,5679,2019-07-26 00:15:00-05,0.006,0.343,8258,2019-07-26 00:15:00
1113315,1113315,5679,2019-07-26 00:30:00-05,0.006,0.302,8259,2019-07-26 00:30:00
1113316,1113316,5679,2019-07-26 00:45:00-05,0.006,0.329,8260,2019-07-26 00:45:00
1113317,1113317,5679,2019-07-26 01:00:00-05,0.006,0.305,8261,2019-07-26 01:00:00
1113318,1113318,5679,2019-07-26 01:15:00-05,0.006,0.318,8262,2019-07-26 01:15:00
1113319,1113319,5679,2019-07-26 01:30:00-05,0.006,0.294,8263,2019-07-26 01:30:00
1113320,1113320,5679,2019-07-26 01:45:00-05,0.006,0.262,8264,2019-07-26 01:45:00
1113321,1113321,5679,2019-07-26 02:00:00-05,0.006,0.332,8265,2019-07-26 02:00:00
1113322,1113322,5679,2019-07-26 02:15:00-05,0.006,0.306,8266,2019-07-26 02:15:00
1113323,1113323,5679,2019-07-26 02:30:00-05,0.006,0.347,8267,2019-07-26 02:30:00
1113324,1113324,5679,2019-07-26 02:45:00-05,0.006,0.291,8268,2019-07-26 02:45:00
1113325,1113325,5679,2019-07-26 03:00:00-05,0.006,0.355,8269,2019-07-26 03:00:00
1113326,1113326,5679,2019-07-26 03:15:00-05,0.006,0.362,8270,2019-07-26 03:15:00
1113327,1113327,5679,2019-07-26 03:30:00-05,0.006,0.465,8271,2019-07-26 03:30:00
1113328,1113328,5679,2019-07-26 03:45:00-05,0.006,0.398,8272,2019-07-26 03:45:00
1113329,1113329,5679,2019-07-26 04:00:00-05,0.006,0.438,8273,2019-07-26 04:00:00
1113330,1113330,5679,2019-07-26 04:15:00-05,0.006,0.414,8274,2019-07-26 04:15:00
1113331,1113331,5679,2019-07-26 04:30:00-05,0.006,0.42,8275,2019-07-26 04:30:00
1113332,1113332,5679,2019-07-26 04:45:00-05,0.007,0.414,8276,2019-07-26 04:45:00
1113333,1113333,5679,2019-07-26 05:00:00-05,0.026,0.457,8277,2019-07-26 05:00:00
1113334,1113334,5679,2019-07-26 05:15:00-05,0.06,0.209,8278,2019-07-26 05:15:00
1113335,1113335,5679,2019-07-26 05:30:00-05,0.096,0.212,8279,2019-07-26 05:30:00
1113336,1113336,5679,2019-07-26 05:45:00-05,0.134,0.677,8280,2019-07-26 05:45:00
1113337,1113337,5679,2019-07-26 06:00:00-05,0.182,0.569,8281,2019-07-26 06:00:00
1113338,1113338,5679,2019-07-26 06:15:00-05,0.229,0.134,8282,2019-07-26 06:15:00
1113339,1113339,5679,2019-07-26 06:30:00-05,0.272,0.604,8283,2019-07-26 06:30:00
1113340,1113340,5679,2019-07-26 06:45:00-05,0.318,0.438,8284,2019-07-26 06:45:00
1113341,1113341,5679,2019-07-26 07:00:00-05,0.384,0.193,8285,2019-07-26 07:00:00
1113342,1113342,5679,2019-07-26 07:15:00-05,0.494,-0.017,8286,2019-07-26 07:15:00
1113343,1113343,5679,2019-07-26 07:30:00-05,0.584,0.027,8287,2019-07-26 07:30:00
1113344,1113344,5679,2019-07-26 07:45:00-05,0.844,-0.274,8288,2019-07-26 07:45:00
1113345,1113345,5679,2019-07-26 08:00:00-05,1.39,-0.854,8289,2019-07-26 08:00:00
1113346,1113346,5679,2019-07-26 08:15:00-05,1.706,-1.375,8290,2019-07-26 08:15:00
1113347,1113347,5679,2019-07-26 08:30:00-05,1.977,-1.586,8291,2019-07-26 08:30:00
1113348,1113348,5679,2019-07-26 08:45:00-05,2.285,-1.954,8292,2019-07-26 08:45:00
1113349,1113349,5679,2019-07-26 09:00:00-05,2.566,-2.21,8293,2019-07-26 09:00:00
1113350,1113350,5679,2019-07-26 09:15:00-05,2.789,-2.429,8294,2019-07-26 09:15:00
1113351,1113351,5679,2019-07-26 09:30:00-05,2.981,-2.232,8295,2019-07-26 09:30:00
1113352,1113352,5679,2019-07-26 09:45:00-05,3.166,-1.676,8296,2019-07-26 09:45:00
1113353,1113353,5679,2019-07-26 10:00:00-05,3.341,-2.234,8297,2019-07-26 10:00:00
1113354,1113354,5679,2019-07-26 10:15:00-05,3.498,-2.619,8298,2019-07-26 10:15:00
1113355,1113355,5679,2019-07-26 10:30:00-05,3.635,-2.472,8299,2019-07-26 10:30:00
1113356,1113356,5679,2019-07-26 10:45:00-05,3.738,-2.396,8300,2019-07-26 10:45:00
1113357,1113357,5679,2019-07-26 11:00:00-05,3.852,-2.569,8301,2019-07-26 11:00:00
1113358,1113358,5679,2019-07-26 11:15:00-05,3.835,-2.528,8302,2019-07-26 11:15:00
1113359,1113359,5679,2019-07-26 11:30:00-05,2.811,-1.327,8303,2019-07-26 11:30:00
1113360,1113360,5679,2019-07-26 11:45:00-05,3.904,-2.098,8304,2019-07-26 11:45:00
1113361,1113361,5679,2019-07-26 12:00:00-05,4.052,-2.11,8305,2019-07-26 12:00:00
1113362,1113362,5679,2019-07-26 12:15:00-05,4.034,-2.096,8306,2019-07-26 12:15:00
1113363,1113363,5679,2019-07-26 12:30:00-05,3.981,-2.641,8307,2019-07-26 12:30:00
1113364,1113364,5679,2019-07-26 12:45:00-05,3.843,-2.981,8308,2019-07-26 12:45:00
1113365,1113365,5679,2019-07-26 13:00:00-05,3.643,-2.332,8309,2019-07-26 13:00:00
1113366,1113366,5679,2019-07-26 13:15:00-05,3.527,-1.687,8310,2019-07-26 13:15:00
1113367,1113367,5679,2019-07-26 13:30:00-05,3.279,-0.851,8311,2019-07-26 13:30:00
1113368,1113368,5679,2019-07-26 13:45:00-05,2.976,-0.534,8312,2019-07-26 13:45:00
1113369,1113369,5679,2019-07-26 14:00:00-05,2.632,-0.183,8313,2019-07-26 14:00:00
1113370,1113370,5679,2019-07-26 14:15:00-05,2.305,0.377,8314,2019-07-26 14:15:00
1113371,1113371,5679,2019-07-26 14:30:00-05,1.866,0.143,8315,2019-07-26 14:30:00
1113372,1113372,5679,2019-07-26 14:45:00-05,1.697,0.329,8316,2019-07-26 14:45:00
1113373,1113373,5679,2019-07-26 15:00:00-05,1.498,0.563,8317,2019-07-26 15:00:00
1113374,1113374,5679,2019-07-26 15:15:00-05,1.127,1.216,8318,2019-07-26 15:15:00
1113375,1113375,5679,2019-07-26 15:30:00-05,0.863,0.229,8319,2019-07-26 15:30:00
1113376,1113376,5679,2019-07-26 15:45:00-05,0.827,-0.164,8320,2019-07-26 15:45:00
1113377,1113377,5679,2019-07-26 16:00:00-05,0.605,-0.068,8321,2019-07-26 16:00:00
1113378,1113378,5679,2019-07-26 16:15:00-05,0.542,-0.066,8322,2019-07-26 16:15:00
1113379,1113379,5679,2019-07-26 16:30:00-05,0.438,-0.019,8323,2019-07-26 16:30:00
1113380,1113380,5679,2019-07-26 16:45:00-05,0.42,0.262,8324,2019-07-26 16:45:00
1113381,1113381,5679,2019-07-26 17:00:00-05,0.417,0.066,8325,2019-07-26 17:00:00
1113382,1113382,5679,2019-07-26 17:15:00-05,0.392,0.118,8326,2019-07-26 17:15:00
1113383,1113383,5679,2019-07-26 17:30:00-05,0.353,0.24,8327,2019-07-26 17:30:00
1113384,1113384,5679,2019-07-26 17:45:00-05,0.352,0.172,8328,2019-07-26 17:45:00
1113385,1113385,5679,2019-07-26 18:00:00-05,0.284,0.251,8329,2019-07-26 18:00:00
1113386,1113386,5679,2019-07-26 18:15:00-05,0.194,0.361,8330,2019-07-26 18:15:00
1113387,1113387,5679,2019-07-26 18:30:00-05,0.138,0.721,8331,2019-07-26 18:30:00
1113388,1113388,5679,2019-07-26 18:45:00-05,0.097,2.73,8332,2019-07-26 18:45:00
1113389,1113389,5679,2019-07-26 19:00:00-05,0.056,2.173,8333,2019-07-26 19:00:00
1113390,1113390,5679,2019-07-26 19:15:00-05,0.022,2.099,8334,2019-07-26 19:15:00
1113391,1113391,5679,2019-07-26 19:30:00-05,0.005,2.011,8335,2019-07-26 19:30:00
1113392,1113392,5679,2019-07-26 19:45:00-05,0.004,2.039,8336,2019-07-26 19:45:00
1113393,1113393,5679,2019-07-26 20:00:00-05,0.005,0.984,8337,2019-07-26 20:00:00
1113394,1113394,5679,2019-07-26 20:15:00-05,0.005,0.739,8338,2019-07-26 20:15:00
1113395,1113395,5679,2019-07-26 20:30:00-05,0.005,0.744,8339,2019-07-26 20:30:00
1113396,1113396,5679,2019-07-26 20:45:00-05,0.005,0.605,8340,2019-07-26 20:45:00
1113397,1113397,5679,2019-07-26 21:00:00-05,0.005,0.613,8341,2019-07-26 21:00:00
1113398,1113398,5679,2019-07-26 21:15:00-05,0.005,0.711,8342,2019-07-26 21:15:00
1113399,1113399,5679,2019-07-26 21:30:00-05,0.006,0.392,8343,2019-07-26 21:30:00
1113400,1113400,5679,2019-07-26 21:45:00-05,0.005,0.696,8344,2019-07-26 21:45:00
1113401,1113401,5679,2019-07-26 22:00:00-05,0.005,0.441,8345,2019-07-26 22:00:00
1113402,1113402,5679,2019-07-26 22:15:00-05,0.005,0.625,8346,2019-07-26 22:15:00
1113403,1113403,5679,2019-07-26 22:30:00-05,0.005,0.508,8347,2019-07-26 22:30:00
1113404,1113404,5679,2019-07-26 22:45:00-05,0.006,0.479,8348,2019-07-26 22:45:00
1113405,1113405,5679,2019-07-26 23:00:00-05,0.005,0.461,8349,2019-07-26 23:00:00
1113406,1113406,5679,2019-07-26 23:15:00-05,0.006,0.356,8350,2019-07-26 23:15:00
1113407,1113407,5679,2019-07-26 23:30:00-05,0.006,0.34,8351,2019-07-26 23:30:00
1113408,1113408,5679,2019-07-26 23:45:00-05,0.006,0.249,8352,2019-07-26 23:45:00
1113409,1113409,5679,2019-07-27 00:00:00-05,0.006,0.335,8353,2019-07-27 00:00:00
1113410,1113410,5679,2019-07-27 00:15:00-05,0.006,0.264,8354,2019-07-27 00:15:00
1113411,1113411,5679,2019-07-27 00:30:00-05,0.006,0.46,8355,2019-07-27 00:30:00
1113412,1113412,5679,2019-07-27 00:45:00-05,0.006,0.348,8356,2019-07-27 00:45:00
1113413,1113413,5679,2019-07-27 01:00:00-05,0.006,0.297,8357,2019-07-27 01:00:00
1113414,1113414,5679,2019-07-27 01:15:00-05,0.006,0.339,8358,2019-07-27 01:15:00
1113415,1113415,5679,2019-07-27 01:30:00-05,0.006,0.309,8359,2019-07-27 01:30:00
1113416,1113416,5679,2019-07-27 01:45:00-05,0.006,0.352,8360,2019-07-27 01:45:00
1113417,1113417,5679,2019-07-27 02:00:00-05,0.006,0.286,8361,2019-07-27 02:00:00
1113418,1113418,5679,2019-07-27 02:15:00-05,0.006,0.362,8362,2019-07-27 02:15:00
1113419,1113419,5679,2019-07-27 02:30:00-05,0.006,0.182,8363,2019-07-27 02:30:00
1113420,1113420,5679,2019-07-27 02:45:00-05,0.006,0.258,8364,2019-07-27 02:45:00
1113421,1113421,5679,2019-07-27 03:00:00-05,0.006,0.174,8365,2019-07-27 03:00:00
1113422,1113422,5679,2019-07-27 03:15:00-05,0.006,0.243,8366,2019-07-27 03:15:00
1113423,1113423,5679,2019-07-27 03:30:00-05,0.006,0.182,8367,2019-07-27 03:30:00
1113424,1113424,5679,2019-07-27 03:45:00-05,0.006,0.213,8368,2019-07-27 03:45:00
1113425,1113425,5679,2019-07-27 04:00:00-05,0.006,0.456,8369,2019-07-27 04:00:00
1113426,1113426,5679,2019-07-27 04:15:00-05,0.005,0.777,8370,2019-07-27 04:15:00
1113427,1113427,5679,2019-07-27 04:30:00-05,0.006,0.547,8371,2019-07-27 04:30:00
1113428,1113428,5679,2019-07-27 04:45:00-05,0.006,0.679,8372,2019-07-27 04:45:00
1113429,1113429,5679,2019-07-27 05:00:00-05,0.026,0.78,8373,2019-07-27 05:00:00
1113430,1113430,5679,2019-07-27 05:15:00-05,0.06,0.333,8374,2019-07-27 05:15:00
1113431,1113431,5679,2019-07-27 05:30:00-05,0.094,0.262,8375,2019-07-27 05:30:00
1113432,1113432,5679,2019-07-27 05:45:00-05,0.129,0.171,8376,2019-07-27 05:45:00
1113433,1113433,5679,2019-07-27 06:00:00-05,0.173,0.148,8377,2019-07-27 06:00:00
1113434,1113434,5679,2019-07-27 06:15:00-05,0.215,0.113,8378,2019-07-27 06:15:00
1113435,1113435,5679,2019-07-27 06:30:00-05,0.256,0.032,8379,2019-07-27 06:30:00
1113436,1113436,5679,2019-07-27 06:45:00-05,0.297,0.113,8380,2019-07-27 06:45:00
1113437,1113437,5679,2019-07-27 07:00:00-05,0.354,0.166,8381,2019-07-27 07:00:00
1113438,1113438,5679,2019-07-27 07:15:00-05,0.45,0.242,8382,2019-07-27 07:15:00
1113439,1113439,5679,2019-07-27 07:30:00-05,0.531,0.058,8383,2019-07-27 07:30:00
1113440,1113440,5679,2019-07-27 07:45:00-05,0.788,-0.134,8384,2019-07-27 07:45:00
1113441,1113441,5679,2019-07-27 08:00:00-05,1.348,-0.741,8385,2019-07-27 08:00:00
1113442,1113442,5679,2019-07-27 08:15:00-05,1.665,-1.102,8386,2019-07-27 08:15:00
1113443,1113443,5679,2019-07-27 08:30:00-05,1.941,-1.466,8387,2019-07-27 08:30:00
1113444,1113444,5679,2019-07-27 08:45:00-05,2.238,-1.419,8388,2019-07-27 08:45:00
1113445,1113445,5679,2019-07-27 09:00:00-05,2.536,-1.749,8389,2019-07-27 09:00:00
1113446,1113446,5679,2019-07-27 09:15:00-05,2.792,-2.446,8390,2019-07-27 09:15:00
1113447,1113447,5679,2019-07-27 09:30:00-05,2.999,-2.229,8391,2019-07-27 09:30:00
1113448,1113448,5679,2019-07-27 09:45:00-05,3.181,-2.787,8392,2019-07-27 09:45:00
1113449,1113449,5679,2019-07-27 10:00:00-05,3.334,-2.631,8393,2019-07-27 10:00:00
1113450,1113450,5679,2019-07-27 10:15:00-05,3.489,-2.681,8394,2019-07-27 10:15:00
1113451,1113451,5679,2019-07-27 10:30:00-05,3.651,-3.002,8395,2019-07-27 10:30:00
1113452,1113452,5679,2019-07-27 10:45:00-05,3.782,-2.708,8396,2019-07-27 10:45:00
1113453,1113453,5679,2019-07-27 11:00:00-05,3.914,-2.192,8397,2019-07-27 11:00:00
1113454,1113454,5679,2019-07-27 11:15:00-05,3.534,5.693,8398,2019-07-27 11:15:00
1113455,1113455,5679,2019-07-27 11:30:00-05,2.06,7.652,8399,2019-07-27 11:30:00
1113456,1113456,5679,2019-07-27 11:45:00-05,2.464,6.774,8400,2019-07-27 11:45:00
1113457,1113457,5679,2019-07-27 12:00:00-05,3.395,5.989,8401,2019-07-27 12:00:00
1113458,1113458,5679,2019-07-27 12:15:00-05,3.716,2.857,8402,2019-07-27 12:15:00
1113459,1113459,5679,2019-07-27 12:30:00-05,3.904,-1.581,8403,2019-07-27 12:30:00
1113460,1113460,5679,2019-07-27 12:45:00-05,2.265,-0.026,8404,2019-07-27 12:45:00
1113461,1113461,5679,2019-07-27 13:00:00-05,0.693,1.335,8405,2019-07-27 13:00:00
1113462,1113462,5679,2019-07-27 13:15:00-05,1.597,0.555,8406,2019-07-27 13:15:00
1113463,1113463,5679,2019-07-27 13:30:00-05,2.665,-0.435,8407,2019-07-27 13:30:00
1113464,1113464,5679,2019-07-27 13:45:00-05,2.814,-1.491,8408,2019-07-27 13:45:00
1113465,1113465,5679,2019-07-27 14:00:00-05,1.929,-0.422,8409,2019-07-27 14:00:00
1113466,1113466,5679,2019-07-27 14:15:00-05,1.81,-0.154,8410,2019-07-27 14:15:00
1113467,1113467,5679,2019-07-27 14:30:00-05,1.568,0.206,8411,2019-07-27 14:30:00
1113468,1113468,5679,2019-07-27 14:45:00-05,1.862,0.123,8412,2019-07-27 14:45:00
1113469,1113469,5679,2019-07-27 15:00:00-05,1.288,-0.41,8413,2019-07-27 15:00:00
1113470,1113470,5679,2019-07-27 15:15:00-05,1.006,-0.701,8414,2019-07-27 15:15:00
1113471,1113471,5679,2019-07-27 15:30:00-05,0.812,-0.439,8415,2019-07-27 15:30:00
1113472,1113472,5679,2019-07-27 15:45:00-05,0.615,-0.293,8416,2019-07-27 15:45:00
1113473,1113473,5679,2019-07-27 16:00:00-05,0.536,-0.072,8417,2019-07-27 16:00:00
1113474,1113474,5679,2019-07-27 16:15:00-05,0.442,0.066,8418,2019-07-27 16:15:00
1113475,1113475,5679,2019-07-27 16:30:00-05,0.33,0.144,8419,2019-07-27 16:30:00
1113476,1113476,5679,2019-07-27 16:45:00-05,0.426,0.113,8420,2019-07-27 16:45:00
1113477,1113477,5679,2019-07-27 17:00:00-05,0.348,0.123,8421,2019-07-27 17:00:00
1113478,1113478,5679,2019-07-27 17:15:00-05,0.304,0.235,8422,2019-07-27 17:15:00
1113479,1113479,5679,2019-07-27 17:30:00-05,0.278,0.096,8423,2019-07-27 17:30:00
1113480,1113480,5679,2019-07-27 17:45:00-05,0.208,0.226,8424,2019-07-27 17:45:00
1113481,1113481,5679,2019-07-27 18:00:00-05,0.232,0.133,8425,2019-07-27 18:00:00
1113482,1113482,5679,2019-07-27 18:15:00-05,0.231,0.178,8426,2019-07-27 18:15:00
1113483,1113483,5679,2019-07-27 18:30:00-05,0.138,0.245,8427,2019-07-27 18:30:00
1113484,1113484,5679,2019-07-27 18:45:00-05,0.096,0.284,8428,2019-07-27 18:45:00
1113485,1113485,5679,2019-07-27 19:00:00-05,0.052,0.417,8429,2019-07-27 19:00:00
1113486,1113486,5679,2019-07-27 19:15:00-05,0.016,0.87,8430,2019-07-27 19:15:00
1113487,1113487,5679,2019-07-27 19:30:00-05,-0.002,10.17,8431,2019-07-27 19:30:00
1113488,1113488,5679,2019-07-27 19:45:00-05,-0.003,9.837,8432,2019-07-27 19:45:00
1113489,1113489,5679,2019-07-27 20:00:00-05,-0.003,9.855,8433,2019-07-27 20:00:00
1113490,1113490,5679,2019-07-27 20:15:00-05,-0.003,9.983,8434,2019-07-27 20:15:00
1113491,1113491,5679,2019-07-27 20:30:00-05,-0.002,9.508,8435,2019-07-27 20:30:00
1113492,1113492,5679,2019-07-27 20:45:00-05,-0.002,9.785,8436,2019-07-27 20:45:00
1113493,1113493,5679,2019-07-27 21:00:00-05,-0.001,7.05,8437,2019-07-27 21:00:00
1113494,1113494,5679,2019-07-27 21:15:00-05,0.004,1.803,8438,2019-07-27 21:15:00
1113495,1113495,5679,2019-07-27 21:30:00-05,0.003,1.938,8439,2019-07-27 21:30:00
1113496,1113496,5679,2019-07-27 21:45:00-05,0.004,1.023,8440,2019-07-27 21:45:00
1113497,1113497,5679,2019-07-27 22:00:00-05,0.005,0.541,8441,2019-07-27 22:00:00
1113498,1113498,5679,2019-07-27 22:15:00-05,0.004,0.865,8442,2019-07-27 22:15:00
1113499,1113499,5679,2019-07-27 22:30:00-05,0.004,1.077,8443,2019-07-27 22:30:00
1113500,1113500,5679,2019-07-27 22:45:00-05,0.005,0.766,8444,2019-07-27 22:45:00
1113501,1113501,5679,2019-07-27 23:00:00-05,0.005,0.755,8445,2019-07-27 23:00:00
1113502,1113502,5679,2019-07-27 23:15:00-05,0.005,0.936,8446,2019-07-27 23:15:00
1113503,1113503,5679,2019-07-27 23:30:00-05,0.005,0.377,8447,2019-07-27 23:30:00
1113504,1113504,5679,2019-07-27 23:45:00-05,0.005,0.672,8448,2019-07-27 23:45:00
1113505,1113505,5679,2019-07-28 00:00:00-05,0.005,0.524,8449,2019-07-28 00:00:00
1113506,1113506,5679,2019-07-28 00:15:00-05,0.005,0.489,8450,2019-07-28 00:15:00
1113507,1113507,5679,2019-07-28 00:30:00-05,0.005,0.294,8451,2019-07-28 00:30:00
1113508,1113508,5679,2019-07-28 00:45:00-05,0.005,0.582,8452,2019-07-28 00:45:00
1113509,1113509,5679,2019-07-28 01:00:00-05,0.005,0.283,8453,2019-07-28 01:00:00
1113510,1113510,5679,2019-07-28 01:15:00-05,0.006,0.249,8454,2019-07-28 01:15:00
1113511,1113511,5679,2019-07-28 01:30:00-05,0.006,0.177,8455,2019-07-28 01:30:00
1113512,1113512,5679,2019-07-28 01:45:00-05,0.006,0.241,8456,2019-07-28 01:45:00
1113513,1113513,5679,2019-07-28 02:00:00-05,0.006,0.181,8457,2019-07-28 02:00:00
1113514,1113514,5679,2019-07-28 02:15:00-05,0.006,0.223,8458,2019-07-28 02:15:00
1113515,1113515,5679,2019-07-28 02:30:00-05,0.006,0.205,8459,2019-07-28 02:30:00
1113516,1113516,5679,2019-07-28 02:45:00-05,0.006,0.307,8460,2019-07-28 02:45:00
1113517,1113517,5679,2019-07-28 03:00:00-05,0.006,0.335,8461,2019-07-28 03:00:00
1113518,1113518,5679,2019-07-28 03:15:00-05,0.006,0.285,8462,2019-07-28 03:15:00
1113519,1113519,5679,2019-07-28 03:30:00-05,0.006,0.349,8463,2019-07-28 03:30:00
1113520,1113520,5679,2019-07-28 03:45:00-05,0.006,0.283,8464,2019-07-28 03:45:00
1113521,1113521,5679,2019-07-28 04:00:00-05,0.006,0.334,8465,2019-07-28 04:00:00
1113522,1113522,5679,2019-07-28 04:15:00-05,0.006,0.543,8466,2019-07-28 04:15:00
1113523,1113523,5679,2019-07-28 04:30:00-05,0.006,0.343,8467,2019-07-28 04:30:00
1113524,1113524,5679,2019-07-28 04:45:00-05,0.006,0.519,8468,2019-07-28 04:45:00
1113525,1113525,5679,2019-07-28 05:00:00-05,0.018,1.019,8469,2019-07-28 05:00:00
1113526,1113526,5679,2019-07-28 05:15:00-05,0.062,0.595,8470,2019-07-28 05:15:00
1113527,1113527,5679,2019-07-28 05:30:00-05,0.145,0.661,8471,2019-07-28 05:30:00
1113528,1113528,5679,2019-07-28 05:45:00-05,0.3,0.61,8472,2019-07-28 05:45:00
1113529,1113529,5679,2019-07-28 06:00:00-05,0.379,0.278,8473,2019-07-28 06:00:00
1113530,1113530,5679,2019-07-28 06:15:00-05,0.459,0.314,8474,2019-07-28 06:15:00
1113531,1113531,5679,2019-07-28 06:30:00-05,0.401,0.079,8475,2019-07-28 06:30:00
1113532,1113532,5679,2019-07-28 06:45:00-05,0.28,0.196,8476,2019-07-28 06:45:00
1113533,1113533,5679,2019-07-28 07:00:00-05,0.298,0.146,8477,2019-07-28 07:00:00
1113534,1113534,5679,2019-07-28 07:15:00-05,0.598,-0.039,8478,2019-07-28 07:15:00
1113535,1113535,5679,2019-07-28 07:30:00-05,0.952,-0.19,8479,2019-07-28 07:30:00
1113536,1113536,5679,2019-07-28 07:45:00-05,0.976,1.169,8480,2019-07-28 07:45:00
1113537,1113537,5679,2019-07-28 08:00:00-05,1.642,-0.218,8481,2019-07-28 08:00:00
1113538,1113538,5679,2019-07-28 08:15:00-05,1.741,-0.501,8482,2019-07-28 08:15:00
1113539,1113539,5679,2019-07-28 08:30:00-05,1.955,-1.16,8483,2019-07-28 08:30:00
1113540,1113540,5679,2019-07-28 08:45:00-05,2.32,1.08,8484,2019-07-28 08:45:00
1113541,1113541,5679,2019-07-28 09:00:00-05,2.853,2.697,8485,2019-07-28 09:00:00
1113542,1113542,5679,2019-07-28 09:15:00-05,1.876,3.696,8486,2019-07-28 09:15:00
1113543,1113543,5679,2019-07-28 09:30:00-05,1.753,2.243,8487,2019-07-28 09:30:00
1113544,1113544,5679,2019-07-28 09:45:00-05,1.178,0.814,8488,2019-07-28 09:45:00
1113545,1113545,5679,2019-07-28 10:00:00-05,2.372,-0.357,8489,2019-07-28 10:00:00
1113546,1113546,5679,2019-07-28 10:15:00-05,3.633,-1.656,8490,2019-07-28 10:15:00
1113547,1113547,5679,2019-07-28 10:30:00-05,3.768,-1.872,8491,2019-07-28 10:30:00
1113548,1113548,5679,2019-07-28 10:45:00-05,3.121,-1.368,8492,2019-07-28 10:45:00
1113549,1113549,5679,2019-07-28 11:00:00-05,1.485,0.248,8493,2019-07-28 11:00:00
1113550,1113550,5679,2019-07-28 11:15:00-05,1.205,0.592,8494,2019-07-28 11:15:00
1113551,1113551,5679,2019-07-28 11:30:00-05,0.989,1.303,8495,2019-07-28 11:30:00
1113552,1113552,5679,2019-07-28 11:45:00-05,1.6,1.017,8496,2019-07-28 11:45:00
1113553,1113553,5679,2019-07-28 12:00:00-05,1.673,1.038,8497,2019-07-28 12:00:00
1113554,1113554,5679,2019-07-28 12:15:00-05,1.838,0.601,8498,2019-07-28 12:15:00
1113555,1113555,5679,2019-07-28 12:30:00-05,1.648,1.153,8499,2019-07-28 12:30:00
1113556,1113556,5679,2019-07-28 12:45:00-05,1.745,4.467,8500,2019-07-28 12:45:00
1113557,1113557,5679,2019-07-28 13:00:00-05,1.703,4.601,8501,2019-07-28 13:00:00
1113558,1113558,5679,2019-07-28 13:15:00-05,3.659,-0.042,8502,2019-07-28 13:15:00
1113559,1113559,5679,2019-07-28 13:30:00-05,3.332,-1.42,8503,2019-07-28 13:30:00
1113560,1113560,5679,2019-07-28 13:45:00-05,2.221,-0.433,8504,2019-07-28 13:45:00
1113561,1113561,5679,2019-07-28 14:00:00-05,1.888,-0.044,8505,2019-07-28 14:00:00
1113562,1113562,5679,2019-07-28 14:15:00-05,2.678,-0.951,8506,2019-07-28 14:15:00
1113563,1113563,5679,2019-07-28 14:30:00-05,1.286,0.62,8507,2019-07-28 14:30:00
1113564,1113564,5679,2019-07-28 14:45:00-05,1.725,-0.005,8508,2019-07-28 14:45:00
1113565,1113565,5679,2019-07-28 15:00:00-05,1.734,0.119,8509,2019-07-28 15:00:00
1113566,1113566,5679,2019-07-28 15:15:00-05,1.321,0.891,8510,2019-07-28 15:15:00
1113567,1113567,5679,2019-07-28 15:30:00-05,0.851,1.135,8511,2019-07-28 15:30:00
1113568,1113568,5679,2019-07-28 15:45:00-05,0.522,0.516,8512,2019-07-28 15:45:00
1113569,1113569,5679,2019-07-28 16:00:00-05,0.347,0.699,8513,2019-07-28 16:00:00
1113570,1113570,5679,2019-07-28 16:15:00-05,0.367,0.753,8514,2019-07-28 16:15:00
1113571,1113571,5679,2019-07-28 16:30:00-05,0.44,1.078,8515,2019-07-28 16:30:00
1113572,1113572,5679,2019-07-28 16:45:00-05,0.419,0.529,8516,2019-07-28 16:45:00
1113573,1113573,5679,2019-07-28 17:00:00-05,0.199,1.509,8517,2019-07-28 17:00:00
1113574,1113574,5679,2019-07-28 17:15:00-05,0.052,1.438,8518,2019-07-28 17:15:00
1113575,1113575,5679,2019-07-28 17:30:00-05,0.02,2.06,8519,2019-07-28 17:30:00
1113576,1113576,5679,2019-07-28 17:45:00-05,0.024,2.164,8520,2019-07-28 17:45:00
1113577,1113577,5679,2019-07-28 18:00:00-05,0.031,1.833,8521,2019-07-28 18:00:00
1113578,1113578,5679,2019-07-28 18:15:00-05,0.03,1.991,8522,2019-07-28 18:15:00
1113579,1113579,5679,2019-07-28 18:30:00-05,0.044,1.659,8523,2019-07-28 18:30:00
1113580,1113580,5679,2019-07-28 18:45:00-05,0.064,1.643,8524,2019-07-28 18:45:00
1113581,1113581,5679,2019-07-28 19:00:00-05,0.051,1.524,8525,2019-07-28 19:00:00
1113582,1113582,5679,2019-07-28 19:15:00-05,0.027,1.415,8526,2019-07-28 19:15:00
1113583,1113583,5679,2019-07-28 19:30:00-05,0.014,1.183,8527,2019-07-28 19:30:00
1113584,1113584,5679,2019-07-28 19:45:00-05,0.005,1.205,8528,2019-07-28 19:45:00
1113585,1113585,5679,2019-07-28 20:00:00-05,0.005,0.727,8529,2019-07-28 20:00:00
1113586,1113586,5679,2019-07-28 20:15:00-05,0.005,0.879,8530,2019-07-28 20:15:00
1113587,1113587,5679,2019-07-28 20:30:00-05,0.005,0.584,8531,2019-07-28 20:30:00
1113588,1113588,5679,2019-07-28 20:45:00-05,0.005,0.539,8532,2019-07-28 20:45:00
1113589,1113589,5679,2019-07-28 21:00:00-05,0.005,0.652,8533,2019-07-28 21:00:00
1113590,1113590,5679,2019-07-28 21:15:00-05,0.005,0.584,8534,2019-07-28 21:15:00
1113591,1113591,5679,2019-07-28 21:30:00-05,0.005,0.559,8535,2019-07-28 21:30:00
1113592,1113592,5679,2019-07-28 21:45:00-05,0.005,0.578,8536,2019-07-28 21:45:00
1113593,1113593,5679,2019-07-28 22:00:00-05,0.005,0.638,8537,2019-07-28 22:00:00
1113594,1113594,5679,2019-07-28 22:15:00-05,0.006,0.432,8538,2019-07-28 22:15:00
1113595,1113595,5679,2019-07-28 22:30:00-05,0.006,0.559,8539,2019-07-28 22:30:00
1113596,1113596,5679,2019-07-28 22:45:00-05,0.006,0.497,8540,2019-07-28 22:45:00
1113597,1113597,5679,2019-07-28 23:00:00-05,0.006,0.511,8541,2019-07-28 23:00:00
1113598,1113598,5679,2019-07-28 23:15:00-05,0.006,0.423,8542,2019-07-28 23:15:00
1113599,1113599,5679,2019-07-28 23:30:00-05,0.006,0.49,8543,2019-07-28 23:30:00
1113600,1113600,5679,2019-07-28 23:45:00-05,0.005,0.638,8544,2019-07-28 23:45:00
1113601,1113601,5679,2019-07-29 00:00:00-05,0.006,0.489,8545,2019-07-29 00:00:00
1113602,1113602,5679,2019-07-29 00:15:00-05,0.006,0.401,8546,2019-07-29 00:15:00
1113603,1113603,5679,2019-07-29 00:30:00-05,0.006,0.361,8547,2019-07-29 00:30:00
1113604,1113604,5679,2019-07-29 00:45:00-05,0.006,0.596,8548,2019-07-29 00:45:00
1113605,1113605,5679,2019-07-29 01:00:00-05,0.006,0.518,8549,2019-07-29 01:00:00
1113606,1113606,5679,2019-07-29 01:15:00-05,0.006,0.179,8550,2019-07-29 01:15:00
1113607,1113607,5679,2019-07-29 01:30:00-05,0.006,0.23,8551,2019-07-29 01:30:00
1113608,1113608,5679,2019-07-29 01:45:00-05,0.006,0.26,8552,2019-07-29 01:45:00
1113609,1113609,5679,2019-07-29 02:00:00-05,0.006,0.328,8553,2019-07-29 02:00:00
1113610,1113610,5679,2019-07-29 02:15:00-05,0.006,0.316,8554,2019-07-29 02:15:00
1113611,1113611,5679,2019-07-29 02:30:00-05,0.006,0.31,8555,2019-07-29 02:30:00
1113612,1113612,5679,2019-07-29 02:45:00-05,0.006,0.325,8556,2019-07-29 02:45:00
1113613,1113613,5679,2019-07-29 03:00:00-05,0.006,0.303,8557,2019-07-29 03:00:00
1113614,1113614,5679,2019-07-29 03:15:00-05,0.006,0.217,8558,2019-07-29 03:15:00
1113615,1113615,5679,2019-07-29 03:30:00-05,0.006,0.192,8559,2019-07-29 03:30:00
1113616,1113616,5679,2019-07-29 03:45:00-05,0.006,0.222,8560,2019-07-29 03:45:00
1113617,1113617,5679,2019-07-29 04:00:00-05,0.006,0.183,8561,2019-07-29 04:00:00
1113618,1113618,5679,2019-07-29 04:15:00-05,0.006,0.55,8562,2019-07-29 04:15:00
1113619,1113619,5679,2019-07-29 04:30:00-05,0.006,0.451,8563,2019-07-29 04:30:00
1113620,1113620,5679,2019-07-29 04:45:00-05,0.008,0.432,8564,2019-07-29 04:45:00
1113621,1113621,5679,2019-07-29 05:00:00-05,0.031,0.662,8565,2019-07-29 05:00:00
1113622,1113622,5679,2019-07-29 05:15:00-05,0.073,0.494,8566,2019-07-29 05:15:00
1113623,1113623,5679,2019-07-29 05:30:00-05,0.13,0.29,8567,2019-07-29 05:30:00
1113624,1113624,5679,2019-07-29 05:45:00-05,0.159,0.351,8568,2019-07-29 05:45:00
1113625,1113625,5679,2019-07-29 06:00:00-05,0.198,0.444,8569,2019-07-29 06:00:00
1113626,1113626,5679,2019-07-29 06:15:00-05,0.208,0.339,8570,2019-07-29 06:15:00
1113627,1113627,5679,2019-07-29 06:30:00-05,0.204,0.637,8571,2019-07-29 06:30:00
1113628,1113628,5679,2019-07-29 06:45:00-05,0.234,1.155,8572,2019-07-29 06:45:00
1113629,1113629,5679,2019-07-29 07:00:00-05,0.324,1.274,8573,2019-07-29 07:00:00
1113630,1113630,5679,2019-07-29 07:15:00-05,0.402,4.537,8574,2019-07-29 07:15:00
1113631,1113631,5679,2019-07-29 07:30:00-05,0.461,5.695,8575,2019-07-29 07:30:00
1113632,1113632,5679,2019-07-29 07:45:00-05,0.709,5.187,8576,2019-07-29 07:45:00
1113633,1113633,5679,2019-07-29 08:00:00-05,1.284,3.491,8577,2019-07-29 08:00:00
1113634,1113634,5679,2019-07-29 08:15:00-05,1.646,2.16,8578,2019-07-29 08:15:00
1113635,1113635,5679,2019-07-29 08:30:00-05,1.911,0.843,8579,2019-07-29 08:30:00
1113636,1113636,5679,2019-07-29 08:45:00-05,2.192,2.683,8580,2019-07-29 08:45:00
1113637,1113637,5679,2019-07-29 09:00:00-05,2.476,3.343,8581,2019-07-29 09:00:00
1113638,1113638,5679,2019-07-29 09:15:00-05,2.717,1.483,8582,2019-07-29 09:15:00
1113639,1113639,5679,2019-07-29 09:30:00-05,2.926,-0.932,8583,2019-07-29 09:30:00
1113640,1113640,5679,2019-07-29 09:45:00-05,3.091,-1.238,8584,2019-07-29 09:45:00
1113641,1113641,5679,2019-07-29 10:00:00-05,3.249,1.182,8585,2019-07-29 10:00:00
1113642,1113642,5679,2019-07-29 10:15:00-05,3.382,2.985,8586,2019-07-29 10:15:00
1113643,1113643,5679,2019-07-29 10:30:00-05,3.688,2.225,8587,2019-07-29 10:30:00
1113644,1113644,5679,2019-07-29 10:45:00-05,1.717,1.391,8588,2019-07-29 10:45:00
1113645,1113645,5679,2019-07-29 11:00:00-05,1.989,0.017,8589,2019-07-29 11:00:00
1113646,1113646,5679,2019-07-29 11:15:00-05,2.131,-0.363,8590,2019-07-29 11:15:00
1113647,1113647,5679,2019-07-29 11:30:00-05,1.921,-0.051,8591,2019-07-29 11:30:00
1113648,1113648,5679,2019-07-29 11:45:00-05,1.596,0.145,8592,2019-07-29 11:45:00
1113649,1113649,5679,2019-07-29 12:00:00-05,3.359,-1.509,8593,2019-07-29 12:00:00
1113650,1113650,5679,2019-07-29 12:15:00-05,2.765,1.581,8594,2019-07-29 12:15:00
1113651,1113651,5679,2019-07-29 12:30:00-05,3.535,1.468,8595,2019-07-29 12:30:00
1113652,1113652,5679,2019-07-29 12:45:00-05,3.054,2.986,8596,2019-07-29 12:45:00
1113653,1113653,5679,2019-07-29 13:00:00-05,2.087,3.25,8597,2019-07-29 13:00:00
1113654,1113654,5679,2019-07-29 13:15:00-05,3.48,1.494,8598,2019-07-29 13:15:00
1113655,1113655,5679,2019-07-29 13:30:00-05,2.106,1.153,8599,2019-07-29 13:30:00
1113656,1113656,5679,2019-07-29 13:45:00-05,2.628,3.272,8600,2019-07-29 13:45:00
1113657,1113657,5679,2019-07-29 14:00:00-05,2.275,2.634,8601,2019-07-29 14:00:00
1113658,1113658,5679,2019-07-29 14:15:00-05,1.062,3.575,8602,2019-07-29 14:15:00
1113659,1113659,5679,2019-07-29 14:30:00-05,1.722,1.573,8603,2019-07-29 14:30:00
1113660,1113660,5679,2019-07-29 14:45:00-05,1.418,1.174,8604,2019-07-29 14:45:00
1113661,1113661,5679,2019-07-29 15:00:00-05,1.44,1.05,8605,2019-07-29 15:00:00
1113662,1113662,5679,2019-07-29 15:15:00-05,1.448,-0.355,8606,2019-07-29 15:15:00
1113663,1113663,5679,2019-07-29 15:30:00-05,0.911,0.817,8607,2019-07-29 15:30:00
1113664,1113664,5679,2019-07-29 15:45:00-05,0.668,1.233,8608,2019-07-29 15:45:00
1113665,1113665,5679,2019-07-29 16:00:00-05,0.822,1.868,8609,2019-07-29 16:00:00
1113666,1113666,5679,2019-07-29 16:15:00-05,0.617,2.154,8610,2019-07-29 16:15:00
1113667,1113667,5679,2019-07-29 16:30:00-05,0.462,2.257,8611,2019-07-29 16:30:00
1113668,1113668,5679,2019-07-29 16:45:00-05,0.847,1.708,8612,2019-07-29 16:45:00
1113669,1113669,5679,2019-07-29 17:00:00-05,0.473,2.029,8613,2019-07-29 17:00:00
1113670,1113670,5679,2019-07-29 17:15:00-05,0.265,1.812,8614,2019-07-29 17:15:00
1113671,1113671,5679,2019-07-29 17:30:00-05,0.221,1.843,8615,2019-07-29 17:30:00
1113672,1113672,5679,2019-07-29 17:45:00-05,0.57,1.024,8616,2019-07-29 17:45:00
1113673,1113673,5679,2019-07-29 18:00:00-05,0.562,0.898,8617,2019-07-29 18:00:00
1113674,1113674,5679,2019-07-29 18:15:00-05,0.186,0.659,8618,2019-07-29 18:15:00
1113675,1113675,5679,2019-07-29 18:30:00-05,0.091,0.964,8619,2019-07-29 18:30:00
1113676,1113676,5679,2019-07-29 18:45:00-05,0.091,0.882,8620,2019-07-29 18:45:00
1113677,1113677,5679,2019-07-29 19:00:00-05,0.042,1.476,8621,2019-07-29 19:00:00
1113678,1113678,5679,2019-07-29 19:15:00-05,0.007,1.905,8622,2019-07-29 19:15:00
1113679,1113679,5679,2019-07-29 19:30:00-05,0.004,1.411,8623,2019-07-29 19:30:00
1113680,1113680,5679,2019-07-29 19:45:00-05,0.004,1.434,8624,2019-07-29 19:45:00
1113681,1113681,5679,2019-07-29 20:00:00-05,0.004,1.587,8625,2019-07-29 20:00:00
1113682,1113682,5679,2019-07-29 20:15:00-05,0.004,1.182,8626,2019-07-29 20:15:00
1113683,1113683,5679,2019-07-29 20:30:00-05,0.005,0.9,8627,2019-07-29 20:30:00
1113684,1113684,5679,2019-07-29 20:45:00-05,0.005,0.588,8628,2019-07-29 20:45:00
1113685,1113685,5679,2019-07-29 21:00:00-05,0.005,0.696,8629,2019-07-29 21:00:00
1113686,1113686,5679,2019-07-29 21:15:00-05,0.005,0.841,8630,2019-07-29 21:15:00
1113687,1113687,5679,2019-07-29 21:30:00-05,0.005,0.784,8631,2019-07-29 21:30:00
1113688,1113688,5679,2019-07-29 21:45:00-05,0.005,0.397,8632,2019-07-29 21:45:00
1113689,1113689,5679,2019-07-29 22:00:00-05,0.005,0.639,8633,2019-07-29 22:00:00
1113690,1113690,5679,2019-07-29 22:15:00-05,0.005,0.696,8634,2019-07-29 22:15:00
1113691,1113691,5679,2019-07-29 22:30:00-05,0.005,0.409,8635,2019-07-29 22:30:00
1113692,1113692,5679,2019-07-29 22:45:00-05,0.005,0.697,8636,2019-07-29 22:45:00
1113693,1113693,5679,2019-07-29 23:00:00-05,0.005,0.395,8637,2019-07-29 23:00:00
1113694,1113694,5679,2019-07-29 23:15:00-05,0.005,0.691,8638,2019-07-29 23:15:00
1113695,1113695,5679,2019-07-29 23:30:00-05,0.006,0.356,8639,2019-07-29 23:30:00
1113696,1113696,5679,2019-07-29 23:45:00-05,0.005,0.362,8640,2019-07-29 23:45:00
1113697,1113697,5679,2019-07-30 00:00:00-05,0.006,0.292,8641,2019-07-30 00:00:00
1113698,1113698,5679,2019-07-30 00:15:00-05,0.006,0.358,8642,2019-07-30 00:15:00
1113699,1113699,5679,2019-07-30 00:30:00-05,0.006,0.289,8643,2019-07-30 00:30:00
1113700,1113700,5679,2019-07-30 00:45:00-05,0.006,0.353,8644,2019-07-30 00:45:00
1113701,1113701,5679,2019-07-30 01:00:00-05,0.006,0.312,8645,2019-07-30 01:00:00
1113702,1113702,5679,2019-07-30 01:15:00-05,0.005,0.46,8646,2019-07-30 01:15:00
1113703,1113703,5679,2019-07-30 01:30:00-05,0.006,0.397,8647,2019-07-30 01:30:00
1113704,1113704,5679,2019-07-30 01:45:00-05,0.006,0.453,8648,2019-07-30 01:45:00
1113705,1113705,5679,2019-07-30 02:00:00-05,0.006,0.398,8649,2019-07-30 02:00:00
1113706,1113706,5679,2019-07-30 02:15:00-05,0.006,0.451,8650,2019-07-30 02:15:00
1113707,1113707,5679,2019-07-30 02:30:00-05,0.006,0.335,8651,2019-07-30 02:30:00
1113708,1113708,5679,2019-07-30 02:45:00-05,0.006,0.349,8652,2019-07-30 02:45:00
1113709,1113709,5679,2019-07-30 03:00:00-05,0.006,0.282,8653,2019-07-30 03:00:00
1113710,1113710,5679,2019-07-30 03:15:00-05,0.006,0.346,8654,2019-07-30 03:15:00
1113711,1113711,5679,2019-07-30 03:30:00-05,0.006,0.281,8655,2019-07-30 03:30:00
1113712,1113712,5679,2019-07-30 03:45:00-05,0.006,0.338,8656,2019-07-30 03:45:00
1113713,1113713,5679,2019-07-30 04:00:00-05,0.006,0.338,8657,2019-07-30 04:00:00
1113714,1113714,5679,2019-07-30 04:15:00-05,0.006,0.433,8658,2019-07-30 04:15:00
1113715,1113715,5679,2019-07-30 04:30:00-05,0.006,0.413,8659,2019-07-30 04:30:00
1113716,1113716,5679,2019-07-30 04:45:00-05,0.006,0.429,8660,2019-07-30 04:45:00
1113717,1113717,5679,2019-07-30 05:00:00-05,0.017,0.399,8661,2019-07-30 05:00:00
1113718,1113718,5679,2019-07-30 05:15:00-05,0.046,1.044,8662,2019-07-30 05:15:00
1113719,1113719,5679,2019-07-30 05:30:00-05,0.079,0.288,8663,2019-07-30 05:30:00
1113720,1113720,5679,2019-07-30 05:45:00-05,0.114,0.513,8664,2019-07-30 05:45:00
1113721,1113721,5679,2019-07-30 06:00:00-05,0.153,1.269,8665,2019-07-30 06:00:00
1113722,1113722,5679,2019-07-30 06:15:00-05,0.196,1.135,8666,2019-07-30 06:15:00
1113723,1113723,5679,2019-07-30 06:30:00-05,0.235,1.04,8667,2019-07-30 06:30:00
1113724,1113724,5679,2019-07-30 06:45:00-05,0.274,1.152,8668,2019-07-30 06:45:00
1113725,1113725,5679,2019-07-30 07:00:00-05,0.329,0.605,8669,2019-07-30 07:00:00
1113726,1113726,5679,2019-07-30 07:15:00-05,0.422,0.64,8670,2019-07-30 07:15:00
1113727,1113727,5679,2019-07-30 07:30:00-05,0.493,0.173,8671,2019-07-30 07:30:00
1113728,1113728,5679,2019-07-30 07:45:00-05,0.731,0.19,8672,2019-07-30 07:45:00
1113729,1113729,5679,2019-07-30 08:00:00-05,1.259,4.271,8673,2019-07-30 08:00:00
1113730,1113730,5679,2019-07-30 08:15:00-05,1.587,6.332,8674,2019-07-30 08:15:00
1113731,1113731,5679,2019-07-30 08:30:00-05,1.851,5.689,8675,2019-07-30 08:30:00
1113732,1113732,5679,2019-07-30 08:45:00-05,2.165,5.185,8676,2019-07-30 08:45:00
1113733,1113733,5679,2019-07-30 09:00:00-05,2.447,4.974,8677,2019-07-30 09:00:00
1113734,1113734,5679,2019-07-30 09:15:00-05,2.715,3.914,8678,2019-07-30 09:15:00
1113735,1113735,5679,2019-07-30 09:30:00-05,2.934,-1.849,8679,2019-07-30 09:30:00
1113736,1113736,5679,2019-07-30 09:45:00-05,3.105,-2.121,8680,2019-07-30 09:45:00
1113737,1113737,5679,2019-07-30 10:00:00-05,3.259,-2.141,8681,2019-07-30 10:00:00
1113738,1113738,5679,2019-07-30 10:15:00-05,3.413,-2.188,8682,2019-07-30 10:15:00
1113739,1113739,5679,2019-07-30 10:30:00-05,3.556,-2.34,8683,2019-07-30 10:30:00
1113740,1113740,5679,2019-07-30 10:45:00-05,3.702,-2.199,8684,2019-07-30 10:45:00
1113741,1113741,5679,2019-07-30 11:00:00-05,3.598,-1.918,8685,2019-07-30 11:00:00
1113742,1113742,5679,2019-07-30 11:15:00-05,3.67,-1.987,8686,2019-07-30 11:15:00
1113743,1113743,5679,2019-07-30 11:30:00-05,3.968,-2.409,8687,2019-07-30 11:30:00
1113744,1113744,5679,2019-07-30 11:45:00-05,3.752,-2.075,8688,2019-07-30 11:45:00
1113745,1113745,5679,2019-07-30 12:00:00-05,3.792,-2.098,8689,2019-07-30 12:00:00
1113746,1113746,5679,2019-07-30 12:15:00-05,4.069,-1.733,8690,2019-07-30 12:15:00
1113747,1113747,5679,2019-07-30 12:30:00-05,4.043,-1.886,8691,2019-07-30 12:30:00
1113748,1113748,5679,2019-07-30 12:45:00-05,3.514,-1.506,8692,2019-07-30 12:45:00
1113749,1113749,5679,2019-07-30 13:00:00-05,3.113,-1.008,8693,2019-07-30 13:00:00
1113750,1113750,5679,2019-07-30 13:15:00-05,2.014,-0.101,8694,2019-07-30 13:15:00
1113751,1113751,5679,2019-07-30 13:30:00-05,0.894,0.859,8695,2019-07-30 13:30:00
1113752,1113752,5679,2019-07-30 13:45:00-05,3.102,-1.199,8696,2019-07-30 13:45:00
1113753,1113753,5679,2019-07-30 14:00:00-05,2.567,-0.688,8697,2019-07-30 14:00:00
1113754,1113754,5679,2019-07-30 14:15:00-05,2.568,-0.493,8698,2019-07-30 14:15:00
1113755,1113755,5679,2019-07-30 14:30:00-05,1.607,1.07,8699,2019-07-30 14:30:00
1113756,1113756,5679,2019-07-30 14:45:00-05,0.589,1.144,8700,2019-07-30 14:45:00
1113757,1113757,5679,2019-07-30 15:00:00-05,0.102,1.269,8701,2019-07-30 15:00:00
1113758,1113758,5679,2019-07-30 15:15:00-05,0.186,0.364,8702,2019-07-30 15:15:00
1113759,1113759,5679,2019-07-30 15:30:00-05,1.042,-0.187,8703,2019-07-30 15:30:00
1113760,1113760,5679,2019-07-30 15:45:00-05,1.322,-0.308,8704,2019-07-30 15:45:00
1113761,1113761,5679,2019-07-30 16:00:00-05,0.727,0.231,8705,2019-07-30 16:00:00
1113762,1113762,5679,2019-07-30 16:15:00-05,0.652,0.544,8706,2019-07-30 16:15:00
1113763,1113763,5679,2019-07-30 16:30:00-05,0.515,0.569,8707,2019-07-30 16:30:00
1113764,1113764,5679,2019-07-30 16:45:00-05,0.67,0.576,8708,2019-07-30 16:45:00
1113765,1113765,5679,2019-07-30 17:00:00-05,0.183,1.06,8709,2019-07-30 17:00:00
1113766,1113766,5679,2019-07-30 17:15:00-05,0.431,0.978,8710,2019-07-30 17:15:00
1113767,1113767,5679,2019-07-30 17:30:00-05,0.448,0.857,8711,2019-07-30 17:30:00
1113768,1113768,5679,2019-07-30 17:45:00-05,0.258,1.02,8712,2019-07-30 17:45:00
1113769,1113769,5679,2019-07-30 18:00:00-05,0.11,0.92,8713,2019-07-30 18:00:00
1113770,1113770,5679,2019-07-30 18:15:00-05,0.07,1.001,8714,2019-07-30 18:15:00
1113771,1113771,5679,2019-07-30 18:30:00-05,0.012,0.922,8715,2019-07-30 18:30:00
1113772,1113772,5679,2019-07-30 18:45:00-05,0.005,1.025,8716,2019-07-30 18:45:00
1113773,1113773,5679,2019-07-30 19:00:00-05,0.005,0.789,8717,2019-07-30 19:00:00
1113774,1113774,5679,2019-07-30 19:15:00-05,0.005,0.803,8718,2019-07-30 19:15:00
1113775,1113775,5679,2019-07-30 19:30:00-05,0.005,0.877,8719,2019-07-30 19:30:00
1113776,1113776,5679,2019-07-30 19:45:00-05,0.005,0.411,8720,2019-07-30 19:45:00
1113777,1113777,5679,2019-07-30 20:00:00-05,0.005,0.488,8721,2019-07-30 20:00:00
1113778,1113778,5679,2019-07-30 20:15:00-05,0.005,0.253,8722,2019-07-30 20:15:00
1113779,1113779,5679,2019-07-30 20:30:00-05,0.005,0.303,8723,2019-07-30 20:30:00
1113780,1113780,5679,2019-07-30 20:45:00-05,0.005,0.353,8724,2019-07-30 20:45:00
1113781,1113781,5679,2019-07-30 21:00:00-05,0.005,0.49,8725,2019-07-30 21:00:00
1113782,1113782,5679,2019-07-30 21:15:00-05,0.005,0.412,8726,2019-07-30 21:15:00
1113783,1113783,5679,2019-07-30 21:30:00-05,0.005,0.426,8727,2019-07-30 21:30:00
1113784,1113784,5679,2019-07-30 21:45:00-05,0.005,0.348,8728,2019-07-30 21:45:00
1113785,1113785,5679,2019-07-30 22:00:00-05,0.005,0.475,8729,2019-07-30 22:00:00
1113786,1113786,5679,2019-07-30 22:15:00-05,0.006,0.288,8730,2019-07-30 22:15:00
1113787,1113787,5679,2019-07-30 22:30:00-05,0.005,0.463,8731,2019-07-30 22:30:00
1113788,1113788,5679,2019-07-30 22:45:00-05,0.006,0.33,8732,2019-07-30 22:45:00
1113789,1113789,5679,2019-07-30 23:00:00-05,0.006,0.349,8733,2019-07-30 23:00:00
1113790,1113790,5679,2019-07-30 23:15:00-05,0.006,0.284,8734,2019-07-30 23:15:00
1113791,1113791,5679,2019-07-30 23:30:00-05,0.006,0.363,8735,2019-07-30 23:30:00
1113792,1113792,5679,2019-07-30 23:45:00-05,0.006,0.399,8736,2019-07-30 23:45:00
1113793,1113793,5679,2019-07-31 00:00:00-05,0.006,0.451,8737,2019-07-31 00:00:00
1113794,1113794,5679,2019-07-31 00:15:00-05,0.006,0.185,8738,2019-07-31 00:15:00
1113795,1113795,5679,2019-07-31 00:30:00-05,0.006,0.234,8739,2019-07-31 00:30:00
1113796,1113796,5679,2019-07-31 00:45:00-05,0.006,0.173,8740,2019-07-31 00:45:00
1113797,1113797,5679,2019-07-31 01:00:00-05,0.006,0.27,8741,2019-07-31 01:00:00
1113798,1113798,5679,2019-07-31 01:15:00-05,0.006,0.287,8742,2019-07-31 01:15:00
1113799,1113799,5679,2019-07-31 01:30:00-05,0.006,0.383,8743,2019-07-31 01:30:00
1113800,1113800,5679,2019-07-31 01:45:00-05,0.006,0.356,8744,2019-07-31 01:45:00
1113801,1113801,5679,2019-07-31 02:00:00-05,0.006,0.351,8745,2019-07-31 02:00:00
1113802,1113802,5679,2019-07-31 02:15:00-05,0.006,0.363,8746,2019-07-31 02:15:00
1113803,1113803,5679,2019-07-31 02:30:00-05,0.006,0.378,8747,2019-07-31 02:30:00
1113804,1113804,5679,2019-07-31 02:45:00-05,0.006,0.48,8748,2019-07-31 02:45:00
1113805,1113805,5679,2019-07-31 03:00:00-05,0.006,0.302,8749,2019-07-31 03:00:00
1113806,1113806,5679,2019-07-31 03:15:00-05,0.006,0.22,8750,2019-07-31 03:15:00
1113807,1113807,5679,2019-07-31 03:30:00-05,0.006,0.185,8751,2019-07-31 03:30:00
1113808,1113808,5679,2019-07-31 03:45:00-05,0.006,0.222,8752,2019-07-31 03:45:00
1113809,1113809,5679,2019-07-31 04:00:00-05,0.006,0.266,8753,2019-07-31 04:00:00
1113810,1113810,5679,2019-07-31 04:15:00-05,0.006,0.354,8754,2019-07-31 04:15:00
1113811,1113811,5679,2019-07-31 04:30:00-05,0.006,0.33,8755,2019-07-31 04:30:00
1113812,1113812,5679,2019-07-31 04:45:00-05,0.006,0.344,8756,2019-07-31 04:45:00
1113813,1113813,5679,2019-07-31 05:00:00-05,0.014,0.272,8757,2019-07-31 05:00:00
1113814,1113814,5679,2019-07-31 05:15:00-05,0.041,0.307,8758,2019-07-31 05:15:00
1113815,1113815,5679,2019-07-31 05:30:00-05,0.099,0.462,8759,2019-07-31 05:30:00
1113816,1113816,5679,2019-07-31 05:45:00-05,0.172,0.199,8760,2019-07-31 05:45:00
1113817,1113817,5679,2019-07-31 06:00:00-05,0.228,0.079,8761,2019-07-31 06:00:00
1113818,1113818,5679,2019-07-31 06:15:00-05,0.203,0.616,8762,2019-07-31 06:15:00
1113819,1113819,5679,2019-07-31 06:30:00-05,0.269,0.333,8763,2019-07-31 06:30:00
1113820,1113820,5679,2019-07-31 06:45:00-05,0.446,0.248,8764,2019-07-31 06:45:00
1113821,1113821,5679,2019-07-31 07:00:00-05,0.652,-0.216,8765,2019-07-31 07:00:00
1113822,1113822,5679,2019-07-31 07:15:00-05,0.67,0.089,8766,2019-07-31 07:15:00
1113823,1113823,5679,2019-07-31 07:30:00-05,0.763,-0.024,8767,2019-07-31 07:30:00
1113824,1113824,5679,2019-07-31 07:45:00-05,0.864,-0.358,8768,2019-07-31 07:45:00
1113825,1113825,5679,2019-07-31 08:00:00-05,1.023,4.094,8769,2019-07-31 08:00:00
1113826,1113826,5679,2019-07-31 08:15:00-05,1.004,3.484,8770,2019-07-31 08:15:00
1113827,1113827,5679,2019-07-31 08:30:00-05,0.682,2.989,8771,2019-07-31 08:30:00
1113828,1113828,5679,2019-07-31 08:45:00-05,0.671,0.307,8772,2019-07-31 08:45:00
1113829,1113829,5679,2019-07-31 09:00:00-05,0.946,-0.226,8773,2019-07-31 09:00:00
1113830,1113830,5679,2019-07-31 09:15:00-05,0.798,-0.496,8774,2019-07-31 09:15:00
1113831,1113831,5679,2019-07-31 09:30:00-05,0.762,-0.23,8775,2019-07-31 09:30:00
1113832,1113832,5679,2019-07-31 09:45:00-05,1.344,-0.597,8776,2019-07-31 09:45:00
1113833,1113833,5679,2019-07-31 10:00:00-05,2.783,-2.334,8777,2019-07-31 10:00:00
1113834,1113834,5679,2019-07-31 10:15:00-05,3.415,-2.789,8778,2019-07-31 10:15:00
1113835,1113835,5679,2019-07-31 10:30:00-05,2.909,-2.216,8779,2019-07-31 10:30:00
1113836,1113836,5679,2019-07-31 10:45:00-05,3.235,0.526,8780,2019-07-31 10:45:00
1113837,1113837,5679,2019-07-31 11:00:00-05,3.393,-2.307,8781,2019-07-31 11:00:00
1113838,1113838,5679,2019-07-31 11:15:00-05,3.361,0.161,8782,2019-07-31 11:15:00
1113839,1113839,5679,2019-07-31 11:30:00-05,3.553,0.776,8783,2019-07-31 11:30:00
1113840,1113840,5679,2019-07-31 11:45:00-05,3.507,-0.704,8784,2019-07-31 11:45:00
1113841,1113841,5679,2019-07-31 12:00:00-05,3.831,-0.838,8785,2019-07-31 12:00:00
1113842,1113842,5679,2019-07-31 12:15:00-05,4.072,-2.394,8786,2019-07-31 12:15:00
1113843,1113843,5679,2019-07-31 12:30:00-05,4.117,3.85,8787,2019-07-31 12:30:00
1113844,1113844,5679,2019-07-31 12:45:00-05,3.7,4.212,8788,2019-07-31 12:45:00
1113845,1113845,5679,2019-07-31 13:00:00-05,3.678,4.246,8789,2019-07-31 13:00:00
1113846,1113846,5679,2019-07-31 13:15:00-05,3.597,1.538,8790,2019-07-31 13:15:00
1113847,1113847,5679,2019-07-31 13:30:00-05,3.388,-2.252,8791,2019-07-31 13:30:00
1113848,1113848,5679,2019-07-31 13:45:00-05,2.992,-1.675,8792,2019-07-31 13:45:00
1113849,1113849,5679,2019-07-31 14:00:00-05,2.54,-1.143,8793,2019-07-31 14:00:00
1113850,1113850,5679,2019-07-31 14:15:00-05,1.447,-0.036,8794,2019-07-31 14:15:00
1113851,1113851,5679,2019-07-31 14:30:00-05,1.802,0.118,8795,2019-07-31 14:30:00
1113852,1113852,5679,2019-07-31 14:45:00-05,1.741,0.101,8796,2019-07-31 14:45:00
1113853,1113853,5679,2019-07-31 15:00:00-05,1.46,0.517,8797,2019-07-31 15:00:00
1113854,1113854,5679,2019-07-31 15:15:00-05,1.087,0.631,8798,2019-07-31 15:15:00
1113855,1113855,5679,2019-07-31 15:30:00-05,0.9,1.06,8799,2019-07-31 15:30:00
1113856,1113856,5679,2019-07-31 15:45:00-05,0.763,5.387,8800,2019-07-31 15:45:00
1113857,1113857,5679,2019-07-31 16:00:00-05,0.618,8.558,8801,2019-07-31 16:00:00
1113858,1113858,5679,2019-07-31 16:15:00-05,0.545,8.402,8802,2019-07-31 16:15:00
1113859,1113859,5679,2019-07-31 16:30:00-05,0.392,7.494,8803,2019-07-31 16:30:00
1113860,1113860,5679,2019-07-31 16:45:00-05,0.274,7.67,8804,2019-07-31 16:45:00
1113861,1113861,5679,2019-07-31 17:00:00-05,0.28,2.261,8805,2019-07-31 17:00:00
1113862,1113862,5679,2019-07-31 17:15:00-05,0.314,0.911,8806,2019-07-31 17:15:00
1113863,1113863,5679,2019-07-31 17:30:00-05,0.366,0.872,8807,2019-07-31 17:30:00
1113864,1113864,5679,2019-07-31 17:45:00-05,0.553,0.727,8808,2019-07-31 17:45:00
1113865,1113865,5679,2019-07-31 18:00:00-05,0.589,0.661,8809,2019-07-31 18:00:00
1113866,1113866,5679,2019-07-31 18:15:00-05,0.365,1.036,8810,2019-07-31 18:15:00
1113867,1113867,5679,2019-07-31 18:30:00-05,0.134,1.101,8811,2019-07-31 18:30:00
1113868,1113868,5679,2019-07-31 18:45:00-05,0.078,1.116,8812,2019-07-31 18:45:00
1113869,1113869,5679,2019-07-31 19:00:00-05,0.04,1.113,8813,2019-07-31 19:00:00
1113870,1113870,5679,2019-07-31 19:15:00-05,0.01,1.127,8814,2019-07-31 19:15:00
1113871,1113871,5679,2019-07-31 19:30:00-05,0.004,0.965,8815,2019-07-31 19:30:00
1113872,1113872,5679,2019-07-31 19:45:00-05,0.005,0.851,8816,2019-07-31 19:45:00
1113873,1113873,5679,2019-07-31 20:00:00-05,0.005,0.602,8817,2019-07-31 20:00:00
1113874,1113874,5679,2019-07-31 20:15:00-05,0.005,0.547,8818,2019-07-31 20:15:00
1113875,1113875,5679,2019-07-31 20:30:00-05,0.005,0.462,8819,2019-07-31 20:30:00
1113876,1113876,5679,2019-07-31 20:45:00-05,0.005,0.427,8820,2019-07-31 20:45:00
1113877,1113877,5679,2019-07-31 21:00:00-05,0.005,0.481,8821,2019-07-31 21:00:00
1113878,1113878,5679,2019-07-31 21:15:00-05,0.005,0.41,8822,2019-07-31 21:15:00
1113879,1113879,5679,2019-07-31 21:30:00-05,0.005,0.476,8823,2019-07-31 21:30:00
1113880,1113880,5679,2019-07-31 21:45:00-05,0.005,0.361,8824,2019-07-31 21:45:00
1113881,1113881,5679,2019-07-31 22:00:00-05,0.005,0.472,8825,2019-07-31 22:00:00
1113882,1113882,5679,2019-07-31 22:15:00-05,0.005,0.437,8826,2019-07-31 22:15:00
1113883,1113883,5679,2019-07-31 22:30:00-05,0.005,0.503,8827,2019-07-31 22:30:00
1113884,1113884,5679,2019-07-31 22:45:00-05,0.006,0.335,8828,2019-07-31 22:45:00
1113885,1113885,5679,2019-07-31 23:00:00-05,0.005,0.442,8829,2019-07-31 23:00:00
1113886,1113886,5679,2019-07-31 23:15:00-05,0.005,0.449,8830,2019-07-31 23:15:00
1113887,1113887,5679,2019-07-31 23:30:00-05,0.005,0.412,8831,2019-07-31 23:30:00
1113888,1113888,5679,2019-07-31 23:45:00-05,0.005,0.464,8832,2019-07-31 23:45:00
1113889,1113889,5679,2019-08-01 00:00:00-05,0.005,0.393,8833,2019-08-01 00:00:00
1113890,1113890,5679,2019-08-01 00:15:00-05,0.005,0.463,8834,2019-08-01 00:15:00
1113891,1113891,5679,2019-08-01 00:30:00-05,0.006,0.393,8835,2019-08-01 00:30:00
1113892,1113892,5679,2019-08-01 00:45:00-05,0.005,0.461,8836,2019-08-01 00:45:00
1113893,1113893,5679,2019-08-01 01:00:00-05,0.006,0.345,8837,2019-08-01 01:00:00
1113894,1113894,5679,2019-08-01 01:15:00-05,0.006,0.332,8838,2019-08-01 01:15:00
1113895,1113895,5679,2019-08-01 01:30:00-05,0.006,0.486,8839,2019-08-01 01:30:00
1113896,1113896,5679,2019-08-01 01:45:00-05,0.006,0.36,8840,2019-08-01 01:45:00
1113897,1113897,5679,2019-08-01 02:00:00-05,0.006,0.319,8841,2019-08-01 02:00:00
1113898,1113898,5679,2019-08-01 02:15:00-05,0.006,0.326,8842,2019-08-01 02:15:00
1113899,1113899,5679,2019-08-01 02:30:00-05,0.006,0.44,8843,2019-08-01 02:30:00
1113900,1113900,5679,2019-08-01 02:45:00-05,0.006,0.417,8844,2019-08-01 02:45:00
1113901,1113901,5679,2019-08-01 03:00:00-05,0.006,0.471,8845,2019-08-01 03:00:00
1113902,1113902,5679,2019-08-01 03:15:00-05,0.005,1.007,8846,2019-08-01 03:15:00
1113903,1113903,5679,2019-08-01 03:30:00-05,0.005,0.702,8847,2019-08-01 03:30:00
1113904,1113904,5679,2019-08-01 03:45:00-05,0.006,0.454,8848,2019-08-01 03:45:00
1113905,1113905,5679,2019-08-01 04:00:00-05,0.006,0.47,8849,2019-08-01 04:00:00
1113906,1113906,5679,2019-08-01 04:15:00-05,0.006,0.356,8850,2019-08-01 04:15:00
1113907,1113907,5679,2019-08-01 04:30:00-05,0.006,0.421,8851,2019-08-01 04:30:00
1113908,1113908,5679,2019-08-01 04:45:00-05,0.006,0.676,8852,2019-08-01 04:45:00
1113909,1113909,5679,2019-08-01 05:00:00-05,0.018,0.444,8853,2019-08-01 05:00:00
1113910,1113910,5679,2019-08-01 05:15:00-05,0.043,0.359,8854,2019-08-01 05:15:00
1113911,1113911,5679,2019-08-01 05:30:00-05,0.066,0.733,8855,2019-08-01 05:30:00
1113912,1113912,5679,2019-08-01 05:45:00-05,0.093,0.353,8856,2019-08-01 05:45:00
1113913,1113913,5679,2019-08-01 06:00:00-05,0.127,0.348,8857,2019-08-01 06:00:00
1113914,1113914,5679,2019-08-01 06:15:00-05,0.162,0.278,8858,2019-08-01 06:15:00
1113915,1113915,5679,2019-08-01 06:30:00-05,0.191,0.262,8859,2019-08-01 06:30:00
1113916,1113916,5679,2019-08-01 06:45:00-05,0.224,0.187,8860,2019-08-01 06:45:00
1113917,1113917,5679,2019-08-01 07:00:00-05,0.27,0.056,8861,2019-08-01 07:00:00
1113918,1113918,5679,2019-08-01 07:15:00-05,0.357,-0.021,8862,2019-08-01 07:15:00
1113919,1113919,5679,2019-08-01 07:30:00-05,0.41,-0.061,8863,2019-08-01 07:30:00
1113920,1113920,5679,2019-08-01 07:45:00-05,0.659,-0.315,8864,2019-08-01 07:45:00
1113921,1113921,5679,2019-08-01 08:00:00-05,1.322,-0.64,8865,2019-08-01 08:00:00
1113922,1113922,5679,2019-08-01 08:15:00-05,1.75,-1.399,8866,2019-08-01 08:15:00
1113923,1113923,5679,2019-08-01 08:30:00-05,2.035,-1.651,8867,2019-08-01 08:30:00
1113924,1113924,5679,2019-08-01 08:45:00-05,2.355,-2.043,8868,2019-08-01 08:45:00
1113925,1113925,5679,2019-08-01 09:00:00-05,2.615,-2.254,8869,2019-08-01 09:00:00
1113926,1113926,5679,2019-08-01 09:15:00-05,2.898,-2.475,8870,2019-08-01 09:15:00
1113927,1113927,5679,2019-08-01 09:30:00-05,3.101,-2.221,8871,2019-08-01 09:30:00
1113928,1113928,5679,2019-08-01 09:45:00-05,3.227,-2.817,8872,2019-08-01 09:45:00
1113929,1113929,5679,2019-08-01 10:00:00-05,3.467,-3.187,8873,2019-08-01 10:00:00
1113930,1113930,5679,2019-08-01 10:15:00-05,3.627,-3.259,8874,2019-08-01 10:15:00
1113931,1113931,5679,2019-08-01 10:30:00-05,3.774,-2.927,8875,2019-08-01 10:30:00
1113932,1113932,5679,2019-08-01 10:45:00-05,3.874,-2.633,8876,2019-08-01 10:45:00
1113933,1113933,5679,2019-08-01 11:00:00-05,4.017,-3.345,8877,2019-08-01 11:00:00
1113934,1113934,5679,2019-08-01 11:15:00-05,3.849,-2.749,8878,2019-08-01 11:15:00
1113935,1113935,5679,2019-08-01 11:30:00-05,3.667,-2.016,8879,2019-08-01 11:30:00
1113936,1113936,5679,2019-08-01 11:45:00-05,3.582,-1.538,8880,2019-08-01 11:45:00
1113937,1113937,5679,2019-08-01 12:00:00-05,4.207,-2.115,8881,2019-08-01 12:00:00
1113938,1113938,5679,2019-08-01 12:15:00-05,4.129,-1.634,8882,2019-08-01 12:15:00
1113939,1113939,5679,2019-08-01 12:30:00-05,4.025,-2.14,8883,2019-08-01 12:30:00
1113940,1113940,5679,2019-08-01 12:45:00-05,3.946,-1.99,8884,2019-08-01 12:45:00
1113941,1113941,5679,2019-08-01 13:00:00-05,3.729,-2.077,8885,2019-08-01 13:00:00
1113942,1113942,5679,2019-08-01 13:15:00-05,3.591,-3.082,8886,2019-08-01 13:15:00
1113943,1113943,5679,2019-08-01 13:30:00-05,3.367,-2.513,8887,2019-08-01 13:30:00
1113944,1113944,5679,2019-08-01 13:45:00-05,2.914,-1.766,8888,2019-08-01 13:45:00
1113945,1113945,5679,2019-08-01 14:00:00-05,2.606,-1.276,8889,2019-08-01 14:00:00
1113946,1113946,5679,2019-08-01 14:15:00-05,2.286,-0.787,8890,2019-08-01 14:15:00
1113947,1113947,5679,2019-08-01 14:30:00-05,2.01,-0.091,8891,2019-08-01 14:30:00
1113948,1113948,5679,2019-08-01 14:45:00-05,1.664,0.218,8892,2019-08-01 14:45:00
1113949,1113949,5679,2019-08-01 15:00:00-05,1.247,0.608,8893,2019-08-01 15:00:00
1113950,1113950,5679,2019-08-01 15:15:00-05,1.031,0.788,8894,2019-08-01 15:15:00
1113951,1113951,5679,2019-08-01 15:30:00-05,0.825,0.938,8895,2019-08-01 15:30:00
1113952,1113952,5679,2019-08-01 15:45:00-05,0.619,1.098,8896,2019-08-01 15:45:00
1113953,1113953,5679,2019-08-01 16:00:00-05,0.552,1.109,8897,2019-08-01 16:00:00
1113954,1113954,5679,2019-08-01 16:15:00-05,0.463,1.045,8898,2019-08-01 16:15:00
1113955,1113955,5679,2019-08-01 16:30:00-05,0.379,0.666,8899,2019-08-01 16:30:00
1113956,1113956,5679,2019-08-01 16:45:00-05,0.36,-0.079,8900,2019-08-01 16:45:00
1113957,1113957,5679,2019-08-01 17:00:00-05,0.337,0.019,8901,2019-08-01 17:00:00
1113958,1113958,5679,2019-08-01 17:15:00-05,0.313,-0.145,8902,2019-08-01 17:15:00
1113959,1113959,5679,2019-08-01 17:30:00-05,0.285,-0.002,8903,2019-08-01 17:30:00
1113960,1113960,5679,2019-08-01 17:45:00-05,0.252,0.028,8904,2019-08-01 17:45:00
1113961,1113961,5679,2019-08-01 18:00:00-05,0.206,0.176,8905,2019-08-01 18:00:00
1113962,1113962,5679,2019-08-01 18:15:00-05,0.157,0.232,8906,2019-08-01 18:15:00
1113963,1113963,5679,2019-08-01 18:30:00-05,0.116,0.444,8907,2019-08-01 18:30:00
1113964,1113964,5679,2019-08-01 18:45:00-05,0.078,0.276,8908,2019-08-01 18:45:00
1113965,1113965,5679,2019-08-01 19:00:00-05,0.04,0.356,8909,2019-08-01 19:00:00
1113966,1113966,5679,2019-08-01 19:15:00-05,0.007,4.358,8910,2019-08-01 19:15:00
1113967,1113967,5679,2019-08-01 19:30:00-05,-0.002,7.5,8911,2019-08-01 19:30:00
1113968,1113968,5679,2019-08-01 19:45:00-05,-0.001,7.34,8912,2019-08-01 19:45:00
1113969,1113969,5679,2019-08-01 20:00:00-05,-0.001,7.013,8913,2019-08-01 20:00:00
1113970,1113970,5679,2019-08-01 20:15:00-05,0.005,1.013,8914,2019-08-01 20:15:00
1113971,1113971,5679,2019-08-01 20:30:00-05,0.005,0.543,8915,2019-08-01 20:30:00
1113972,1113972,5679,2019-08-01 20:45:00-05,0.005,0.469,8916,2019-08-01 20:45:00
1113973,1113973,5679,2019-08-01 21:00:00-05,0.005,0.519,8917,2019-08-01 21:00:00
1113974,1113974,5679,2019-08-01 21:15:00-05,0.005,0.384,8918,2019-08-01 21:15:00
1113975,1113975,5679,2019-08-01 21:30:00-05,0.005,0.375,8919,2019-08-01 21:30:00
1113976,1113976,5679,2019-08-01 21:45:00-05,0.006,0.282,8920,2019-08-01 21:45:00
1113977,1113977,5679,2019-08-01 22:00:00-05,0.006,0.292,8921,2019-08-01 22:00:00
1113978,1113978,5679,2019-08-01 22:15:00-05,0.006,0.171,8922,2019-08-01 22:15:00
1113979,1113979,5679,2019-08-01 22:30:00-05,0.006,0.33,8923,2019-08-01 22:30:00
1113980,1113980,5679,2019-08-01 22:45:00-05,0.005,0.429,8924,2019-08-01 22:45:00
1113981,1113981,5679,2019-08-01 23:00:00-05,0.005,0.59,8925,2019-08-01 23:00:00
1113982,1113982,5679,2019-08-01 23:15:00-05,0.006,0.336,8926,2019-08-01 23:15:00
1113983,1113983,5679,2019-08-01 23:30:00-05,0.005,0.457,8927,2019-08-01 23:30:00
1113984,1113984,5679,2019-08-01 23:45:00-05,0.006,0.41,8928,2019-08-01 23:45:00
1113985,1113985,5679,2019-08-02 00:00:00-05,0.006,0.443,8929,2019-08-02 00:00:00
1113986,1113986,5679,2019-08-02 00:15:00-05,0.006,0.327,8930,2019-08-02 00:15:00
1113987,1113987,5679,2019-08-02 00:30:00-05,0.006,0.324,8931,2019-08-02 00:30:00
1113988,1113988,5679,2019-08-02 00:45:00-05,0.006,0.316,8932,2019-08-02 00:45:00
1113989,1113989,5679,2019-08-02 01:00:00-05,0.006,0.311,8933,2019-08-02 01:00:00
1113990,1113990,5679,2019-08-02 01:15:00-05,0.006,0.321,8934,2019-08-02 01:15:00
1113991,1113991,5679,2019-08-02 01:30:00-05,0.006,0.304,8935,2019-08-02 01:30:00
1113992,1113992,5679,2019-08-02 01:45:00-05,0.006,0.391,8936,2019-08-02 01:45:00
1113993,1113993,5679,2019-08-02 02:00:00-05,0.006,0.411,8937,2019-08-02 02:00:00
1113994,1113994,5679,2019-08-02 02:15:00-05,0.006,0.433,8938,2019-08-02 02:15:00
1113995,1113995,5679,2019-08-02 02:30:00-05,0.006,0.409,8939,2019-08-02 02:30:00
1113996,1113996,5679,2019-08-02 02:45:00-05,0.006,0.433,8940,2019-08-02 02:45:00
1113997,1113997,5679,2019-08-02 03:00:00-05,0.006,0.401,8941,2019-08-02 03:00:00
1113998,1113998,5679,2019-08-02 03:15:00-05,0.006,0.353,8942,2019-08-02 03:15:00
1113999,1113999,5679,2019-08-02 03:30:00-05,0.006,0.288,8943,2019-08-02 03:30:00
1114000,1114000,5679,2019-08-02 03:45:00-05,0.006,0.344,8944,2019-08-02 03:45:00
1114001,1114001,5679,2019-08-02 04:00:00-05,0.006,0.347,8945,2019-08-02 04:00:00
1114002,1114002,5679,2019-08-02 04:15:00-05,0.005,0.823,8946,2019-08-02 04:15:00
1114003,1114003,5679,2019-08-02 04:30:00-05,0.006,0.235,8947,2019-08-02 04:30:00
1114004,1114004,5679,2019-08-02 04:45:00-05,0.006,0.519,8948,2019-08-02 04:45:00
1114005,1114005,5679,2019-08-02 05:00:00-05,0.015,0.828,8949,2019-08-02 05:00:00
1114006,1114006,5679,2019-08-02 05:15:00-05,0.045,0.478,8950,2019-08-02 05:15:00
1114007,1114007,5679,2019-08-02 05:30:00-05,0.077,0.343,8951,2019-08-02 05:30:00
1114008,1114008,5679,2019-08-02 05:45:00-05,0.109,0.564,8952,2019-08-02 05:45:00
1114009,1114009,5679,2019-08-02 06:00:00-05,0.146,0.321,8953,2019-08-02 06:00:00
1114010,1114010,5679,2019-08-02 06:15:00-05,0.183,0.111,8954,2019-08-02 06:15:00
1114011,1114011,5679,2019-08-02 06:30:00-05,0.221,0.063,8955,2019-08-02 06:30:00
1114012,1114012,5679,2019-08-02 06:45:00-05,0.265,0.167,8956,2019-08-02 06:45:00
1114013,1114013,5679,2019-08-02 07:00:00-05,0.328,-0.058,8957,2019-08-02 07:00:00
1114014,1114014,5679,2019-08-02 07:15:00-05,0.415,-0.056,8958,2019-08-02 07:15:00
1114015,1114015,5679,2019-08-02 07:30:00-05,0.558,-0.143,8959,2019-08-02 07:30:00
1114016,1114016,5679,2019-08-02 07:45:00-05,0.703,-0.245,8960,2019-08-02 07:45:00
1114017,1114017,5679,2019-08-02 08:00:00-05,1.058,-0.598,8961,2019-08-02 08:00:00
1114018,1114018,5679,2019-08-02 08:15:00-05,1.744,-1.333,8962,2019-08-02 08:15:00
1114019,1114019,5679,2019-08-02 08:30:00-05,1.983,-1.552,8963,2019-08-02 08:30:00
1114020,1114020,5679,2019-08-02 08:45:00-05,2.285,-1.875,8964,2019-08-02 08:45:00
1114021,1114021,5679,2019-08-02 09:00:00-05,2.619,-2.177,8965,2019-08-02 09:00:00
1114022,1114022,5679,2019-08-02 09:15:00-05,2.77,-2.322,8966,2019-08-02 09:15:00
1114023,1114023,5679,2019-08-02 09:30:00-05,3.001,-2.622,8967,2019-08-02 09:30:00
1114024,1114024,5679,2019-08-02 09:45:00-05,3.329,-2.957,8968,2019-08-02 09:45:00
1114025,1114025,5679,2019-08-02 10:00:00-05,3.292,-2.821,8969,2019-08-02 10:00:00
1114026,1114026,5679,2019-08-02 10:15:00-05,3.575,-3.213,8970,2019-08-02 10:15:00
1114027,1114027,5679,2019-08-02 10:30:00-05,3.688,-3.294,8971,2019-08-02 10:30:00
1114028,1114028,5679,2019-08-02 10:45:00-05,3.618,-2.842,8972,2019-08-02 10:45:00
1114029,1114029,5679,2019-08-02 11:00:00-05,3.976,-3.092,8973,2019-08-02 11:00:00
1114030,1114030,5679,2019-08-02 11:15:00-05,4.031,-2.793,8974,2019-08-02 11:15:00
1114031,1114031,5679,2019-08-02 11:30:00-05,4.012,-2.622,8975,2019-08-02 11:30:00
1114032,1114032,5679,2019-08-02 11:45:00-05,4.022,-2.948,8976,2019-08-02 11:45:00
1114033,1114033,5679,2019-08-02 12:00:00-05,4.08,-3.104,8977,2019-08-02 12:00:00
1114034,1114034,5679,2019-08-02 12:15:00-05,4.094,-2.963,8978,2019-08-02 12:15:00
1114035,1114035,5679,2019-08-02 12:30:00-05,4.027,-2.099,8979,2019-08-02 12:30:00
1114036,1114036,5679,2019-08-02 12:45:00-05,3.884,-2.158,8980,2019-08-02 12:45:00
1114037,1114037,5679,2019-08-02 13:00:00-05,3.662,-3.22,8981,2019-08-02 13:00:00
1114038,1114038,5679,2019-08-02 13:15:00-05,3.538,-3.079,8982,2019-08-02 13:15:00
1114039,1114039,5679,2019-08-02 13:30:00-05,3.321,-2.842,8983,2019-08-02 13:30:00
1114040,1114040,5679,2019-08-02 13:45:00-05,2.871,-2.374,8984,2019-08-02 13:45:00
1114041,1114041,5679,2019-08-02 14:00:00-05,2.562,-2.1,8985,2019-08-02 14:00:00
1114042,1114042,5679,2019-08-02 14:15:00-05,2.288,-1.869,8986,2019-08-02 14:15:00
1114043,1114043,5679,2019-08-02 14:30:00-05,1.974,-1.57,8987,2019-08-02 14:30:00
1114044,1114044,5679,2019-08-02 14:45:00-05,1.65,-1.362,8988,2019-08-02 14:45:00
1114045,1114045,5679,2019-08-02 15:00:00-05,1.269,-0.939,8989,2019-08-02 15:00:00
1114046,1114046,5679,2019-08-02 15:15:00-05,1.117,-0.841,8990,2019-08-02 15:15:00
1114047,1114047,5679,2019-08-02 15:30:00-05,0.967,-0.625,8991,2019-08-02 15:30:00
1114048,1114048,5679,2019-08-02 15:45:00-05,0.801,-0.53,8992,2019-08-02 15:45:00
1114049,1114049,5679,2019-08-02 16:00:00-05,0.723,-0.374,8993,2019-08-02 16:00:00
1114050,1114050,5679,2019-08-02 16:15:00-05,0.639,-0.361,8994,2019-08-02 16:15:00
1114051,1114051,5679,2019-08-02 16:30:00-05,0.684,-0.321,8995,2019-08-02 16:30:00
1114052,1114052,5679,2019-08-02 16:45:00-05,0.552,-0.273,8996,2019-08-02 16:45:00
1114053,1114053,5679,2019-08-02 17:00:00-05,0.305,0.103,8997,2019-08-02 17:00:00
1114054,1114054,5679,2019-08-02 17:15:00-05,0.267,0.09,8998,2019-08-02 17:15:00
1114055,1114055,5679,2019-08-02 17:30:00-05,0.365,9.071,8999,2019-08-02 17:30:00
1114056,1114056,5679,2019-08-02 17:45:00-05,0.272,10.032,9000,2019-08-02 17:45:00
1114057,1114057,5679,2019-08-02 18:00:00-05,0.154,9.621,9001,2019-08-02 18:00:00
1114058,1114058,5679,2019-08-02 18:15:00-05,0.17,9.468,9002,2019-08-02 18:15:00
1114059,1114059,5679,2019-08-02 18:30:00-05,0.082,3.551,9003,2019-08-02 18:30:00
1114060,1114060,5679,2019-08-02 18:45:00-05,0.023,2.519,9004,2019-08-02 18:45:00
1114061,1114061,5679,2019-08-02 19:00:00-05,0.017,2.434,9005,2019-08-02 19:00:00
1114062,1114062,5679,2019-08-02 19:15:00-05,0.003,2.248,9006,2019-08-02 19:15:00
1114063,1114063,5679,2019-08-02 19:30:00-05,0.004,2.02,9007,2019-08-02 19:30:00
1114064,1114064,5679,2019-08-02 19:45:00-05,0.004,2.017,9008,2019-08-02 19:45:00
1114065,1114065,5679,2019-08-02 20:00:00-05,0.004,1.908,9009,2019-08-02 20:00:00
1114066,1114066,5679,2019-08-02 20:15:00-05,0.004,1.851,9010,2019-08-02 20:15:00
1114067,1114067,5679,2019-08-02 20:30:00-05,0.004,1.749,9011,2019-08-02 20:30:00
1114068,1114068,5679,2019-08-02 20:45:00-05,0.004,1.625,9012,2019-08-02 20:45:00
1114069,1114069,5679,2019-08-02 21:00:00-05,0.005,0.799,9013,2019-08-02 21:00:00
1114070,1114070,5679,2019-08-02 21:15:00-05,0.005,0.501,9014,2019-08-02 21:15:00
1114071,1114071,5679,2019-08-02 21:30:00-05,0.005,0.435,9015,2019-08-02 21:30:00
1114072,1114072,5679,2019-08-02 21:45:00-05,0.005,0.507,9016,2019-08-02 21:45:00
1114073,1114073,5679,2019-08-02 22:00:00-05,0.005,0.389,9017,2019-08-02 22:00:00
1114074,1114074,5679,2019-08-02 22:15:00-05,0.005,0.583,9018,2019-08-02 22:15:00
1114075,1114075,5679,2019-08-02 22:30:00-05,0.005,0.54,9019,2019-08-02 22:30:00
1114076,1114076,5679,2019-08-02 22:45:00-05,0.005,0.463,9020,2019-08-02 22:45:00
1114077,1114077,5679,2019-08-02 23:00:00-05,0.005,0.432,9021,2019-08-02 23:00:00
1114078,1114078,5679,2019-08-02 23:15:00-05,0.006,0.291,9022,2019-08-02 23:15:00
1114079,1114079,5679,2019-08-02 23:30:00-05,0.006,0.319,9023,2019-08-02 23:30:00
1114080,1114080,5679,2019-08-02 23:45:00-05,0.005,0.355,9024,2019-08-02 23:45:00
1114081,1114081,5679,2019-08-03 00:00:00-05,0.006,0.279,9025,2019-08-03 00:00:00
1114082,1114082,5679,2019-08-03 00:15:00-05,0.006,0.373,9026,2019-08-03 00:15:00
1114083,1114083,5679,2019-08-03 00:30:00-05,0.006,0.397,9027,2019-08-03 00:30:00
1114084,1114084,5679,2019-08-03 00:45:00-05,0.005,0.482,9028,2019-08-03 00:45:00
1114085,1114085,5679,2019-08-03 01:00:00-05,0.006,0.475,9029,2019-08-03 01:00:00
1114086,1114086,5679,2019-08-03 01:15:00-05,0.006,0.457,9030,2019-08-03 01:15:00
1114087,1114087,5679,2019-08-03 01:30:00-05,0.006,0.496,9031,2019-08-03 01:30:00
1114088,1114088,5679,2019-08-03 01:45:00-05,0.005,0.685,9032,2019-08-03 01:45:00
1114089,1114089,5679,2019-08-03 02:00:00-05,0.006,0.425,9033,2019-08-03 02:00:00
1114090,1114090,5679,2019-08-03 02:15:00-05,0.006,0.389,9034,2019-08-03 02:15:00
1114091,1114091,5679,2019-08-03 02:30:00-05,0.006,0.413,9035,2019-08-03 02:30:00
1114092,1114092,5679,2019-08-03 02:45:00-05,0.006,0.335,9036,2019-08-03 02:45:00
1114093,1114093,5679,2019-08-03 03:00:00-05,0.006,0.405,9037,2019-08-03 03:00:00
1114094,1114094,5679,2019-08-03 03:15:00-05,0.006,0.33,9038,2019-08-03 03:15:00
1114095,1114095,5679,2019-08-03 03:30:00-05,0.006,0.399,9039,2019-08-03 03:30:00
1114096,1114096,5679,2019-08-03 03:45:00-05,0.006,0.495,9040,2019-08-03 03:45:00
1114097,1114097,5679,2019-08-03 04:00:00-05,0.006,0.503,9041,2019-08-03 04:00:00
1114098,1114098,5679,2019-08-03 04:15:00-05,0.006,0.398,9042,2019-08-03 04:15:00
1114099,1114099,5679,2019-08-03 04:30:00-05,0.005,1.04,9043,2019-08-03 04:30:00
1114100,1114100,5679,2019-08-03 04:45:00-05,0.006,0.606,9044,2019-08-03 04:45:00
1114101,1114101,5679,2019-08-03 05:00:00-05,0.01,0.473,9045,2019-08-03 05:00:00
1114102,1114102,5679,2019-08-03 05:15:00-05,0.034,0.506,9046,2019-08-03 05:15:00
1114103,1114103,5679,2019-08-03 05:30:00-05,0.069,0.519,9047,2019-08-03 05:30:00
1114104,1114104,5679,2019-08-03 05:45:00-05,0.116,0.387,9048,2019-08-03 05:45:00
1114105,1114105,5679,2019-08-03 06:00:00-05,0.19,0.102,9049,2019-08-03 06:00:00
1114106,1114106,5679,2019-08-03 06:15:00-05,0.326,0.111,9050,2019-08-03 06:15:00
1114107,1114107,5679,2019-08-03 06:30:00-05,0.402,0.056,9051,2019-08-03 06:30:00
1114108,1114108,5679,2019-08-03 06:45:00-05,0.355,0.055,9052,2019-08-03 06:45:00
1114109,1114109,5679,2019-08-03 07:00:00-05,0.35,0.092,9053,2019-08-03 07:00:00
1114110,1114110,5679,2019-08-03 07:15:00-05,0.408,-0.072,9054,2019-08-03 07:15:00
1114111,1114111,5679,2019-08-03 07:30:00-05,0.465,0.555,9055,2019-08-03 07:30:00
1114112,1114112,5679,2019-08-03 07:45:00-05,0.68,1.064,9056,2019-08-03 07:45:00
1114113,1114113,5679,2019-08-03 08:00:00-05,1.226,0.613,9057,2019-08-03 08:00:00
1114114,1114114,5679,2019-08-03 08:15:00-05,1.603,-1.136,9058,2019-08-03 08:15:00
1114115,1114115,5679,2019-08-03 08:30:00-05,1.887,-1.343,9059,2019-08-03 08:30:00
1114116,1114116,5679,2019-08-03 08:45:00-05,2.186,-1.766,9060,2019-08-03 08:45:00
1114117,1114117,5679,2019-08-03 09:00:00-05,2.456,-1.947,9061,2019-08-03 09:00:00
1114118,1114118,5679,2019-08-03 09:15:00-05,2.728,-2.349,9062,2019-08-03 09:15:00
1114119,1114119,5679,2019-08-03 09:30:00-05,2.935,-2.481,9063,2019-08-03 09:30:00
1114120,1114120,5679,2019-08-03 09:45:00-05,2.619,-2.247,9064,2019-08-03 09:45:00
1114121,1114121,5679,2019-08-03 10:00:00-05,3.397,-2.948,9065,2019-08-03 10:00:00
1114122,1114122,5679,2019-08-03 10:15:00-05,3.421,-3.125,9066,2019-08-03 10:15:00
1114123,1114123,5679,2019-08-03 10:30:00-05,3.719,-3.424,9067,2019-08-03 10:30:00
1114124,1114124,5679,2019-08-03 10:45:00-05,3.022,-2.872,9068,2019-08-03 10:45:00
1114125,1114125,5679,2019-08-03 11:00:00-05,3.992,-3.769,9069,2019-08-03 11:00:00
1114126,1114126,5679,2019-08-03 11:15:00-05,4.138,-3.992,9070,2019-08-03 11:15:00
1114127,1114127,5679,2019-08-03 11:30:00-05,3.275,-3.045,9071,2019-08-03 11:30:00
1114128,1114128,5679,2019-08-03 11:45:00-05,3.826,-3.64,9072,2019-08-03 11:45:00
1114129,1114129,5679,2019-08-03 12:00:00-05,4.042,-3.701,9073,2019-08-03 12:00:00
1114130,1114130,5679,2019-08-03 12:15:00-05,3.994,-3.736,9074,2019-08-03 12:15:00
1114131,1114131,5679,2019-08-03 12:30:00-05,3.916,-3.586,9075,2019-08-03 12:30:00
1114132,1114132,5679,2019-08-03 12:45:00-05,3.832,-3.576,9076,2019-08-03 12:45:00
1114133,1114133,5679,2019-08-03 13:00:00-05,3.611,-3.282,9077,2019-08-03 13:00:00
1114134,1114134,5679,2019-08-03 13:15:00-05,3.482,-3.316,9078,2019-08-03 13:15:00
1114135,1114135,5679,2019-08-03 13:30:00-05,3.277,-3.054,9079,2019-08-03 13:30:00
1114136,1114136,5679,2019-08-03 13:45:00-05,2.836,-2.685,9080,2019-08-03 13:45:00
1114137,1114137,5679,2019-08-03 14:00:00-05,2.56,-2.336,9081,2019-08-03 14:00:00
1114138,1114138,5679,2019-08-03 14:15:00-05,2.292,-2.138,9082,2019-08-03 14:15:00
1114139,1114139,5679,2019-08-03 14:30:00-05,1.96,-1.738,9083,2019-08-03 14:30:00
1114140,1114140,5679,2019-08-03 14:45:00-05,1.585,-1.342,9084,2019-08-03 14:45:00
1114141,1114141,5679,2019-08-03 15:00:00-05,1.272,-0.955,9085,2019-08-03 15:00:00
1114142,1114142,5679,2019-08-03 15:15:00-05,1.115,-0.82,9086,2019-08-03 15:15:00
1114143,1114143,5679,2019-08-03 15:30:00-05,0.891,4.909,9087,2019-08-03 15:30:00
1114144,1114144,5679,2019-08-03 15:45:00-05,0.747,8.982,9088,2019-08-03 15:45:00
1114145,1114145,5679,2019-08-03 16:00:00-05,0.694,8.822,9089,2019-08-03 16:00:00
1114146,1114146,5679,2019-08-03 16:15:00-05,0.62,8.793,9090,2019-08-03 16:15:00
1114147,1114147,5679,2019-08-03 16:30:00-05,0.57,8.887,9091,2019-08-03 16:30:00
1114148,1114148,5679,2019-08-03 16:45:00-05,0.472,4.911,9092,2019-08-03 16:45:00
1114149,1114149,5679,2019-08-03 17:00:00-05,0.432,2.17,9093,2019-08-03 17:00:00
1114150,1114150,5679,2019-08-03 17:15:00-05,0.412,2.215,9094,2019-08-03 17:15:00
1114151,1114151,5679,2019-08-03 17:30:00-05,0.345,2.268,9095,2019-08-03 17:30:00
1114152,1114152,5679,2019-08-03 17:45:00-05,0.295,2.154,9096,2019-08-03 17:45:00
1114153,1114153,5679,2019-08-03 18:00:00-05,0.244,0.424,9097,2019-08-03 18:00:00
1114154,1114154,5679,2019-08-03 18:15:00-05,0.169,1.561,9098,2019-08-03 18:15:00
1114155,1114155,5679,2019-08-03 18:30:00-05,0.114,2.025,9099,2019-08-03 18:30:00
1114156,1114156,5679,2019-08-03 18:45:00-05,0.08,1.999,9100,2019-08-03 18:45:00
1114157,1114157,5679,2019-08-03 19:00:00-05,0.042,2.034,9101,2019-08-03 19:00:00
1114158,1114158,5679,2019-08-03 19:15:00-05,0.01,1.79,9102,2019-08-03 19:15:00
1114159,1114159,5679,2019-08-03 19:30:00-05,0.004,1.67,9103,2019-08-03 19:30:00
1114160,1114160,5679,2019-08-03 19:45:00-05,0.004,1.678,9104,2019-08-03 19:45:00
1114161,1114161,5679,2019-08-03 20:00:00-05,0.004,1.498,9105,2019-08-03 20:00:00
1114162,1114162,5679,2019-08-03 20:15:00-05,0.004,1.416,9106,2019-08-03 20:15:00
1114163,1114163,5679,2019-08-03 20:30:00-05,0.005,0.944,9107,2019-08-03 20:30:00
1114164,1114164,5679,2019-08-03 20:45:00-05,0.005,0.512,9108,2019-08-03 20:45:00
1114165,1114165,5679,2019-08-03 21:00:00-05,0.005,0.531,9109,2019-08-03 21:00:00
1114166,1114166,5679,2019-08-03 21:15:00-05,0.005,0.544,9110,2019-08-03 21:15:00
1114167,1114167,5679,2019-08-03 21:30:00-05,0.005,0.479,9111,2019-08-03 21:30:00
1114168,1114168,5679,2019-08-03 21:45:00-05,0.005,0.467,9112,2019-08-03 21:45:00
1114169,1114169,5679,2019-08-03 22:00:00-05,0.005,0.442,9113,2019-08-03 22:00:00
1114170,1114170,5679,2019-08-03 22:15:00-05,0.005,0.404,9114,2019-08-03 22:15:00
1114171,1114171,5679,2019-08-03 22:30:00-05,0.005,0.358,9115,2019-08-03 22:30:00
1114172,1114172,5679,2019-08-03 22:45:00-05,0.006,0.287,9116,2019-08-03 22:45:00
1114173,1114173,5679,2019-08-03 23:00:00-05,0.005,0.347,9117,2019-08-03 23:00:00
1114174,1114174,5679,2019-08-03 23:15:00-05,0.006,0.291,9118,2019-08-03 23:15:00
1114175,1114175,5679,2019-08-03 23:30:00-05,0.006,0.342,9119,2019-08-03 23:30:00
1114176,1114176,5679,2019-08-03 23:45:00-05,0.006,0.305,9120,2019-08-03 23:45:00
1114177,1114177,5679,2019-08-04 00:00:00-05,0.005,0.409,9121,2019-08-04 00:00:00
1114178,1114178,5679,2019-08-04 00:15:00-05,0.005,0.423,9122,2019-08-04 00:15:00
1114179,1114179,5679,2019-08-04 00:30:00-05,0.005,0.524,9123,2019-08-04 00:30:00
1114180,1114180,5679,2019-08-04 00:45:00-05,0.006,0.288,9124,2019-08-04 00:45:00
1114181,1114181,5679,2019-08-04 01:00:00-05,0.006,0.313,9125,2019-08-04 01:00:00
1114182,1114182,5679,2019-08-04 01:15:00-05,0.006,0.399,9126,2019-08-04 01:15:00
1114183,1114183,5679,2019-08-04 01:30:00-05,0.006,0.409,9127,2019-08-04 01:30:00
1114184,1114184,5679,2019-08-04 01:45:00-05,0.006,0.457,9128,2019-08-04 01:45:00
1114185,1114185,5679,2019-08-04 02:00:00-05,0.006,0.39,9129,2019-08-04 02:00:00
1114186,1114186,5679,2019-08-04 02:15:00-05,0.006,0.456,9130,2019-08-04 02:15:00
1114187,1114187,5679,2019-08-04 02:30:00-05,0.006,0.389,9131,2019-08-04 02:30:00
1114188,1114188,5679,2019-08-04 02:45:00-05,0.006,0.452,9132,2019-08-04 02:45:00
1114189,1114189,5679,2019-08-04 03:00:00-05,0.006,0.387,9133,2019-08-04 03:00:00
1114190,1114190,5679,2019-08-04 03:15:00-05,0.006,0.415,9134,2019-08-04 03:15:00
1114191,1114191,5679,2019-08-04 03:30:00-05,0.006,0.285,9135,2019-08-04 03:30:00
1114192,1114192,5679,2019-08-04 03:45:00-05,0.006,0.382,9136,2019-08-04 03:45:00
1114193,1114193,5679,2019-08-04 04:00:00-05,0.005,0.815,9137,2019-08-04 04:00:00
1114194,1114194,5679,2019-08-04 04:15:00-05,0.006,0.407,9138,2019-08-04 04:15:00
1114195,1114195,5679,2019-08-04 04:30:00-05,0.006,0.339,9139,2019-08-04 04:30:00
1114196,1114196,5679,2019-08-04 04:45:00-05,0.006,0.587,9140,2019-08-04 04:45:00
1114197,1114197,5679,2019-08-04 05:00:00-05,0.012,0.324,9141,2019-08-04 05:00:00
1114198,1114198,5679,2019-08-04 05:15:00-05,0.038,0.86,9142,2019-08-04 05:15:00
1114199,1114199,5679,2019-08-04 05:30:00-05,0.071,0.684,9143,2019-08-04 05:30:00
1114200,1114200,5679,2019-08-04 05:45:00-05,0.111,0.448,9144,2019-08-04 05:45:00
1114201,1114201,5679,2019-08-04 06:00:00-05,0.141,0.438,9145,2019-08-04 06:00:00
1114202,1114202,5679,2019-08-04 06:15:00-05,0.176,1.2,9146,2019-08-04 06:15:00
1114203,1114203,5679,2019-08-04 06:30:00-05,0.224,4.828,9147,2019-08-04 06:30:00
1114204,1114204,5679,2019-08-04 06:45:00-05,0.357,3.98,9148,2019-08-04 06:45:00
1114205,1114205,5679,2019-08-04 07:00:00-05,0.528,2.1,9149,2019-08-04 07:00:00
1114206,1114206,5679,2019-08-04 07:15:00-05,0.607,0.703,9150,2019-08-04 07:15:00
1114207,1114207,5679,2019-08-04 07:30:00-05,0.393,4.73,9151,2019-08-04 07:30:00
1114208,1114208,5679,2019-08-04 07:45:00-05,0.497,2.564,9152,2019-08-04 07:45:00
1114209,1114209,5679,2019-08-04 08:00:00-05,1.26,0.817,9153,2019-08-04 08:00:00
1114210,1114210,5679,2019-08-04 08:15:00-05,1.632,-1.244,9154,2019-08-04 08:15:00
1114211,1114211,5679,2019-08-04 08:30:00-05,1.92,-1.504,9155,2019-08-04 08:30:00
1114212,1114212,5679,2019-08-04 08:45:00-05,2.226,-1.663,9156,2019-08-04 08:45:00
1114213,1114213,5679,2019-08-04 09:00:00-05,2.51,-2.094,9157,2019-08-04 09:00:00
1114214,1114214,5679,2019-08-04 09:15:00-05,2.422,-1.969,9158,2019-08-04 09:15:00
1114215,1114215,5679,2019-08-04 09:30:00-05,1.5,-1.036,9159,2019-08-04 09:30:00
1114216,1114216,5679,2019-08-04 09:45:00-05,1.84,-1.441,9160,2019-08-04 09:45:00
1114217,1114217,5679,2019-08-04 10:00:00-05,3.379,-2.853,9161,2019-08-04 10:00:00
1114218,1114218,5679,2019-08-04 10:15:00-05,2.718,-2.333,9162,2019-08-04 10:15:00
1114219,1114219,5679,2019-08-04 10:30:00-05,3.698,-3.237,9163,2019-08-04 10:30:00
1114220,1114220,5679,2019-08-04 10:45:00-05,3.96,-3.525,9164,2019-08-04 10:45:00
1114221,1114221,5679,2019-08-04 11:00:00-05,1.747,-1.307,9165,2019-08-04 11:00:00
1114222,1114222,5679,2019-08-04 11:15:00-05,1.441,-0.09,9166,2019-08-04 11:15:00
1114223,1114223,5679,2019-08-04 11:30:00-05,3.088,-2.292,9167,2019-08-04 11:30:00
1114224,1114224,5679,2019-08-04 11:45:00-05,3.029,-2.303,9168,2019-08-04 11:45:00
1114225,1114225,5679,2019-08-04 12:00:00-05,3.582,-3.329,9169,2019-08-04 12:00:00
1114226,1114226,5679,2019-08-04 12:15:00-05,4.213,-3.696,9170,2019-08-04 12:15:00
1114227,1114227,5679,2019-08-04 12:30:00-05,4.127,-2.319,9171,2019-08-04 12:30:00
1114228,1114228,5679,2019-08-04 12:45:00-05,3.928,-1.362,9172,2019-08-04 12:45:00
1114229,1114229,5679,2019-08-04 13:00:00-05,3.701,-1.22,9173,2019-08-04 13:00:00
1114230,1114230,5679,2019-08-04 13:15:00-05,3.545,-0.947,9174,2019-08-04 13:15:00
1114231,1114231,5679,2019-08-04 13:30:00-05,3.335,-0.653,9175,2019-08-04 13:30:00
1114232,1114232,5679,2019-08-04 13:45:00-05,2.93,-1.828,9176,2019-08-04 13:45:00
1114233,1114233,5679,2019-08-04 14:00:00-05,2.607,-2.159,9177,2019-08-04 14:00:00
1114234,1114234,5679,2019-08-04 14:15:00-05,2.32,-1.952,9178,2019-08-04 14:15:00
1114235,1114235,5679,2019-08-04 14:30:00-05,1.963,-1.557,9179,2019-08-04 14:30:00
1114236,1114236,5679,2019-08-04 14:45:00-05,1.632,-1.342,9180,2019-08-04 14:45:00
1114237,1114237,5679,2019-08-04 15:00:00-05,1.221,-1.067,9181,2019-08-04 15:00:00
1114238,1114238,5679,2019-08-04 15:15:00-05,1.039,-0.801,9182,2019-08-04 15:15:00
1114239,1114239,5679,2019-08-04 15:30:00-05,0.816,-0.65,9183,2019-08-04 15:30:00
1114240,1114240,5679,2019-08-04 15:45:00-05,0.667,-0.428,9184,2019-08-04 15:45:00
1114241,1114241,5679,2019-08-04 16:00:00-05,0.554,-0.384,9185,2019-08-04 16:00:00
1114242,1114242,5679,2019-08-04 16:15:00-05,0.399,-0.215,9186,2019-08-04 16:15:00
1114243,1114243,5679,2019-08-04 16:30:00-05,0.349,-0.02,9187,2019-08-04 16:30:00
1114244,1114244,5679,2019-08-04 16:45:00-05,0.325,-0.052,9188,2019-08-04 16:45:00
1114245,1114245,5679,2019-08-04 17:00:00-05,0.299,0.052,9189,2019-08-04 17:00:00
1114246,1114246,5679,2019-08-04 17:15:00-05,0.269,0.001,9190,2019-08-04 17:15:00
1114247,1114247,5679,2019-08-04 17:30:00-05,0.24,0.085,9191,2019-08-04 17:30:00
1114248,1114248,5679,2019-08-04 17:45:00-05,0.208,0.087,9192,2019-08-04 17:45:00
1114249,1114249,5679,2019-08-04 18:00:00-05,0.169,0.046,9193,2019-08-04 18:00:00
1114250,1114250,5679,2019-08-04 18:15:00-05,0.127,0.083,9194,2019-08-04 18:15:00
1114251,1114251,5679,2019-08-04 18:30:00-05,0.093,0.07,9195,2019-08-04 18:30:00
1114252,1114252,5679,2019-08-04 18:45:00-05,0.059,2.533,9196,2019-08-04 18:45:00
1114253,1114253,5679,2019-08-04 19:00:00-05,0.025,7.115,9197,2019-08-04 19:00:00
1114254,1114254,5679,2019-08-04 19:15:00-05,0.001,7.638,9198,2019-08-04 19:15:00
1114255,1114255,5679,2019-08-04 19:30:00-05,-0.002,8.042,9199,2019-08-04 19:30:00
1114256,1114256,5679,2019-08-04 19:45:00-05,-0.002,7.916,9200,2019-08-04 19:45:00
1114257,1114257,5679,2019-08-04 20:00:00-05,-0.002,7.842,9201,2019-08-04 20:00:00
1114258,1114258,5679,2019-08-04 20:15:00-05,-0.002,8.129,9202,2019-08-04 20:15:00
1114259,1114259,5679,2019-08-04 20:30:00-05,-0.001,7.223,9203,2019-08-04 20:30:00
1114260,1114260,5679,2019-08-04 20:45:00-05,0.0,5.64,9204,2019-08-04 20:45:00
1114261,1114261,5679,2019-08-04 21:00:00-05,0.005,0.579,9205,2019-08-04 21:00:00
1114262,1114262,5679,2019-08-04 21:15:00-05,0.005,0.434,9206,2019-08-04 21:15:00
1114263,1114263,5679,2019-08-04 21:30:00-05,0.005,0.353,9207,2019-08-04 21:30:00
1114264,1114264,5679,2019-08-04 21:45:00-05,0.005,0.406,9208,2019-08-04 21:45:00
1114265,1114265,5679,2019-08-04 22:00:00-05,0.005,0.389,9209,2019-08-04 22:00:00
1114266,1114266,5679,2019-08-04 22:15:00-05,0.005,0.483,9210,2019-08-04 22:15:00
1114267,1114267,5679,2019-08-04 22:30:00-05,0.006,0.403,9211,2019-08-04 22:30:00
1114268,1114268,5679,2019-08-04 22:45:00-05,0.006,0.418,9212,2019-08-04 22:45:00
1114269,1114269,5679,2019-08-04 23:00:00-05,0.006,0.219,9213,2019-08-04 23:00:00
1114270,1114270,5679,2019-08-04 23:15:00-05,0.006,0.176,9214,2019-08-04 23:15:00
1114271,1114271,5679,2019-08-04 23:30:00-05,0.006,0.253,9215,2019-08-04 23:30:00
1114272,1114272,5679,2019-08-04 23:45:00-05,0.006,0.177,9216,2019-08-04 23:45:00
1114273,1114273,5679,2019-08-05 00:00:00-05,0.006,0.24,9217,2019-08-05 00:00:00
1114274,1114274,5679,2019-08-05 00:15:00-05,0.006,0.187,9218,2019-08-05 00:15:00
1114275,1114275,5679,2019-08-05 00:30:00-05,0.006,0.287,9219,2019-08-05 00:30:00
1114276,1114276,5679,2019-08-05 00:45:00-05,0.006,0.357,9220,2019-08-05 00:45:00
1114277,1114277,5679,2019-08-05 01:00:00-05,0.006,0.284,9221,2019-08-05 01:00:00
1114278,1114278,5679,2019-08-05 01:15:00-05,0.006,0.386,9222,2019-08-05 01:15:00
1114279,1114279,5679,2019-08-05 01:30:00-05,0.006,0.406,9223,2019-08-05 01:30:00
1114280,1114280,5679,2019-08-05 01:45:00-05,0.006,0.429,9224,2019-08-05 01:45:00
1114281,1114281,5679,2019-08-05 02:00:00-05,0.006,0.325,9225,2019-08-05 02:00:00
1114282,1114282,5679,2019-08-05 02:15:00-05,0.006,0.562,9226,2019-08-05 02:15:00
1114283,1114283,5679,2019-08-05 02:30:00-05,0.006,0.355,9227,2019-08-05 02:30:00
1114284,1114284,5679,2019-08-05 02:45:00-05,0.006,0.431,9228,2019-08-05 02:45:00
1114285,1114285,5679,2019-08-05 03:00:00-05,0.006,0.402,9229,2019-08-05 03:00:00
1114286,1114286,5679,2019-08-05 03:15:00-05,0.006,0.298,9230,2019-08-05 03:15:00
1114287,1114287,5679,2019-08-05 03:30:00-05,0.006,0.445,9231,2019-08-05 03:30:00
1114288,1114288,5679,2019-08-05 03:45:00-05,0.006,0.446,9232,2019-08-05 03:45:00
1114289,1114289,5679,2019-08-05 04:00:00-05,0.006,0.407,9233,2019-08-05 04:00:00
1114290,1114290,5679,2019-08-05 04:15:00-05,0.006,0.477,9234,2019-08-05 04:15:00
1114291,1114291,5679,2019-08-05 04:30:00-05,0.006,0.398,9235,2019-08-05 04:30:00
1114292,1114292,5679,2019-08-05 04:45:00-05,0.006,0.41,9236,2019-08-05 04:45:00
1114293,1114293,5679,2019-08-05 05:00:00-05,0.012,0.298,9237,2019-08-05 05:00:00
1114294,1114294,5679,2019-08-05 05:15:00-05,0.033,0.278,9238,2019-08-05 05:15:00
1114295,1114295,5679,2019-08-05 05:30:00-05,0.058,0.305,9239,2019-08-05 05:30:00
1114296,1114296,5679,2019-08-05 05:45:00-05,0.081,0.812,9240,2019-08-05 05:45:00
1114297,1114297,5679,2019-08-05 06:00:00-05,0.113,0.323,9241,2019-08-05 06:00:00
1114298,1114298,5679,2019-08-05 06:15:00-05,0.146,0.211,9242,2019-08-05 06:15:00
1114299,1114299,5679,2019-08-05 06:30:00-05,0.179,0.629,9243,2019-08-05 06:30:00
1114300,1114300,5679,2019-08-05 06:45:00-05,0.217,0.373,9244,2019-08-05 06:45:00
1114301,1114301,5679,2019-08-05 07:00:00-05,0.267,0.219,9245,2019-08-05 07:00:00
1114302,1114302,5679,2019-08-05 07:15:00-05,0.333,0.093,9246,2019-08-05 07:15:00
1114303,1114303,5679,2019-08-05 07:30:00-05,0.366,0.019,9247,2019-08-05 07:30:00
1114304,1114304,5679,2019-08-05 07:45:00-05,0.603,-0.285,9248,2019-08-05 07:45:00
1114305,1114305,5679,2019-08-05 08:00:00-05,1.305,-0.756,9249,2019-08-05 08:00:00
1114306,1114306,5679,2019-08-05 08:15:00-05,1.776,-1.548,9250,2019-08-05 08:15:00
1114307,1114307,5679,2019-08-05 08:30:00-05,2.079,-1.808,9251,2019-08-05 08:30:00
1114308,1114308,5679,2019-08-05 08:45:00-05,2.412,-2.109,9252,2019-08-05 08:45:00
1114309,1114309,5679,2019-08-05 09:00:00-05,2.701,-2.117,9253,2019-08-05 09:00:00
1114310,1114310,5679,2019-08-05 09:15:00-05,2.988,-2.452,9254,2019-08-05 09:15:00
1114311,1114311,5679,2019-08-05 09:30:00-05,3.204,-2.538,9255,2019-08-05 09:30:00
1114312,1114312,5679,2019-08-05 09:45:00-05,3.396,-2.787,9256,2019-08-05 09:45:00
1114313,1114313,5679,2019-08-05 10:00:00-05,3.563,-3.082,9257,2019-08-05 10:00:00
1114314,1114314,5679,2019-08-05 10:15:00-05,3.722,-3.337,9258,2019-08-05 10:15:00
1114315,1114315,5679,2019-08-05 10:30:00-05,3.857,-3.393,9259,2019-08-05 10:30:00
1114316,1114316,5679,2019-08-05 10:45:00-05,3.973,-3.516,9260,2019-08-05 10:45:00
1114317,1114317,5679,2019-08-05 11:00:00-05,4.066,-3.687,9261,2019-08-05 11:00:00
1114318,1114318,5679,2019-08-05 11:15:00-05,4.157,-3.316,9262,2019-08-05 11:15:00
1114319,1114319,5679,2019-08-05 11:30:00-05,4.177,-3.714,9263,2019-08-05 11:30:00
1114320,1114320,5679,2019-08-05 11:45:00-05,4.156,-3.425,9264,2019-08-05 11:45:00
1114321,1114321,5679,2019-08-05 12:00:00-05,4.196,-3.453,9265,2019-08-05 12:00:00
1114322,1114322,5679,2019-08-05 12:15:00-05,4.235,-2.764,9266,2019-08-05 12:15:00
1114323,1114323,5679,2019-08-05 12:30:00-05,4.13,-3.032,9267,2019-08-05 12:30:00
1114324,1114324,5679,2019-08-05 12:45:00-05,4.055,-2.808,9268,2019-08-05 12:45:00
1114325,1114325,5679,2019-08-05 13:00:00-05,3.784,-2.011,9269,2019-08-05 13:00:00
1114326,1114326,5679,2019-08-05 13:15:00-05,3.589,-1.561,9270,2019-08-05 13:15:00
1114327,1114327,5679,2019-08-05 13:30:00-05,3.378,-1.092,9271,2019-08-05 13:30:00
1114328,1114328,5679,2019-08-05 13:45:00-05,2.975,-0.765,9272,2019-08-05 13:45:00
1114329,1114329,5679,2019-08-05 14:00:00-05,2.629,-0.356,9273,2019-08-05 14:00:00
1114330,1114330,5679,2019-08-05 14:15:00-05,2.295,0.608,9274,2019-08-05 14:15:00
1114331,1114331,5679,2019-08-05 14:30:00-05,1.927,0.876,9275,2019-08-05 14:30:00
1114332,1114332,5679,2019-08-05 14:45:00-05,1.591,0.996,9276,2019-08-05 14:45:00
1114333,1114333,5679,2019-08-05 15:00:00-05,1.167,1.485,9277,2019-08-05 15:00:00
1114334,1114334,5679,2019-08-05 15:15:00-05,0.995,1.82,9278,2019-08-05 15:15:00
1114335,1114335,5679,2019-08-05 15:30:00-05,0.766,1.979,9279,2019-08-05 15:30:00
1114336,1114336,5679,2019-08-05 15:45:00-05,0.623,2.487,9280,2019-08-05 15:45:00
1114337,1114337,5679,2019-08-05 16:00:00-05,0.533,2.128,9281,2019-08-05 16:00:00
1114338,1114338,5679,2019-08-05 16:15:00-05,0.344,2.607,9282,2019-08-05 16:15:00
1114339,1114339,5679,2019-08-05 16:30:00-05,0.317,2.574,9283,2019-08-05 16:30:00
1114340,1114340,5679,2019-08-05 16:45:00-05,0.3,2.26,9284,2019-08-05 16:45:00
1114341,1114341,5679,2019-08-05 17:00:00-05,0.285,1.08,9285,2019-08-05 17:00:00
1114342,1114342,5679,2019-08-05 17:15:00-05,0.266,0.117,9286,2019-08-05 17:15:00
1114343,1114343,5679,2019-08-05 17:30:00-05,0.244,0.086,9287,2019-08-05 17:30:00
1114344,1114344,5679,2019-08-05 17:45:00-05,0.212,0.179,9288,2019-08-05 17:45:00
1114345,1114345,5679,2019-08-05 18:00:00-05,0.175,0.409,9289,2019-08-05 18:00:00
1114346,1114346,5679,2019-08-05 18:15:00-05,0.134,0.636,9290,2019-08-05 18:15:00
1114347,1114347,5679,2019-08-05 18:30:00-05,0.097,0.659,9291,2019-08-05 18:30:00
1114348,1114348,5679,2019-08-05 18:45:00-05,0.06,0.829,9292,2019-08-05 18:45:00
1114349,1114349,5679,2019-08-05 19:00:00-05,0.027,0.558,9293,2019-08-05 19:00:00
1114350,1114350,5679,2019-08-05 19:15:00-05,0.006,0.736,9294,2019-08-05 19:15:00
1114351,1114351,5679,2019-08-05 19:30:00-05,0.006,0.546,9295,2019-08-05 19:30:00
1114352,1114352,5679,2019-08-05 19:45:00-05,0.006,1.601,9296,2019-08-05 19:45:00
1114353,1114353,5679,2019-08-05 20:00:00-05,0.004,2.86,9297,2019-08-05 20:00:00
1114354,1114354,5679,2019-08-05 20:15:00-05,0.005,2.323,9298,2019-08-05 20:15:00
1114355,1114355,5679,2019-08-05 20:30:00-05,0.004,1.439,9299,2019-08-05 20:30:00
1114356,1114356,5679,2019-08-05 20:45:00-05,0.005,1.489,9300,2019-08-05 20:45:00
1114357,1114357,5679,2019-08-05 21:00:00-05,0.005,1.305,9301,2019-08-05 21:00:00
1114358,1114358,5679,2019-08-05 21:15:00-05,0.005,0.903,9302,2019-08-05 21:15:00
1114359,1114359,5679,2019-08-05 21:30:00-05,0.005,1.304,9303,2019-08-05 21:30:00
1114360,1114360,5679,2019-08-05 21:45:00-05,0.005,0.613,9304,2019-08-05 21:45:00
1114361,1114361,5679,2019-08-05 22:00:00-05,0.006,0.364,9305,2019-08-05 22:00:00
1114362,1114362,5679,2019-08-05 22:15:00-05,0.006,0.389,9306,2019-08-05 22:15:00
1114363,1114363,5679,2019-08-05 22:30:00-05,0.006,0.319,9307,2019-08-05 22:30:00
1114364,1114364,5679,2019-08-05 22:45:00-05,0.006,0.353,9308,2019-08-05 22:45:00
1114365,1114365,5679,2019-08-05 23:00:00-05,0.006,0.318,9309,2019-08-05 23:00:00
1114366,1114366,5679,2019-08-05 23:15:00-05,0.006,0.407,9310,2019-08-05 23:15:00
1114367,1114367,5679,2019-08-05 23:30:00-05,0.006,0.44,9311,2019-08-05 23:30:00
1114368,1114368,5679,2019-08-05 23:45:00-05,0.006,0.423,9312,2019-08-05 23:45:00
1114369,1114369,5679,2019-08-06 00:00:00-05,0.006,0.425,9313,2019-08-06 00:00:00
1114370,1114370,5679,2019-08-06 00:15:00-05,0.006,0.292,9314,2019-08-06 00:15:00
1114371,1114371,5679,2019-08-06 00:30:00-05,0.006,0.347,9315,2019-08-06 00:30:00
1114372,1114372,5679,2019-08-06 00:45:00-05,0.006,0.177,9316,2019-08-06 00:45:00
1114373,1114373,5679,2019-08-06 01:00:00-05,0.006,0.252,9317,2019-08-06 01:00:00
1114374,1114374,5679,2019-08-06 01:15:00-05,0.006,0.174,9318,2019-08-06 01:15:00
1114375,1114375,5679,2019-08-06 01:30:00-05,0.006,0.249,9319,2019-08-06 01:30:00
1114376,1114376,5679,2019-08-06 01:45:00-05,0.006,0.174,9320,2019-08-06 01:45:00
1114377,1114377,5679,2019-08-06 02:00:00-05,0.006,0.251,9321,2019-08-06 02:00:00
1114378,1114378,5679,2019-08-06 02:15:00-05,0.006,0.293,9322,2019-08-06 02:15:00
1114379,1114379,5679,2019-08-06 02:30:00-05,0.006,0.327,9323,2019-08-06 02:30:00
1114380,1114380,5679,2019-08-06 02:45:00-05,0.006,0.314,9324,2019-08-06 02:45:00
1114381,1114381,5679,2019-08-06 03:00:00-05,0.006,0.303,9325,2019-08-06 03:00:00
1114382,1114382,5679,2019-08-06 03:15:00-05,0.006,0.406,9326,2019-08-06 03:15:00
1114383,1114383,5679,2019-08-06 03:30:00-05,0.006,0.321,9327,2019-08-06 03:30:00
1114384,1114384,5679,2019-08-06 03:45:00-05,0.006,0.362,9328,2019-08-06 03:45:00
1114385,1114385,5679,2019-08-06 04:00:00-05,0.006,0.288,9329,2019-08-06 04:00:00
1114386,1114386,5679,2019-08-06 04:15:00-05,0.006,0.359,9330,2019-08-06 04:15:00
1114387,1114387,5679,2019-08-06 04:30:00-05,0.006,0.286,9331,2019-08-06 04:30:00
1114388,1114388,5679,2019-08-06 04:45:00-05,0.006,0.37,9332,2019-08-06 04:45:00
1114389,1114389,5679,2019-08-06 05:00:00-05,0.014,0.726,9333,2019-08-06 05:00:00
1114390,1114390,5679,2019-08-06 05:15:00-05,0.041,0.932,9334,2019-08-06 05:15:00
1114391,1114391,5679,2019-08-06 05:30:00-05,0.068,0.325,9335,2019-08-06 05:30:00
1114392,1114392,5679,2019-08-06 05:45:00-05,0.104,0.208,9336,2019-08-06 05:45:00
1114393,1114393,5679,2019-08-06 06:00:00-05,0.144,0.22,9337,2019-08-06 06:00:00
1114394,1114394,5679,2019-08-06 06:15:00-05,0.297,0.199,9338,2019-08-06 06:15:00
1114395,1114395,5679,2019-08-06 06:30:00-05,0.436,0.23,9339,2019-08-06 06:30:00
1114396,1114396,5679,2019-08-06 06:45:00-05,0.422,-0.102,9340,2019-08-06 06:45:00
1114397,1114397,5679,2019-08-06 07:00:00-05,0.54,-0.19,9341,2019-08-06 07:00:00
1114398,1114398,5679,2019-08-06 07:15:00-05,0.774,-0.382,9342,2019-08-06 07:15:00
1114399,1114399,5679,2019-08-06 07:30:00-05,0.771,-0.087,9343,2019-08-06 07:30:00
1114400,1114400,5679,2019-08-06 07:45:00-05,0.865,0.394,9344,2019-08-06 07:45:00
1114401,1114401,5679,2019-08-06 08:00:00-05,1.16,-0.195,9345,2019-08-06 08:00:00
1114402,1114402,5679,2019-08-06 08:15:00-05,1.373,-0.268,9346,2019-08-06 08:15:00
1114403,1114403,5679,2019-08-06 08:30:00-05,1.596,-0.527,9347,2019-08-06 08:30:00
1114404,1114404,5679,2019-08-06 08:45:00-05,2.023,-0.849,9348,2019-08-06 08:45:00
1114405,1114405,5679,2019-08-06 09:00:00-05,2.112,-1.125,9349,2019-08-06 09:00:00
1114406,1114406,5679,2019-08-06 09:15:00-05,2.634,-1.749,9350,2019-08-06 09:15:00
1114407,1114407,5679,2019-08-06 09:30:00-05,1.78,-1.384,9351,2019-08-06 09:30:00
1114408,1114408,5679,2019-08-06 09:45:00-05,2.542,-2.289,9352,2019-08-06 09:45:00
1114409,1114409,5679,2019-08-06 10:00:00-05,1.233,-1.077,9353,2019-08-06 10:00:00
1114410,1114410,5679,2019-08-06 10:15:00-05,1.114,0.083,9354,2019-08-06 10:15:00
1114411,1114411,5679,2019-08-06 10:30:00-05,1.261,0.78,9355,2019-08-06 10:30:00
1114412,1114412,5679,2019-08-06 10:45:00-05,2.222,0.305,9356,2019-08-06 10:45:00
1114413,1114413,5679,2019-08-06 11:00:00-05,2.71,-0.361,9357,2019-08-06 11:00:00
1114414,1114414,5679,2019-08-06 11:15:00-05,3.922,-1.25,9358,2019-08-06 11:15:00
1114415,1114415,5679,2019-08-06 11:30:00-05,4.018,-3.561,9359,2019-08-06 11:30:00
1114416,1114416,5679,2019-08-06 11:45:00-05,3.973,-3.501,9360,2019-08-06 11:45:00
1114417,1114417,5679,2019-08-06 12:00:00-05,4.072,-3.702,9361,2019-08-06 12:00:00
1114418,1114418,5679,2019-08-06 12:15:00-05,3.216,-2.82,9362,2019-08-06 12:15:00
1114419,1114419,5679,2019-08-06 12:30:00-05,0.939,-0.218,9363,2019-08-06 12:30:00
1114420,1114420,5679,2019-08-06 12:45:00-05,0.415,0.295,9364,2019-08-06 12:45:00
1114421,1114421,5679,2019-08-06 13:00:00-05,2.378,-1.755,9365,2019-08-06 13:00:00
1114422,1114422,5679,2019-08-06 13:15:00-05,3.86,-3.035,9366,2019-08-06 13:15:00
1114423,1114423,5679,2019-08-06 13:30:00-05,3.35,-2.248,9367,2019-08-06 13:30:00
1114424,1114424,5679,2019-08-06 13:45:00-05,2.567,-0.418,9368,2019-08-06 13:45:00
1114425,1114425,5679,2019-08-06 14:00:00-05,2.534,0.222,9369,2019-08-06 14:00:00
1114426,1114426,5679,2019-08-06 14:15:00-05,2.246,0.673,9370,2019-08-06 14:15:00
1114427,1114427,5679,2019-08-06 14:30:00-05,2.104,0.881,9371,2019-08-06 14:30:00
1114428,1114428,5679,2019-08-06 14:45:00-05,0.233,2.484,9372,2019-08-06 14:45:00
1114429,1114429,5679,2019-08-06 15:00:00-05,0.056,1.313,9373,2019-08-06 15:00:00
1114430,1114430,5679,2019-08-06 15:15:00-05,0.061,1.045,9374,2019-08-06 15:15:00
1114431,1114431,5679,2019-08-06 15:30:00-05,0.219,0.704,9375,2019-08-06 15:30:00
1114432,1114432,5679,2019-08-06 15:45:00-05,0.383,1.406,9376,2019-08-06 15:45:00
1114433,1114433,5679,2019-08-06 16:00:00-05,0.54,0.983,9377,2019-08-06 16:00:00
1114434,1114434,5679,2019-08-06 16:15:00-05,0.442,1.319,9378,2019-08-06 16:15:00
1114435,1114435,5679,2019-08-06 16:30:00-05,0.141,1.497,9379,2019-08-06 16:30:00
1114436,1114436,5679,2019-08-06 16:45:00-05,0.262,1.402,9380,2019-08-06 16:45:00
1114437,1114437,5679,2019-08-06 17:00:00-05,0.248,1.638,9381,2019-08-06 17:00:00
1114438,1114438,5679,2019-08-06 17:15:00-05,0.207,1.496,9382,2019-08-06 17:15:00
1114439,1114439,5679,2019-08-06 17:30:00-05,0.319,1.369,9383,2019-08-06 17:30:00
1114440,1114440,5679,2019-08-06 17:45:00-05,0.269,1.004,9384,2019-08-06 17:45:00
1114441,1114441,5679,2019-08-06 18:00:00-05,0.337,0.739,9385,2019-08-06 18:00:00
1114442,1114442,5679,2019-08-06 18:15:00-05,0.106,0.889,9386,2019-08-06 18:15:00
1114443,1114443,5679,2019-08-06 18:30:00-05,0.039,0.97,9387,2019-08-06 18:30:00
1114444,1114444,5679,2019-08-06 18:45:00-05,0.013,0.852,9388,2019-08-06 18:45:00
1114445,1114445,5679,2019-08-06 19:00:00-05,0.009,0.775,9389,2019-08-06 19:00:00
1114446,1114446,5679,2019-08-06 19:15:00-05,0.005,0.496,9390,2019-08-06 19:15:00
1114447,1114447,5679,2019-08-06 19:30:00-05,0.005,0.902,9391,2019-08-06 19:30:00
1114448,1114448,5679,2019-08-06 19:45:00-05,0.005,0.791,9392,2019-08-06 19:45:00
1114449,1114449,5679,2019-08-06 20:00:00-05,0.005,0.805,9393,2019-08-06 20:00:00
1114450,1114450,5679,2019-08-06 20:15:00-05,0.005,1.544,9394,2019-08-06 20:15:00
1114451,1114451,5679,2019-08-06 20:30:00-05,0.005,1.488,9395,2019-08-06 20:30:00
1114452,1114452,5679,2019-08-06 20:45:00-05,0.005,1.215,9396,2019-08-06 20:45:00
1114453,1114453,5679,2019-08-06 21:00:00-05,0.005,1.175,9397,2019-08-06 21:00:00
1114454,1114454,5679,2019-08-06 21:15:00-05,0.005,0.889,9398,2019-08-06 21:15:00
1114455,1114455,5679,2019-08-06 21:30:00-05,0.005,0.876,9399,2019-08-06 21:30:00
1114456,1114456,5679,2019-08-06 21:45:00-05,0.005,0.631,9400,2019-08-06 21:45:00
1114457,1114457,5679,2019-08-06 22:00:00-05,0.005,0.654,9401,2019-08-06 22:00:00
1114458,1114458,5679,2019-08-06 22:15:00-05,0.006,0.513,9402,2019-08-06 22:15:00
1114459,1114459,5679,2019-08-06 22:30:00-05,0.006,0.578,9403,2019-08-06 22:30:00
1114460,1114460,5679,2019-08-06 22:45:00-05,0.006,0.382,9404,2019-08-06 22:45:00
1114461,1114461,5679,2019-08-06 23:00:00-05,0.006,0.354,9405,2019-08-06 23:00:00
1114462,1114462,5679,2019-08-06 23:15:00-05,0.006,0.405,9406,2019-08-06 23:15:00
1114463,1114463,5679,2019-08-06 23:30:00-05,0.006,0.553,9407,2019-08-06 23:30:00
1114464,1114464,5679,2019-08-06 23:45:00-05,0.006,0.498,9408,2019-08-06 23:45:00
1114465,1114465,5679,2019-08-07 00:00:00-05,0.006,0.455,9409,2019-08-07 00:00:00
1114466,1114466,5679,2019-08-07 00:15:00-05,0.006,0.524,9410,2019-08-07 00:15:00
1114467,1114467,5679,2019-08-07 00:30:00-05,0.006,0.454,9411,2019-08-07 00:30:00
1114468,1114468,5679,2019-08-07 00:45:00-05,0.006,0.502,9412,2019-08-07 00:45:00
1114469,1114469,5679,2019-08-07 01:00:00-05,0.006,0.476,9413,2019-08-07 01:00:00
1114470,1114470,5679,2019-08-07 01:15:00-05,0.006,0.409,9414,2019-08-07 01:15:00
1114471,1114471,5679,2019-08-07 01:30:00-05,0.006,0.392,9415,2019-08-07 01:30:00
1114472,1114472,5679,2019-08-07 01:45:00-05,0.006,0.341,9416,2019-08-07 01:45:00
1114473,1114473,5679,2019-08-07 02:00:00-05,0.006,0.416,9417,2019-08-07 02:00:00
1114474,1114474,5679,2019-08-07 02:15:00-05,0.006,0.319,9418,2019-08-07 02:15:00
1114475,1114475,5679,2019-08-07 02:30:00-05,0.006,0.304,9419,2019-08-07 02:30:00
1114476,1114476,5679,2019-08-07 02:45:00-05,0.006,0.238,9420,2019-08-07 02:45:00
1114477,1114477,5679,2019-08-07 03:00:00-05,0.006,0.353,9421,2019-08-07 03:00:00
1114478,1114478,5679,2019-08-07 03:15:00-05,0.006,0.441,9422,2019-08-07 03:15:00
1114479,1114479,5679,2019-08-07 03:30:00-05,0.006,0.388,9423,2019-08-07 03:30:00
1114480,1114480,5679,2019-08-07 03:45:00-05,0.006,0.463,9424,2019-08-07 03:45:00
1114481,1114481,5679,2019-08-07 04:00:00-05,0.006,0.385,9425,2019-08-07 04:00:00
1114482,1114482,5679,2019-08-07 04:15:00-05,0.006,0.354,9426,2019-08-07 04:15:00
1114483,1114483,5679,2019-08-07 04:30:00-05,0.006,0.286,9427,2019-08-07 04:30:00
1114484,1114484,5679,2019-08-07 04:45:00-05,0.006,0.299,9428,2019-08-07 04:45:00
1114485,1114485,5679,2019-08-07 05:00:00-05,0.01,0.737,9429,2019-08-07 05:00:00
1114486,1114486,5679,2019-08-07 05:15:00-05,0.023,0.559,9430,2019-08-07 05:15:00
1114487,1114487,5679,2019-08-07 05:30:00-05,0.086,0.291,9431,2019-08-07 05:30:00
1114488,1114488,5679,2019-08-07 05:45:00-05,0.198,0.365,9432,2019-08-07 05:45:00
1114489,1114489,5679,2019-08-07 06:00:00-05,0.163,0.565,9433,2019-08-07 06:00:00
1114490,1114490,5679,2019-08-07 06:15:00-05,0.207,0.245,9434,2019-08-07 06:15:00
1114491,1114491,5679,2019-08-07 06:30:00-05,0.491,-0.2,9435,2019-08-07 06:30:00
1114492,1114492,5679,2019-08-07 06:45:00-05,0.462,-0.03,9436,2019-08-07 06:45:00
1114493,1114493,5679,2019-08-07 07:00:00-05,0.657,-0.042,9437,2019-08-07 07:00:00
1114494,1114494,5679,2019-08-07 07:15:00-05,0.516,-0.267,9438,2019-08-07 07:15:00
1114495,1114495,5679,2019-08-07 07:30:00-05,0.508,-0.211,9439,2019-08-07 07:30:00
1114496,1114496,5679,2019-08-07 07:45:00-05,0.443,-0.105,9440,2019-08-07 07:45:00
1114497,1114497,5679,2019-08-07 08:00:00-05,0.427,-0.087,9441,2019-08-07 08:00:00
1114498,1114498,5679,2019-08-07 08:15:00-05,0.979,-0.679,9442,2019-08-07 08:15:00
1114499,1114499,5679,2019-08-07 08:30:00-05,1.093,-0.754,9443,2019-08-07 08:30:00
1114500,1114500,5679,2019-08-07 08:45:00-05,1.117,-0.829,9444,2019-08-07 08:45:00
1114501,1114501,5679,2019-08-07 09:00:00-05,0.85,-0.401,9445,2019-08-07 09:00:00
1114502,1114502,5679,2019-08-07 09:15:00-05,0.973,-0.525,9446,2019-08-07 09:15:00
1114503,1114503,5679,2019-08-07 09:30:00-05,1.363,-0.887,9447,2019-08-07 09:30:00
1114504,1114504,5679,2019-08-07 09:45:00-05,0.914,-0.472,9448,2019-08-07 09:45:00
1114505,1114505,5679,2019-08-07 10:00:00-05,0.955,-0.622,9449,2019-08-07 10:00:00
1114506,1114506,5679,2019-08-07 10:15:00-05,0.937,-0.574,9450,2019-08-07 10:15:00
1114507,1114507,5679,2019-08-07 10:30:00-05,0.918,-0.629,9451,2019-08-07 10:30:00
1114508,1114508,5679,2019-08-07 10:45:00-05,2.883,-2.528,9452,2019-08-07 10:45:00
1114509,1114509,5679,2019-08-07 11:00:00-05,1.794,-1.502,9453,2019-08-07 11:00:00
1114510,1114510,5679,2019-08-07 11:15:00-05,0.778,-0.427,9454,2019-08-07 11:15:00
1114511,1114511,5679,2019-08-07 11:30:00-05,2.402,-2.118,9455,2019-08-07 11:30:00
1114512,1114512,5679,2019-08-07 11:45:00-05,2.804,-2.083,9456,2019-08-07 11:45:00
1114513,1114513,5679,2019-08-07 12:00:00-05,0.825,0.339,9457,2019-08-07 12:00:00
1114514,1114514,5679,2019-08-07 12:15:00-05,0.893,-0.532,9458,2019-08-07 12:15:00
1114515,1114515,5679,2019-08-07 12:30:00-05,1.898,-0.803,9459,2019-08-07 12:30:00
1114516,1114516,5679,2019-08-07 12:45:00-05,1.685,-0.711,9460,2019-08-07 12:45:00
1114517,1114517,5679,2019-08-07 13:00:00-05,0.828,-0.051,9461,2019-08-07 13:00:00
1114518,1114518,5679,2019-08-07 13:15:00-05,1.464,-0.528,9462,2019-08-07 13:15:00
1114519,1114519,5679,2019-08-07 13:30:00-05,3.287,-2.353,9463,2019-08-07 13:30:00
1114520,1114520,5679,2019-08-07 13:45:00-05,1.632,-0.595,9464,2019-08-07 13:45:00
1114521,1114521,5679,2019-08-07 14:00:00-05,2.616,-1.743,9465,2019-08-07 14:00:00
1114522,1114522,5679,2019-08-07 14:15:00-05,2.4,-1.549,9466,2019-08-07 14:15:00
1114523,1114523,5679,2019-08-07 14:30:00-05,1.316,4.01,9467,2019-08-07 14:30:00
1114524,1114524,5679,2019-08-07 14:45:00-05,0.905,7.07,9468,2019-08-07 14:45:00
1114525,1114525,5679,2019-08-07 15:00:00-05,1.776,6.13,9469,2019-08-07 15:00:00
1114526,1114526,5679,2019-08-07 15:15:00-05,1.18,6.756,9470,2019-08-07 15:15:00
1114527,1114527,5679,2019-08-07 15:30:00-05,0.486,7.448,9471,2019-08-07 15:30:00
1114528,1114528,5679,2019-08-07 15:45:00-05,0.886,7.048,9472,2019-08-07 15:45:00
1114529,1114529,5679,2019-08-07 16:00:00-05,1.34,6.54,9473,2019-08-07 16:00:00
1114530,1114530,5679,2019-08-07 16:15:00-05,1.039,2.553,9474,2019-08-07 16:15:00
1114531,1114531,5679,2019-08-07 16:30:00-05,0.922,-0.138,9475,2019-08-07 16:30:00
1114532,1114532,5679,2019-08-07 16:45:00-05,0.816,0.144,9476,2019-08-07 16:45:00
1114533,1114533,5679,2019-08-07 17:00:00-05,0.687,0.136,9477,2019-08-07 17:00:00
1114534,1114534,5679,2019-08-07 17:15:00-05,0.469,0.471,9478,2019-08-07 17:15:00
1114535,1114535,5679,2019-08-07 17:30:00-05,0.286,0.593,9479,2019-08-07 17:30:00
1114536,1114536,5679,2019-08-07 17:45:00-05,0.238,0.823,9480,2019-08-07 17:45:00
1114537,1114537,5679,2019-08-07 18:00:00-05,0.215,0.76,9481,2019-08-07 18:00:00
1114538,1114538,5679,2019-08-07 18:15:00-05,0.126,0.835,9482,2019-08-07 18:15:00
1114539,1114539,5679,2019-08-07 18:30:00-05,0.069,1.023,9483,2019-08-07 18:30:00
1114540,1114540,5679,2019-08-07 18:45:00-05,0.023,1.273,9484,2019-08-07 18:45:00
1114541,1114541,5679,2019-08-07 19:00:00-05,0.005,0.99,9485,2019-08-07 19:00:00
1114542,1114542,5679,2019-08-07 19:15:00-05,0.005,0.793,9486,2019-08-07 19:15:00
1114543,1114543,5679,2019-08-07 19:30:00-05,0.005,0.725,9487,2019-08-07 19:30:00
1114544,1114544,5679,2019-08-07 19:45:00-05,0.005,1.018,9488,2019-08-07 19:45:00
1114545,1114545,5679,2019-08-07 20:00:00-05,0.005,0.738,9489,2019-08-07 20:00:00
1114546,1114546,5679,2019-08-07 20:15:00-05,0.005,0.662,9490,2019-08-07 20:15:00
1114547,1114547,5679,2019-08-07 20:30:00-05,0.005,0.519,9491,2019-08-07 20:30:00
1114548,1114548,5679,2019-08-07 20:45:00-05,0.005,0.566,9492,2019-08-07 20:45:00
1114549,1114549,5679,2019-08-07 21:00:00-05,0.006,0.446,9493,2019-08-07 21:00:00
1114550,1114550,5679,2019-08-07 21:15:00-05,0.006,0.331,9494,2019-08-07 21:15:00
1114551,1114551,5679,2019-08-07 21:30:00-05,0.006,0.337,9495,2019-08-07 21:30:00
1114552,1114552,5679,2019-08-07 21:45:00-05,0.006,0.311,9496,2019-08-07 21:45:00
1114553,1114553,5679,2019-08-07 22:00:00-05,0.006,0.421,9497,2019-08-07 22:00:00
1114554,1114554,5679,2019-08-07 22:15:00-05,0.006,0.35,9498,2019-08-07 22:15:00
1114555,1114555,5679,2019-08-07 22:30:00-05,0.006,0.481,9499,2019-08-07 22:30:00
1114556,1114556,5679,2019-08-07 22:45:00-05,0.006,0.459,9500,2019-08-07 22:45:00
1114557,1114557,5679,2019-08-07 23:00:00-05,0.006,0.51,9501,2019-08-07 23:00:00
1114558,1114558,5679,2019-08-07 23:15:00-05,0.006,0.411,9502,2019-08-07 23:15:00
1114559,1114559,5679,2019-08-07 23:30:00-05,0.006,0.437,9503,2019-08-07 23:30:00
1114560,1114560,5679,2019-08-07 23:45:00-05,0.006,0.392,9504,2019-08-07 23:45:00
1114561,1114561,5679,2019-08-08 00:00:00-05,0.006,0.243,9505,2019-08-08 00:00:00
1114562,1114562,5679,2019-08-08 00:15:00-05,0.006,0.276,9506,2019-08-08 00:15:00
1114563,1114563,5679,2019-08-08 00:30:00-05,0.006,0.29,9507,2019-08-08 00:30:00
1114564,1114564,5679,2019-08-08 00:45:00-05,0.006,0.361,9508,2019-08-08 00:45:00
1114565,1114565,5679,2019-08-08 01:00:00-05,0.006,0.289,9509,2019-08-08 01:00:00
1114566,1114566,5679,2019-08-08 01:15:00-05,0.006,0.425,9510,2019-08-08 01:15:00
1114567,1114567,5679,2019-08-08 01:30:00-05,0.006,0.407,9511,2019-08-08 01:30:00
1114568,1114568,5679,2019-08-08 01:45:00-05,0.006,0.446,9512,2019-08-08 01:45:00
1114569,1114569,5679,2019-08-08 02:00:00-05,0.006,0.419,9513,2019-08-08 02:00:00
1114570,1114570,5679,2019-08-08 02:15:00-05,0.006,0.412,9514,2019-08-08 02:15:00
1114571,1114571,5679,2019-08-08 02:30:00-05,0.006,0.447,9515,2019-08-08 02:30:00
1114572,1114572,5679,2019-08-08 02:45:00-05,0.006,0.348,9516,2019-08-08 02:45:00
1114573,1114573,5679,2019-08-08 03:00:00-05,0.006,0.36,9517,2019-08-08 03:00:00
1114574,1114574,5679,2019-08-08 03:15:00-05,0.006,0.285,9518,2019-08-08 03:15:00
1114575,1114575,5679,2019-08-08 03:30:00-05,0.006,0.358,9519,2019-08-08 03:30:00
1114576,1114576,5679,2019-08-08 03:45:00-05,0.006,0.285,9520,2019-08-08 03:45:00
1114577,1114577,5679,2019-08-08 04:00:00-05,0.006,0.339,9521,2019-08-08 04:00:00
1114578,1114578,5679,2019-08-08 04:15:00-05,0.006,0.32,9522,2019-08-08 04:15:00
1114579,1114579,5679,2019-08-08 04:30:00-05,0.005,0.94,9523,2019-08-08 04:30:00
1114580,1114580,5679,2019-08-08 04:45:00-05,0.006,0.745,9524,2019-08-08 04:45:00
1114581,1114581,5679,2019-08-08 05:00:00-05,0.007,0.779,9525,2019-08-08 05:00:00
1114582,1114582,5679,2019-08-08 05:15:00-05,0.034,0.552,9526,2019-08-08 05:15:00
1114583,1114583,5679,2019-08-08 05:30:00-05,0.065,0.798,9527,2019-08-08 05:30:00
1114584,1114584,5679,2019-08-08 05:45:00-05,0.094,0.737,9528,2019-08-08 05:45:00
1114585,1114585,5679,2019-08-08 06:00:00-05,0.129,0.523,9529,2019-08-08 06:00:00
1114586,1114586,5679,2019-08-08 06:15:00-05,0.169,0.852,9530,2019-08-08 06:15:00
1114587,1114587,5679,2019-08-08 06:30:00-05,0.241,4.537,9531,2019-08-08 06:30:00
1114588,1114588,5679,2019-08-08 06:45:00-05,0.314,4.73,9532,2019-08-08 06:45:00
1114589,1114589,5679,2019-08-08 07:00:00-05,0.349,4.235,9533,2019-08-08 07:00:00
1114590,1114590,5679,2019-08-08 07:15:00-05,0.365,1.985,9534,2019-08-08 07:15:00
1114591,1114591,5679,2019-08-08 07:30:00-05,0.398,0.958,9535,2019-08-08 07:30:00
1114592,1114592,5679,2019-08-08 07:45:00-05,0.593,0.487,9536,2019-08-08 07:45:00
1114593,1114593,5679,2019-08-08 08:00:00-05,1.157,-0.152,9537,2019-08-08 08:00:00
1114594,1114594,5679,2019-08-08 08:15:00-05,1.589,-0.92,9538,2019-08-08 08:15:00
1114595,1114595,5679,2019-08-08 08:30:00-05,1.857,-1.234,9539,2019-08-08 08:30:00
1114596,1114596,5679,2019-08-08 08:45:00-05,2.151,-1.721,9540,2019-08-08 08:45:00
1114597,1114597,5679,2019-08-08 09:00:00-05,2.728,-1.958,9541,2019-08-08 09:00:00
1114598,1114598,5679,2019-08-08 09:15:00-05,2.71,-1.884,9542,2019-08-08 09:15:00
1114599,1114599,5679,2019-08-08 09:30:00-05,2.971,-2.255,9543,2019-08-08 09:30:00
1114600,1114600,5679,2019-08-08 09:45:00-05,3.187,-2.256,9544,2019-08-08 09:45:00
1114601,1114601,5679,2019-08-08 10:00:00-05,3.409,-2.298,9545,2019-08-08 10:00:00
1114602,1114602,5679,2019-08-08 10:15:00-05,3.511,-2.378,9546,2019-08-08 10:15:00
1114603,1114603,5679,2019-08-08 10:30:00-05,3.633,-2.492,9547,2019-08-08 10:30:00
1114604,1114604,5679,2019-08-08 10:45:00-05,3.836,-2.629,9548,2019-08-08 10:45:00
1114605,1114605,5679,2019-08-08 11:00:00-05,3.039,-1.892,9549,2019-08-08 11:00:00
1114606,1114606,5679,2019-08-08 11:15:00-05,2.948,-1.743,9550,2019-08-08 11:15:00
1114607,1114607,5679,2019-08-08 11:30:00-05,3.783,-2.691,9551,2019-08-08 11:30:00
1114608,1114608,5679,2019-08-08 11:45:00-05,2.56,-0.666,9552,2019-08-08 11:45:00
1114609,1114609,5679,2019-08-08 12:00:00-05,3.017,-1.07,9553,2019-08-08 12:00:00
1114610,1114610,5679,2019-08-08 12:15:00-05,3.945,-1.878,9554,2019-08-08 12:15:00
1114611,1114611,5679,2019-08-08 12:30:00-05,2.73,-0.633,9555,2019-08-08 12:30:00
1114612,1114612,5679,2019-08-08 12:45:00-05,2.072,-0.572,9556,2019-08-08 12:45:00
1114613,1114613,5679,2019-08-08 13:00:00-05,1.703,-0.652,9557,2019-08-08 13:00:00
1114614,1114614,5679,2019-08-08 13:15:00-05,0.018,1.143,9558,2019-08-08 13:15:00
1114615,1114615,5679,2019-08-08 13:30:00-05,0.045,0.314,9559,2019-08-08 13:30:00
1114616,1114616,5679,2019-08-08 13:45:00-05,0.031,0.475,9560,2019-08-08 13:45:00
1114617,1114617,5679,2019-08-08 14:00:00-05,0.032,1.06,9561,2019-08-08 14:00:00
1114618,1114618,5679,2019-08-08 14:15:00-05,0.068,1.344,9562,2019-08-08 14:15:00
1114619,1114619,5679,2019-08-08 14:30:00-05,0.229,1.192,9563,2019-08-08 14:30:00
1114620,1114620,5679,2019-08-08 14:45:00-05,0.336,0.716,9564,2019-08-08 14:45:00
1114621,1114621,5679,2019-08-08 15:00:00-05,0.275,0.188,9565,2019-08-08 15:00:00
1114622,1114622,5679,2019-08-08 15:15:00-05,0.333,0.061,9566,2019-08-08 15:15:00
1114623,1114623,5679,2019-08-08 15:30:00-05,0.857,-0.229,9567,2019-08-08 15:30:00
1114624,1114624,5679,2019-08-08 15:45:00-05,1.434,-1.108,9568,2019-08-08 15:45:00
1114625,1114625,5679,2019-08-08 16:00:00-05,0.782,-0.275,9569,2019-08-08 16:00:00
1114626,1114626,5679,2019-08-08 16:15:00-05,0.893,-0.396,9570,2019-08-08 16:15:00
1114627,1114627,5679,2019-08-08 16:30:00-05,0.726,-0.22,9571,2019-08-08 16:30:00
1114628,1114628,5679,2019-08-08 16:45:00-05,0.571,-0.121,9572,2019-08-08 16:45:00
1114629,1114629,5679,2019-08-08 17:00:00-05,0.635,-0.238,9573,2019-08-08 17:00:00
1114630,1114630,5679,2019-08-08 17:15:00-05,0.449,0.083,9574,2019-08-08 17:15:00
1114631,1114631,5679,2019-08-08 17:30:00-05,0.307,0.121,9575,2019-08-08 17:30:00
1114632,1114632,5679,2019-08-08 17:45:00-05,0.188,0.216,9576,2019-08-08 17:45:00
1114633,1114633,5679,2019-08-08 18:00:00-05,0.101,0.141,9577,2019-08-08 18:00:00
1114634,1114634,5679,2019-08-08 18:15:00-05,0.083,0.139,9578,2019-08-08 18:15:00
1114635,1114635,5679,2019-08-08 18:30:00-05,0.093,0.085,9579,2019-08-08 18:30:00
1114636,1114636,5679,2019-08-08 18:45:00-05,0.134,0.051,9580,2019-08-08 18:45:00
1114637,1114637,5679,2019-08-08 19:00:00-05,0.044,0.169,9581,2019-08-08 19:00:00
1114638,1114638,5679,2019-08-08 19:15:00-05,0.013,0.205,9582,2019-08-08 19:15:00
1114639,1114639,5679,2019-08-08 19:30:00-05,0.006,0.341,9583,2019-08-08 19:30:00
1114640,1114640,5679,2019-08-08 19:45:00-05,0.005,1.462,9584,2019-08-08 19:45:00
1114641,1114641,5679,2019-08-08 20:00:00-05,0.004,2.34,9585,2019-08-08 20:00:00
1114642,1114642,5679,2019-08-08 20:15:00-05,0.005,2.205,9586,2019-08-08 20:15:00
1114643,1114643,5679,2019-08-08 20:30:00-05,0.005,1.775,9587,2019-08-08 20:30:00
1114644,1114644,5679,2019-08-08 20:45:00-05,0.004,1.834,9588,2019-08-08 20:45:00
1114645,1114645,5679,2019-08-08 21:00:00-05,0.005,1.329,9589,2019-08-08 21:00:00
1114646,1114646,5679,2019-08-08 21:15:00-05,0.005,1.161,9590,2019-08-08 21:15:00
1114647,1114647,5679,2019-08-08 21:30:00-05,0.005,0.987,9591,2019-08-08 21:30:00
1114648,1114648,5679,2019-08-08 21:45:00-05,0.005,0.909,9592,2019-08-08 21:45:00
1114649,1114649,5679,2019-08-08 22:00:00-05,0.006,0.397,9593,2019-08-08 22:00:00
1114650,1114650,5679,2019-08-08 22:15:00-05,0.006,0.456,9594,2019-08-08 22:15:00
1114651,1114651,5679,2019-08-08 22:30:00-05,0.006,0.292,9595,2019-08-08 22:30:00
1114652,1114652,5679,2019-08-08 22:45:00-05,0.006,0.359,9596,2019-08-08 22:45:00
1114653,1114653,5679,2019-08-08 23:00:00-05,0.006,0.291,9597,2019-08-08 23:00:00
1114654,1114654,5679,2019-08-08 23:15:00-05,0.006,0.333,9598,2019-08-08 23:15:00
1114655,1114655,5679,2019-08-08 23:30:00-05,0.006,0.301,9599,2019-08-08 23:30:00
1114656,1114656,5679,2019-08-08 23:45:00-05,0.006,0.291,9600,2019-08-08 23:45:00
1114657,1114657,5679,2019-08-09 00:00:00-05,0.006,0.433,9601,2019-08-09 00:00:00
1114658,1114658,5679,2019-08-09 00:15:00-05,0.006,0.395,9602,2019-08-09 00:15:00
1114659,1114659,5679,2019-08-09 00:30:00-05,0.006,0.384,9603,2019-08-09 00:30:00
1114660,1114660,5679,2019-08-09 00:45:00-05,0.006,0.281,9604,2019-08-09 00:45:00
1114661,1114661,5679,2019-08-09 01:00:00-05,0.006,0.343,9605,2019-08-09 01:00:00
1114662,1114662,5679,2019-08-09 01:15:00-05,0.006,0.258,9606,2019-08-09 01:15:00
1114663,1114663,5679,2019-08-09 01:30:00-05,0.006,0.221,9607,2019-08-09 01:30:00
1114664,1114664,5679,2019-08-09 01:45:00-05,0.006,0.191,9608,2019-08-09 01:45:00
1114665,1114665,5679,2019-08-09 02:00:00-05,0.006,0.192,9609,2019-08-09 02:00:00
1114666,1114666,5679,2019-08-09 02:15:00-05,0.006,0.217,9610,2019-08-09 02:15:00
1114667,1114667,5679,2019-08-09 02:30:00-05,0.007,0.174,9611,2019-08-09 02:30:00
1114668,1114668,5679,2019-08-09 02:45:00-05,0.006,0.25,9612,2019-08-09 02:45:00
1114669,1114669,5679,2019-08-09 03:00:00-05,0.006,0.287,9613,2019-08-09 03:00:00
1114670,1114670,5679,2019-08-09 03:15:00-05,0.006,0.347,9614,2019-08-09 03:15:00
1114671,1114671,5679,2019-08-09 03:30:00-05,0.006,0.282,9615,2019-08-09 03:30:00
1114672,1114672,5679,2019-08-09 03:45:00-05,0.006,0.32,9616,2019-08-09 03:45:00
1114673,1114673,5679,2019-08-09 04:00:00-05,0.006,0.304,9617,2019-08-09 04:00:00
1114674,1114674,5679,2019-08-09 04:15:00-05,0.006,0.248,9618,2019-08-09 04:15:00
1114675,1114675,5679,2019-08-09 04:30:00-05,0.006,0.221,9619,2019-08-09 04:30:00
1114676,1114676,5679,2019-08-09 04:45:00-05,0.006,0.171,9620,2019-08-09 04:45:00
1114677,1114677,5679,2019-08-09 05:00:00-05,0.008,0.845,9621,2019-08-09 05:00:00
1114678,1114678,5679,2019-08-09 05:15:00-05,0.033,0.279,9622,2019-08-09 05:15:00
1114679,1114679,5679,2019-08-09 05:30:00-05,0.083,0.453,9623,2019-08-09 05:30:00
1114680,1114680,5679,2019-08-09 05:45:00-05,0.133,0.459,9624,2019-08-09 05:45:00
1114681,1114681,5679,2019-08-09 06:00:00-05,0.125,0.483,9625,2019-08-09 06:00:00
1114682,1114682,5679,2019-08-09 06:15:00-05,0.162,0.255,9626,2019-08-09 06:15:00
1114683,1114683,5679,2019-08-09 06:30:00-05,0.196,0.239,9627,2019-08-09 06:30:00
1114684,1114684,5679,2019-08-09 06:45:00-05,0.233,0.196,9628,2019-08-09 06:45:00
1114685,1114685,5679,2019-08-09 07:00:00-05,0.282,0.131,9629,2019-08-09 07:00:00
1114686,1114686,5679,2019-08-09 07:15:00-05,0.332,0.104,9630,2019-08-09 07:15:00
1114687,1114687,5679,2019-08-09 07:30:00-05,0.361,-0.048,9631,2019-08-09 07:30:00
1114688,1114688,5679,2019-08-09 07:45:00-05,0.541,-0.154,9632,2019-08-09 07:45:00
1114689,1114689,5679,2019-08-09 08:00:00-05,1.183,-0.876,9633,2019-08-09 08:00:00
1114690,1114690,5679,2019-08-09 08:15:00-05,1.654,-1.276,9634,2019-08-09 08:15:00
1114691,1114691,5679,2019-08-09 08:30:00-05,1.981,-1.693,9635,2019-08-09 08:30:00
1114692,1114692,5679,2019-08-09 08:45:00-05,2.31,-1.948,9636,2019-08-09 08:45:00
1114693,1114693,5679,2019-08-09 09:00:00-05,2.514,-2.104,9637,2019-08-09 09:00:00
1114694,1114694,5679,2019-08-09 09:15:00-05,2.867,-2.494,9638,2019-08-09 09:15:00
1114695,1114695,5679,2019-08-09 09:30:00-05,3.133,-2.845,9639,2019-08-09 09:30:00
1114696,1114696,5679,2019-08-09 09:45:00-05,3.362,-3.056,9640,2019-08-09 09:45:00
1114697,1114697,5679,2019-08-09 10:00:00-05,3.53,-3.196,9641,2019-08-09 10:00:00
1114698,1114698,5679,2019-08-09 10:15:00-05,3.723,-3.445,9642,2019-08-09 10:15:00
1114699,1114699,5679,2019-08-09 10:30:00-05,3.834,-3.62,9643,2019-08-09 10:30:00
1114700,1114700,5679,2019-08-09 10:45:00-05,3.857,-3.699,9644,2019-08-09 10:45:00
1114701,1114701,5679,2019-08-09 11:00:00-05,3.617,-2.805,9645,2019-08-09 11:00:00
1114702,1114702,5679,2019-08-09 11:15:00-05,4.14,-3.47,9646,2019-08-09 11:15:00
1114703,1114703,5679,2019-08-09 11:30:00-05,3.697,-2.716,9647,2019-08-09 11:30:00
1114704,1114704,5679,2019-08-09 11:45:00-05,3.619,-2.702,9648,2019-08-09 11:45:00
1114705,1114705,5679,2019-08-09 12:00:00-05,3.465,-2.424,9649,2019-08-09 12:00:00
1114706,1114706,5679,2019-08-09 12:15:00-05,3.754,-2.712,9650,2019-08-09 12:15:00
1114707,1114707,5679,2019-08-09 12:30:00-05,2.196,-1.137,9651,2019-08-09 12:30:00
1114708,1114708,5679,2019-08-09 12:45:00-05,3.613,-2.406,9652,2019-08-09 12:45:00
1114709,1114709,5679,2019-08-09 13:00:00-05,3.721,-2.146,9653,2019-08-09 13:00:00
1114710,1114710,5679,2019-08-09 13:15:00-05,1.781,-0.46,9654,2019-08-09 13:15:00
1114711,1114711,5679,2019-08-09 13:30:00-05,1.964,-0.595,9655,2019-08-09 13:30:00
1114712,1114712,5679,2019-08-09 13:45:00-05,3.195,-1.697,9656,2019-08-09 13:45:00
1114713,1114713,5679,2019-08-09 14:00:00-05,2.348,-0.484,9657,2019-08-09 14:00:00
1114714,1114714,5679,2019-08-09 14:15:00-05,1.855,0.016,9658,2019-08-09 14:15:00
1114715,1114715,5679,2019-08-09 14:30:00-05,2.079,-0.079,9659,2019-08-09 14:30:00
1114716,1114716,5679,2019-08-09 14:45:00-05,1.421,0.439,9660,2019-08-09 14:45:00
1114717,1114717,5679,2019-08-09 15:00:00-05,1.253,0.657,9661,2019-08-09 15:00:00
1114718,1114718,5679,2019-08-09 15:15:00-05,1.457,-0.43,9662,2019-08-09 15:15:00
1114719,1114719,5679,2019-08-09 15:30:00-05,1.047,-0.541,9663,2019-08-09 15:30:00
1114720,1114720,5679,2019-08-09 15:45:00-05,1.11,-0.644,9664,2019-08-09 15:45:00
1114721,1114721,5679,2019-08-09 16:00:00-05,0.847,-0.252,9665,2019-08-09 16:00:00
1114722,1114722,5679,2019-08-09 16:15:00-05,0.693,-0.056,9666,2019-08-09 16:15:00
1114723,1114723,5679,2019-08-09 16:30:00-05,0.443,-0.157,9667,2019-08-09 16:30:00
1114724,1114724,5679,2019-08-09 16:45:00-05,0.386,-0.18,9668,2019-08-09 16:45:00
1114725,1114725,5679,2019-08-09 17:00:00-05,0.406,-0.08,9669,2019-08-09 17:00:00
1114726,1114726,5679,2019-08-09 17:15:00-05,0.312,0.124,9670,2019-08-09 17:15:00
1114727,1114727,5679,2019-08-09 17:30:00-05,0.187,0.188,9671,2019-08-09 17:30:00
1114728,1114728,5679,2019-08-09 17:45:00-05,0.279,0.125,9672,2019-08-09 17:45:00
1114729,1114729,5679,2019-08-09 18:00:00-05,0.323,0.092,9673,2019-08-09 18:00:00
1114730,1114730,5679,2019-08-09 18:15:00-05,0.175,0.308,9674,2019-08-09 18:15:00
1114731,1114731,5679,2019-08-09 18:30:00-05,0.097,0.319,9675,2019-08-09 18:30:00
1114732,1114732,5679,2019-08-09 18:45:00-05,0.061,0.414,9676,2019-08-09 18:45:00
1114733,1114733,5679,2019-08-09 19:00:00-05,0.016,0.388,9677,2019-08-09 19:00:00
1114734,1114734,5679,2019-08-09 19:15:00-05,0.005,0.455,9678,2019-08-09 19:15:00
1114735,1114735,5679,2019-08-09 19:30:00-05,0.006,0.288,9679,2019-08-09 19:30:00
1114736,1114736,5679,2019-08-09 19:45:00-05,0.006,0.356,9680,2019-08-09 19:45:00
1114737,1114737,5679,2019-08-09 20:00:00-05,0.006,0.288,9681,2019-08-09 20:00:00
1114738,1114738,5679,2019-08-09 20:15:00-05,0.006,0.4,9682,2019-08-09 20:15:00
1114739,1114739,5679,2019-08-09 20:30:00-05,0.006,0.296,9683,2019-08-09 20:30:00
1114740,1114740,5679,2019-08-09 20:45:00-05,0.006,0.421,9684,2019-08-09 20:45:00
1114741,1114741,5679,2019-08-09 21:00:00-05,0.005,0.66,9685,2019-08-09 21:00:00
1114742,1114742,5679,2019-08-09 21:15:00-05,0.006,0.338,9686,2019-08-09 21:15:00
1114743,1114743,5679,2019-08-09 21:30:00-05,0.001,4.885,9687,2019-08-09 21:30:00
1114744,1114744,5679,2019-08-09 21:45:00-05,-0.002,7.38,9688,2019-08-09 21:45:00
1114745,1114745,5679,2019-08-09 22:00:00-05,-0.001,7.367,9689,2019-08-09 22:00:00
1114746,1114746,5679,2019-08-09 22:15:00-05,-0.001,7.297,9690,2019-08-09 22:15:00
1114747,1114747,5679,2019-08-09 22:30:00-05,-0.001,7.332,9691,2019-08-09 22:30:00
1114748,1114748,5679,2019-08-09 22:45:00-05,-0.001,7.309,9692,2019-08-09 22:45:00
1114749,1114749,5679,2019-08-09 23:00:00-05,0.0,5.95,9693,2019-08-09 23:00:00
1114750,1114750,5679,2019-08-09 23:15:00-05,0.005,0.687,9694,2019-08-09 23:15:00
1114751,1114751,5679,2019-08-09 23:30:00-05,0.006,0.392,9695,2019-08-09 23:30:00
1114752,1114752,5679,2019-08-09 23:45:00-05,0.006,0.465,9696,2019-08-09 23:45:00
1114753,1114753,5679,2019-08-10 00:00:00-05,0.006,0.392,9697,2019-08-10 00:00:00
1114754,1114754,5679,2019-08-10 00:15:00-05,0.006,0.586,9698,2019-08-10 00:15:00
1114755,1114755,5679,2019-08-10 00:30:00-05,0.006,0.228,9699,2019-08-10 00:30:00
1114756,1114756,5679,2019-08-10 00:45:00-05,0.006,0.362,9700,2019-08-10 00:45:00
1114757,1114757,5679,2019-08-10 01:00:00-05,0.006,0.332,9701,2019-08-10 01:00:00
1114758,1114758,5679,2019-08-10 01:15:00-05,0.006,0.424,9702,2019-08-10 01:15:00
1114759,1114759,5679,2019-08-10 01:30:00-05,0.006,0.365,9703,2019-08-10 01:30:00
1114760,1114760,5679,2019-08-10 01:45:00-05,0.006,0.53,9704,2019-08-10 01:45:00
1114761,1114761,5679,2019-08-10 02:00:00-05,0.006,0.458,9705,2019-08-10 02:00:00
1114762,1114762,5679,2019-08-10 02:15:00-05,0.006,0.528,9706,2019-08-10 02:15:00
1114763,1114763,5679,2019-08-10 02:30:00-05,0.006,0.455,9707,2019-08-10 02:30:00
1114764,1114764,5679,2019-08-10 02:45:00-05,0.006,0.521,9708,2019-08-10 02:45:00
1114765,1114765,5679,2019-08-10 03:00:00-05,0.006,0.406,9709,2019-08-10 03:00:00
1114766,1114766,5679,2019-08-10 03:15:00-05,0.006,0.401,9710,2019-08-10 03:15:00
1114767,1114767,5679,2019-08-10 03:30:00-05,0.006,0.362,9711,2019-08-10 03:30:00
1114768,1114768,5679,2019-08-10 03:45:00-05,0.006,0.39,9712,2019-08-10 03:45:00
1114769,1114769,5679,2019-08-10 04:00:00-05,0.006,0.443,9713,2019-08-10 04:00:00
1114770,1114770,5679,2019-08-10 04:15:00-05,0.006,0.485,9714,2019-08-10 04:15:00
1114771,1114771,5679,2019-08-10 04:30:00-05,0.006,0.473,9715,2019-08-10 04:30:00
1114772,1114772,5679,2019-08-10 04:45:00-05,0.006,0.462,9716,2019-08-10 04:45:00
1114773,1114773,5679,2019-08-10 05:00:00-05,0.006,0.948,9717,2019-08-10 05:00:00
1114774,1114774,5679,2019-08-10 05:15:00-05,0.02,0.509,9718,2019-08-10 05:15:00
1114775,1114775,5679,2019-08-10 05:30:00-05,0.044,0.418,9719,2019-08-10 05:30:00
1114776,1114776,5679,2019-08-10 05:45:00-05,0.072,0.549,9720,2019-08-10 05:45:00
1114777,1114777,5679,2019-08-10 06:00:00-05,0.117,0.204,9721,2019-08-10 06:00:00
1114778,1114778,5679,2019-08-10 06:15:00-05,0.128,0.324,9722,2019-08-10 06:15:00
1114779,1114779,5679,2019-08-10 06:30:00-05,0.165,0.232,9723,2019-08-10 06:30:00
1114780,1114780,5679,2019-08-10 06:45:00-05,0.239,-0.055,9724,2019-08-10 06:45:00
1114781,1114781,5679,2019-08-10 07:00:00-05,0.48,-0.252,9725,2019-08-10 07:00:00
1114782,1114782,5679,2019-08-10 07:15:00-05,0.497,-0.319,9726,2019-08-10 07:15:00
1114783,1114783,5679,2019-08-10 07:30:00-05,0.331,-0.031,9727,2019-08-10 07:30:00
1114784,1114784,5679,2019-08-10 07:45:00-05,0.475,-0.198,9728,2019-08-10 07:45:00
1114785,1114785,5679,2019-08-10 08:00:00-05,1.256,-0.882,9729,2019-08-10 08:00:00
1114786,1114786,5679,2019-08-10 08:15:00-05,1.027,-0.723,9730,2019-08-10 08:15:00
1114787,1114787,5679,2019-08-10 08:30:00-05,1.071,-0.707,9731,2019-08-10 08:30:00
1114788,1114788,5679,2019-08-10 08:45:00-05,1.591,-0.65,9732,2019-08-10 08:45:00
1114789,1114789,5679,2019-08-10 09:00:00-05,2.459,-2.102,9733,2019-08-10 09:00:00
1114790,1114790,5679,2019-08-10 09:15:00-05,2.362,-2.061,9734,2019-08-10 09:15:00
1114791,1114791,5679,2019-08-10 09:30:00-05,2.484,-2.112,9735,2019-08-10 09:30:00
1114792,1114792,5679,2019-08-10 09:45:00-05,0.835,-0.473,9736,2019-08-10 09:45:00
1114793,1114793,5679,2019-08-10 10:00:00-05,2.179,-1.849,9737,2019-08-10 10:00:00
1114794,1114794,5679,2019-08-10 10:15:00-05,3.063,-2.75,9738,2019-08-10 10:15:00
1114795,1114795,5679,2019-08-10 10:30:00-05,2.84,-2.405,9739,2019-08-10 10:30:00
1114796,1114796,5679,2019-08-10 10:45:00-05,1.786,-1.333,9740,2019-08-10 10:45:00
1114797,1114797,5679,2019-08-10 11:00:00-05,1.266,-0.865,9741,2019-08-10 11:00:00
1114798,1114798,5679,2019-08-10 11:15:00-05,1.727,-1.267,9742,2019-08-10 11:15:00
1114799,1114799,5679,2019-08-10 11:30:00-05,2.29,-1.882,9743,2019-08-10 11:30:00
1114800,1114800,5679,2019-08-10 11:45:00-05,3.604,-3.272,9744,2019-08-10 11:45:00
1114801,1114801,5679,2019-08-10 12:00:00-05,3.007,-2.761,9745,2019-08-10 12:00:00
1114802,1114802,5679,2019-08-10 12:15:00-05,1.489,-0.967,9746,2019-08-10 12:15:00
1114803,1114803,5679,2019-08-10 12:30:00-05,2.999,-2.435,9747,2019-08-10 12:30:00
1114804,1114804,5679,2019-08-10 12:45:00-05,2.512,-2.144,9748,2019-08-10 12:45:00
1114805,1114805,5679,2019-08-10 13:00:00-05,3.531,-3.2,9749,2019-08-10 13:00:00
1114806,1114806,5679,2019-08-10 13:15:00-05,3.445,-3.048,9750,2019-08-10 13:15:00
1114807,1114807,5679,2019-08-10 13:30:00-05,1.852,-1.478,9751,2019-08-10 13:30:00
1114808,1114808,5679,2019-08-10 13:45:00-05,2.245,-1.777,9752,2019-08-10 13:45:00
1114809,1114809,5679,2019-08-10 14:00:00-05,2.203,-1.675,9753,2019-08-10 14:00:00
1114810,1114810,5679,2019-08-10 14:15:00-05,2.132,-1.642,9754,2019-08-10 14:15:00
1114811,1114811,5679,2019-08-10 14:30:00-05,1.388,-1.03,9755,2019-08-10 14:30:00
1114812,1114812,5679,2019-08-10 14:45:00-05,1.445,-0.988,9756,2019-08-10 14:45:00
1114813,1114813,5679,2019-08-10 15:00:00-05,1.807,-1.404,9757,2019-08-10 15:00:00
1114814,1114814,5679,2019-08-10 15:15:00-05,1.37,-0.968,9758,2019-08-10 15:15:00
1114815,1114815,5679,2019-08-10 15:30:00-05,1.166,-0.809,9759,2019-08-10 15:30:00
1114816,1114816,5679,2019-08-10 15:45:00-05,0.729,-0.328,9760,2019-08-10 15:45:00
1114817,1114817,5679,2019-08-10 16:00:00-05,0.527,-0.187,9761,2019-08-10 16:00:00
1114818,1114818,5679,2019-08-10 16:15:00-05,0.451,-0.034,9762,2019-08-10 16:15:00
1114819,1114819,5679,2019-08-10 16:30:00-05,0.397,-0.07,9763,2019-08-10 16:30:00
1114820,1114820,5679,2019-08-10 16:45:00-05,0.618,-0.15,9764,2019-08-10 16:45:00
1114821,1114821,5679,2019-08-10 17:00:00-05,0.58,-0.17,9765,2019-08-10 17:00:00
1114822,1114822,5679,2019-08-10 17:15:00-05,0.394,0.064,9766,2019-08-10 17:15:00
1114823,1114823,5679,2019-08-10 17:30:00-05,0.458,-0.041,9767,2019-08-10 17:30:00
1114824,1114824,5679,2019-08-10 17:45:00-05,0.348,0.103,9768,2019-08-10 17:45:00
1114825,1114825,5679,2019-08-10 18:00:00-05,0.125,0.268,9769,2019-08-10 18:00:00
1114826,1114826,5679,2019-08-10 18:15:00-05,0.164,0.178,9770,2019-08-10 18:15:00
1114827,1114827,5679,2019-08-10 18:30:00-05,0.103,0.21,9771,2019-08-10 18:30:00
1114828,1114828,5679,2019-08-10 18:45:00-05,0.052,0.291,9772,2019-08-10 18:45:00
1114829,1114829,5679,2019-08-10 19:00:00-05,0.019,0.291,9773,2019-08-10 19:00:00
1114830,1114830,5679,2019-08-10 19:15:00-05,0.006,0.329,9774,2019-08-10 19:15:00
1114831,1114831,5679,2019-08-10 19:30:00-05,0.006,0.32,9775,2019-08-10 19:30:00
1114832,1114832,5679,2019-08-10 19:45:00-05,0.006,0.33,9776,2019-08-10 19:45:00
1114833,1114833,5679,2019-08-10 20:00:00-05,0.006,0.47,9777,2019-08-10 20:00:00
1114834,1114834,5679,2019-08-10 20:15:00-05,0.006,0.384,9778,2019-08-10 20:15:00
1114835,1114835,5679,2019-08-10 20:30:00-05,0.005,1.747,9779,2019-08-10 20:30:00
1114836,1114836,5679,2019-08-10 20:45:00-05,-0.001,7.39,9780,2019-08-10 20:45:00
1114837,1114837,5679,2019-08-10 21:00:00-05,-0.001,7.288,9781,2019-08-10 21:00:00
1114838,1114838,5679,2019-08-10 21:15:00-05,-0.001,7.397,9782,2019-08-10 21:15:00
1114839,1114839,5679,2019-08-10 21:30:00-05,-0.001,7.232,9783,2019-08-10 21:30:00
1114840,1114840,5679,2019-08-10 21:45:00-05,-0.001,7.334,9784,2019-08-10 21:45:00
1114841,1114841,5679,2019-08-10 22:00:00-05,0.002,3.735,9785,2019-08-10 22:00:00
1114842,1114842,5679,2019-08-10 22:15:00-05,0.006,0.352,9786,2019-08-10 22:15:00
1114843,1114843,5679,2019-08-10 22:30:00-05,0.006,0.284,9787,2019-08-10 22:30:00
1114844,1114844,5679,2019-08-10 22:45:00-05,0.006,0.318,9788,2019-08-10 22:45:00
1114845,1114845,5679,2019-08-10 23:00:00-05,0.006,0.175,9789,2019-08-10 23:00:00
1114846,1114846,5679,2019-08-10 23:15:00-05,0.006,0.246,9790,2019-08-10 23:15:00
1114847,1114847,5679,2019-08-10 23:30:00-05,0.006,0.175,9791,2019-08-10 23:30:00
1114848,1114848,5679,2019-08-10 23:45:00-05,0.006,0.301,9792,2019-08-10 23:45:00
1114849,1114849,5679,2019-08-11 00:00:00-05,0.006,0.3,9793,2019-08-11 00:00:00
1114850,1114850,5679,2019-08-11 00:15:00-05,0.006,0.328,9794,2019-08-11 00:15:00
1114851,1114851,5679,2019-08-11 00:30:00-05,0.006,0.301,9795,2019-08-11 00:30:00
1114852,1114852,5679,2019-08-11 00:45:00-05,0.006,0.327,9796,2019-08-11 00:45:00
1114853,1114853,5679,2019-08-11 01:00:00-05,0.006,0.312,9797,2019-08-11 01:00:00
1114854,1114854,5679,2019-08-11 01:15:00-05,0.006,0.321,9798,2019-08-11 01:15:00
1114855,1114855,5679,2019-08-11 01:30:00-05,0.006,0.314,9799,2019-08-11 01:30:00
1114856,1114856,5679,2019-08-11 01:45:00-05,0.006,0.243,9800,2019-08-11 01:45:00
1114857,1114857,5679,2019-08-11 02:00:00-05,0.006,0.209,9801,2019-08-11 02:00:00
1114858,1114858,5679,2019-08-11 02:15:00-05,0.006,0.221,9802,2019-08-11 02:15:00
1114859,1114859,5679,2019-08-11 02:30:00-05,0.006,0.196,9803,2019-08-11 02:30:00
1114860,1114860,5679,2019-08-11 02:45:00-05,0.006,0.219,9804,2019-08-11 02:45:00
1114861,1114861,5679,2019-08-11 03:00:00-05,0.007,0.203,9805,2019-08-11 03:00:00
1114862,1114862,5679,2019-08-11 03:15:00-05,0.007,0.29,9806,2019-08-11 03:15:00
1114863,1114863,5679,2019-08-11 03:30:00-05,0.006,0.313,9807,2019-08-11 03:30:00
1114864,1114864,5679,2019-08-11 03:45:00-05,0.006,0.317,9808,2019-08-11 03:45:00
1114865,1114865,5679,2019-08-11 04:00:00-05,0.006,0.322,9809,2019-08-11 04:00:00
1114866,1114866,5679,2019-08-11 04:15:00-05,0.006,0.492,9810,2019-08-11 04:15:00
1114867,1114867,5679,2019-08-11 04:30:00-05,0.006,0.825,9811,2019-08-11 04:30:00
1114868,1114868,5679,2019-08-11 04:45:00-05,0.006,0.572,9812,2019-08-11 04:45:00
1114869,1114869,5679,2019-08-11 05:00:00-05,0.007,0.482,9813,2019-08-11 05:00:00
1114870,1114870,5679,2019-08-11 05:15:00-05,0.021,0.772,9814,2019-08-11 05:15:00
1114871,1114871,5679,2019-08-11 05:30:00-05,0.045,0.525,9815,2019-08-11 05:30:00
1114872,1114872,5679,2019-08-11 05:45:00-05,0.066,1.48,9816,2019-08-11 05:45:00
1114873,1114873,5679,2019-08-11 06:00:00-05,0.088,4.802,9817,2019-08-11 06:00:00
1114874,1114874,5679,2019-08-11 06:15:00-05,0.115,4.816,9818,2019-08-11 06:15:00
1114875,1114875,5679,2019-08-11 06:30:00-05,0.148,2.717,9819,2019-08-11 06:30:00
1114876,1114876,5679,2019-08-11 06:45:00-05,0.187,0.643,9820,2019-08-11 06:45:00
1114877,1114877,5679,2019-08-11 07:00:00-05,0.229,0.386,9821,2019-08-11 07:00:00
1114878,1114878,5679,2019-08-11 07:15:00-05,0.272,0.335,9822,2019-08-11 07:15:00
1114879,1114879,5679,2019-08-11 07:30:00-05,0.303,0.062,9823,2019-08-11 07:30:00
1114880,1114880,5679,2019-08-11 07:45:00-05,0.476,0.106,9824,2019-08-11 07:45:00
1114881,1114881,5679,2019-08-11 08:00:00-05,1.186,-0.7,9825,2019-08-11 08:00:00
1114882,1114882,5679,2019-08-11 08:15:00-05,1.713,-1.343,9826,2019-08-11 08:15:00
1114883,1114883,5679,2019-08-11 08:30:00-05,1.964,-1.582,9827,2019-08-11 08:30:00
1114884,1114884,5679,2019-08-11 08:45:00-05,2.239,-1.924,9828,2019-08-11 08:45:00
1114885,1114885,5679,2019-08-11 09:00:00-05,2.458,-2.083,9829,2019-08-11 09:00:00
1114886,1114886,5679,2019-08-11 09:15:00-05,2.876,-2.52,9830,2019-08-11 09:15:00
1114887,1114887,5679,2019-08-11 09:30:00-05,3.129,-2.636,9831,2019-08-11 09:30:00
1114888,1114888,5679,2019-08-11 09:45:00-05,3.353,-2.917,9832,2019-08-11 09:45:00
1114889,1114889,5679,2019-08-11 10:00:00-05,3.488,-3.006,9833,2019-08-11 10:00:00
1114890,1114890,5679,2019-08-11 10:15:00-05,3.67,-3.244,9834,2019-08-11 10:15:00
1114891,1114891,5679,2019-08-11 10:30:00-05,3.804,-3.355,9835,2019-08-11 10:30:00
1114892,1114892,5679,2019-08-11 10:45:00-05,3.97,-3.531,9836,2019-08-11 10:45:00
1114893,1114893,5679,2019-08-11 11:00:00-05,3.791,-3.332,9837,2019-08-11 11:00:00
1114894,1114894,5679,2019-08-11 11:15:00-05,4.112,-3.811,9838,2019-08-11 11:15:00
1114895,1114895,5679,2019-08-11 11:30:00-05,4.301,-3.552,9839,2019-08-11 11:30:00
1114896,1114896,5679,2019-08-11 11:45:00-05,3.549,-3.342,9840,2019-08-11 11:45:00
1114897,1114897,5679,2019-08-11 12:00:00-05,3.389,-2.669,9841,2019-08-11 12:00:00
1114898,1114898,5679,2019-08-11 12:15:00-05,3.627,-3.326,9842,2019-08-11 12:15:00
1114899,1114899,5679,2019-08-11 12:30:00-05,2.817,-2.423,9843,2019-08-11 12:30:00
1114900,1114900,5679,2019-08-11 12:45:00-05,3.219,-2.889,9844,2019-08-11 12:45:00
1114901,1114901,5679,2019-08-11 13:00:00-05,3.695,-3.218,9845,2019-08-11 13:00:00
1114902,1114902,5679,2019-08-11 13:15:00-05,3.78,-3.373,9846,2019-08-11 13:15:00
1114903,1114903,5679,2019-08-11 13:30:00-05,3.243,-2.768,9847,2019-08-11 13:30:00
1114904,1114904,5679,2019-08-11 13:45:00-05,2.508,-2.1,9848,2019-08-11 13:45:00
1114905,1114905,5679,2019-08-11 14:00:00-05,2.235,-1.758,9849,2019-08-11 14:00:00
1114906,1114906,5679,2019-08-11 14:15:00-05,2.005,-1.592,9850,2019-08-11 14:15:00
1114907,1114907,5679,2019-08-11 14:30:00-05,1.9,-0.67,9851,2019-08-11 14:30:00
1114908,1114908,5679,2019-08-11 14:45:00-05,1.691,0.494,9852,2019-08-11 14:45:00
1114909,1114909,5679,2019-08-11 15:00:00-05,1.141,1.088,9853,2019-08-11 15:00:00
1114910,1114910,5679,2019-08-11 15:15:00-05,0.933,1.643,9854,2019-08-11 15:15:00
1114911,1114911,5679,2019-08-11 15:30:00-05,0.769,1.601,9855,2019-08-11 15:30:00
1114912,1114912,5679,2019-08-11 15:45:00-05,0.623,1.749,9856,2019-08-11 15:45:00
1114913,1114913,5679,2019-08-11 16:00:00-05,0.443,2.047,9857,2019-08-11 16:00:00
1114914,1114914,5679,2019-08-11 16:15:00-05,0.285,2.447,9858,2019-08-11 16:15:00
1114915,1114915,5679,2019-08-11 16:30:00-05,0.313,0.208,9859,2019-08-11 16:30:00
1114916,1114916,5679,2019-08-11 16:45:00-05,0.337,0.053,9860,2019-08-11 16:45:00
1114917,1114917,5679,2019-08-11 17:00:00-05,0.27,0.089,9861,2019-08-11 17:00:00
1114918,1114918,5679,2019-08-11 17:15:00-05,0.236,0.098,9862,2019-08-11 17:15:00
1114919,1114919,5679,2019-08-11 17:30:00-05,0.178,0.231,9863,2019-08-11 17:30:00
1114920,1114920,5679,2019-08-11 17:45:00-05,0.178,0.138,9864,2019-08-11 17:45:00
1114921,1114921,5679,2019-08-11 18:00:00-05,0.14,0.924,9865,2019-08-11 18:00:00
1114922,1114922,5679,2019-08-11 18:15:00-05,0.102,1.184,9866,2019-08-11 18:15:00
1114923,1114923,5679,2019-08-11 18:30:00-05,0.071,1.095,9867,2019-08-11 18:30:00
1114924,1114924,5679,2019-08-11 18:45:00-05,0.041,0.947,9868,2019-08-11 18:45:00
1114925,1114925,5679,2019-08-11 19:00:00-05,0.014,1.217,9869,2019-08-11 19:00:00
1114926,1114926,5679,2019-08-11 19:15:00-05,0.005,0.468,9870,2019-08-11 19:15:00
1114927,1114927,5679,2019-08-11 19:30:00-05,0.005,0.637,9871,2019-08-11 19:30:00
1114928,1114928,5679,2019-08-11 19:45:00-05,0.005,0.385,9872,2019-08-11 19:45:00
1114929,1114929,5679,2019-08-11 20:00:00-05,0.005,0.512,9873,2019-08-11 20:00:00
1114930,1114930,5679,2019-08-11 20:15:00-05,0.005,0.491,9874,2019-08-11 20:15:00
1114931,1114931,5679,2019-08-11 20:30:00-05,0.005,0.617,9875,2019-08-11 20:30:00
1114932,1114932,5679,2019-08-11 20:45:00-05,0.006,0.483,9876,2019-08-11 20:45:00
1114933,1114933,5679,2019-08-11 21:00:00-05,0.006,0.517,9877,2019-08-11 21:00:00
1114934,1114934,5679,2019-08-11 21:15:00-05,0.006,0.44,9878,2019-08-11 21:15:00
1114935,1114935,5679,2019-08-11 21:30:00-05,0.006,0.46,9879,2019-08-11 21:30:00
1114936,1114936,5679,2019-08-11 21:45:00-05,0.006,0.373,9880,2019-08-11 21:45:00
1114937,1114937,5679,2019-08-11 22:00:00-05,0.006,0.337,9881,2019-08-11 22:00:00
1114938,1114938,5679,2019-08-11 22:15:00-05,0.006,0.262,9882,2019-08-11 22:15:00
1114939,1114939,5679,2019-08-11 22:30:00-05,0.006,0.227,9883,2019-08-11 22:30:00
1114940,1114940,5679,2019-08-11 22:45:00-05,0.006,0.175,9884,2019-08-11 22:45:00
1114941,1114941,5679,2019-08-11 23:00:00-05,0.006,0.24,9885,2019-08-11 23:00:00
1114942,1114942,5679,2019-08-11 23:15:00-05,0.006,0.175,9886,2019-08-11 23:15:00
1114943,1114943,5679,2019-08-11 23:30:00-05,0.006,0.237,9887,2019-08-11 23:30:00
1114944,1114944,5679,2019-08-11 23:45:00-05,0.006,0.234,9888,2019-08-11 23:45:00
1114945,1114945,5679,2019-08-12 00:00:00-05,0.006,0.346,9889,2019-08-12 00:00:00
1114946,1114946,5679,2019-08-12 00:15:00-05,0.006,0.286,9890,2019-08-12 00:15:00
1114947,1114947,5679,2019-08-12 00:30:00-05,0.006,0.346,9891,2019-08-12 00:30:00
1114948,1114948,5679,2019-08-12 00:45:00-05,0.006,0.282,9892,2019-08-12 00:45:00
1114949,1114949,5679,2019-08-12 01:00:00-05,0.006,0.344,9893,2019-08-12 01:00:00
1114950,1114950,5679,2019-08-12 01:15:00-05,0.007,0.193,9894,2019-08-12 01:15:00
1114951,1114951,5679,2019-08-12 01:30:00-05,0.006,0.238,9895,2019-08-12 01:30:00
1114952,1114952,5679,2019-08-12 01:45:00-05,0.006,0.174,9896,2019-08-12 01:45:00
1114953,1114953,5679,2019-08-12 02:00:00-05,0.006,0.236,9897,2019-08-12 02:00:00
1114954,1114954,5679,2019-08-12 02:15:00-05,0.007,0.174,9898,2019-08-12 02:15:00
1114955,1114955,5679,2019-08-12 02:30:00-05,0.006,0.235,9899,2019-08-12 02:30:00
1114956,1114956,5679,2019-08-12 02:45:00-05,0.006,0.27,9900,2019-08-12 02:45:00
1114957,1114957,5679,2019-08-12 03:00:00-05,0.006,0.335,9901,2019-08-12 03:00:00
1114958,1114958,5679,2019-08-12 03:15:00-05,0.006,0.273,9902,2019-08-12 03:15:00
1114959,1114959,5679,2019-08-12 03:30:00-05,0.006,0.334,9903,2019-08-12 03:30:00
1114960,1114960,5679,2019-08-12 03:45:00-05,0.007,0.271,9904,2019-08-12 03:45:00
1114961,1114961,5679,2019-08-12 04:00:00-05,0.007,0.293,9905,2019-08-12 04:00:00
1114962,1114962,5679,2019-08-12 04:15:00-05,0.007,0.164,9906,2019-08-12 04:15:00
1114963,1114963,5679,2019-08-12 04:30:00-05,0.007,0.225,9907,2019-08-12 04:30:00
1114964,1114964,5679,2019-08-12 04:45:00-05,0.007,0.163,9908,2019-08-12 04:45:00
1114965,1114965,5679,2019-08-12 05:00:00-05,0.007,0.224,9909,2019-08-12 05:00:00
1114966,1114966,5679,2019-08-12 05:15:00-05,0.022,0.149,9910,2019-08-12 05:15:00
1114967,1114967,5679,2019-08-12 05:30:00-05,0.047,0.628,9911,2019-08-12 05:30:00
1114968,1114968,5679,2019-08-12 05:45:00-05,0.071,0.715,9912,2019-08-12 05:45:00
1114969,1114969,5679,2019-08-12 06:00:00-05,0.118,0.495,9913,2019-08-12 06:00:00
1114970,1114970,5679,2019-08-12 06:15:00-05,0.298,0.544,9914,2019-08-12 06:15:00
1114971,1114971,5679,2019-08-12 06:30:00-05,0.35,0.221,9915,2019-08-12 06:30:00
1114972,1114972,5679,2019-08-12 06:45:00-05,0.433,0.09,9916,2019-08-12 06:45:00
1114973,1114973,5679,2019-08-12 07:00:00-05,0.459,0.225,9917,2019-08-12 07:00:00
1114974,1114974,5679,2019-08-12 07:15:00-05,0.563,-0.085,9918,2019-08-12 07:15:00
1114975,1114975,5679,2019-08-12 07:30:00-05,0.725,2.184,9919,2019-08-12 07:30:00
1114976,1114976,5679,2019-08-12 07:45:00-05,0.417,4.288,9920,2019-08-12 07:45:00
1114977,1114977,5679,2019-08-12 08:00:00-05,1.075,3.214,9921,2019-08-12 08:00:00
1114978,1114978,5679,2019-08-12 08:15:00-05,1.299,0.425,9922,2019-08-12 08:15:00
1114979,1114979,5679,2019-08-12 08:30:00-05,1.907,-0.287,9923,2019-08-12 08:30:00
1114980,1114980,5679,2019-08-12 08:45:00-05,1.832,1.303,9924,2019-08-12 08:45:00
1114981,1114981,5679,2019-08-12 09:00:00-05,1.663,-0.176,9925,2019-08-12 09:00:00
1114982,1114982,5679,2019-08-12 09:15:00-05,2.846,-2.407,9926,2019-08-12 09:15:00
1114983,1114983,5679,2019-08-12 09:30:00-05,3.316,-2.814,9927,2019-08-12 09:30:00
1114984,1114984,5679,2019-08-12 09:45:00-05,3.202,-2.722,9928,2019-08-12 09:45:00
1114985,1114985,5679,2019-08-12 10:00:00-05,2.1,-1.656,9929,2019-08-12 10:00:00
1114986,1114986,5679,2019-08-12 10:15:00-05,2.9,-2.55,9930,2019-08-12 10:15:00
1114987,1114987,5679,2019-08-12 10:30:00-05,3.433,-3.032,9931,2019-08-12 10:30:00
1114988,1114988,5679,2019-08-12 10:45:00-05,2.97,-2.014,9932,2019-08-12 10:45:00
1114989,1114989,5679,2019-08-12 11:00:00-05,1.928,2.676,9933,2019-08-12 11:00:00
1114990,1114990,5679,2019-08-12 11:15:00-05,3.387,0.147,9934,2019-08-12 11:15:00
1114991,1114991,5679,2019-08-12 11:30:00-05,3.096,-0.258,9935,2019-08-12 11:30:00
1114992,1114992,5679,2019-08-12 11:45:00-05,3.704,-2.195,9936,2019-08-12 11:45:00
1114993,1114993,5679,2019-08-12 12:00:00-05,3.648,0.532,9937,2019-08-12 12:00:00
1114994,1114994,5679,2019-08-12 12:15:00-05,4.066,0.549,9938,2019-08-12 12:15:00
1114995,1114995,5679,2019-08-12 12:30:00-05,3.564,0.344,9939,2019-08-12 12:30:00
1114996,1114996,5679,2019-08-12 12:45:00-05,2.646,1.444,9940,2019-08-12 12:45:00
1114997,1114997,5679,2019-08-12 13:00:00-05,1.132,2.956,9941,2019-08-12 13:00:00
1114998,1114998,5679,2019-08-12 13:15:00-05,1.12,2.222,9942,2019-08-12 13:15:00
1114999,1114999,5679,2019-08-12 13:30:00-05,1.376,0.42,9943,2019-08-12 13:30:00
1115000,1115000,5679,2019-08-12 13:45:00-05,1.351,0.545,9944,2019-08-12 13:45:00
1115001,1115001,5679,2019-08-12 14:00:00-05,2.53,-1.036,9945,2019-08-12 14:00:00
1115002,1115002,5679,2019-08-12 14:15:00-05,2.653,-1.141,9946,2019-08-12 14:15:00
1115003,1115003,5679,2019-08-12 14:30:00-05,1.43,-0.13,9947,2019-08-12 14:30:00
1115004,1115004,5679,2019-08-12 14:45:00-05,1.054,0.267,9948,2019-08-12 14:45:00
1115005,1115005,5679,2019-08-12 15:00:00-05,0.976,0.365,9949,2019-08-12 15:00:00
1115006,1115006,5679,2019-08-12 15:15:00-05,0.894,0.928,9950,2019-08-12 15:15:00
1115007,1115007,5679,2019-08-12 15:30:00-05,1.042,1.304,9951,2019-08-12 15:30:00
1115008,1115008,5679,2019-08-12 15:45:00-05,0.828,1.295,9952,2019-08-12 15:45:00
1115009,1115009,5679,2019-08-12 16:00:00-05,1.017,1.532,9953,2019-08-12 16:00:00
1115010,1115010,5679,2019-08-12 16:15:00-05,0.649,2.31,9954,2019-08-12 16:15:00
1115011,1115011,5679,2019-08-12 16:30:00-05,0.542,2.305,9955,2019-08-12 16:30:00
1115012,1115012,5679,2019-08-12 16:45:00-05,0.488,0.527,9956,2019-08-12 16:45:00
1115013,1115013,5679,2019-08-12 17:00:00-05,0.229,0.868,9957,2019-08-12 17:00:00
1115014,1115014,5679,2019-08-12 17:15:00-05,0.09,1.231,9958,2019-08-12 17:15:00
1115015,1115015,5679,2019-08-12 17:30:00-05,0.107,2.441,9959,2019-08-12 17:30:00
1115016,1115016,5679,2019-08-12 17:45:00-05,0.113,2.146,9960,2019-08-12 17:45:00
1115017,1115017,5679,2019-08-12 18:00:00-05,0.144,1.884,9961,2019-08-12 18:00:00
1115018,1115018,5679,2019-08-12 18:15:00-05,0.195,1.843,9962,2019-08-12 18:15:00
1115019,1115019,5679,2019-08-12 18:30:00-05,0.047,1.867,9963,2019-08-12 18:30:00
1115020,1115020,5679,2019-08-12 18:45:00-05,0.018,1.477,9964,2019-08-12 18:45:00
1115021,1115021,5679,2019-08-12 19:00:00-05,0.005,0.74,9965,2019-08-12 19:00:00
1115022,1115022,5679,2019-08-12 19:15:00-05,0.005,0.528,9966,2019-08-12 19:15:00
1115023,1115023,5679,2019-08-12 19:30:00-05,0.005,0.469,9967,2019-08-12 19:30:00
1115024,1115024,5679,2019-08-12 19:45:00-05,0.005,0.528,9968,2019-08-12 19:45:00
1115025,1115025,5679,2019-08-12 20:00:00-05,0.005,0.528,9969,2019-08-12 20:00:00
1115026,1115026,5679,2019-08-12 20:15:00-05,0.005,0.565,9970,2019-08-12 20:15:00
1115027,1115027,5679,2019-08-12 20:30:00-05,0.005,0.631,9971,2019-08-12 20:30:00
1115028,1115028,5679,2019-08-12 20:45:00-05,0.005,0.589,9972,2019-08-12 20:45:00
1115029,1115029,5679,2019-08-12 21:00:00-05,0.005,0.511,9973,2019-08-12 21:00:00
1115030,1115030,5679,2019-08-12 21:15:00-05,0.006,0.44,9974,2019-08-12 21:15:00
1115031,1115031,5679,2019-08-12 21:30:00-05,0.005,0.63,9975,2019-08-12 21:30:00
1115032,1115032,5679,2019-08-12 21:45:00-05,0.006,0.489,9976,2019-08-12 21:45:00
1115033,1115033,5679,2019-08-12 22:00:00-05,0.006,0.421,9977,2019-08-12 22:00:00
1115034,1115034,5679,2019-08-12 22:15:00-05,0.006,0.405,9978,2019-08-12 22:15:00
1115035,1115035,5679,2019-08-12 22:30:00-05,0.006,0.455,9979,2019-08-12 22:30:00
1115036,1115036,5679,2019-08-12 22:45:00-05,0.006,0.41,9980,2019-08-12 22:45:00
1115037,1115037,5679,2019-08-12 23:00:00-05,0.006,0.444,9981,2019-08-12 23:00:00
1115038,1115038,5679,2019-08-12 23:15:00-05,0.006,0.389,9982,2019-08-12 23:15:00
1115039,1115039,5679,2019-08-12 23:30:00-05,0.006,0.546,9983,2019-08-12 23:30:00
1115040,1115040,5679,2019-08-12 23:45:00-05,0.006,0.337,9984,2019-08-12 23:45:00
1115041,1115041,5679,2019-08-13 00:00:00-05,0.006,0.297,9985,2019-08-13 00:00:00
1115042,1115042,5679,2019-08-13 00:15:00-05,0.005,0.597,9986,2019-08-13 00:15:00
1115043,1115043,5679,2019-08-13 00:30:00-05,0.006,0.184,9987,2019-08-13 00:30:00
1115044,1115044,5679,2019-08-13 00:45:00-05,0.006,0.401,9988,2019-08-13 00:45:00
1115045,1115045,5679,2019-08-13 01:00:00-05,0.006,0.41,9989,2019-08-13 01:00:00
1115046,1115046,5679,2019-08-13 01:15:00-05,0.006,0.464,9990,2019-08-13 01:15:00
1115047,1115047,5679,2019-08-13 01:30:00-05,0.006,0.409,9991,2019-08-13 01:30:00
1115048,1115048,5679,2019-08-13 01:45:00-05,0.006,0.455,9992,2019-08-13 01:45:00
1115049,1115049,5679,2019-08-13 02:00:00-05,0.006,0.427,9993,2019-08-13 02:00:00
1115050,1115050,5679,2019-08-13 02:15:00-05,0.006,0.351,9994,2019-08-13 02:15:00
1115051,1115051,5679,2019-08-13 02:30:00-05,0.006,0.342,9995,2019-08-13 02:30:00
1115052,1115052,5679,2019-08-13 02:45:00-05,0.006,0.296,9996,2019-08-13 02:45:00
1115053,1115053,5679,2019-08-13 03:00:00-05,0.006,0.348,9997,2019-08-13 03:00:00
1115054,1115054,5679,2019-08-13 03:15:00-05,0.006,0.287,9998,2019-08-13 03:15:00
1115055,1115055,5679,2019-08-13 03:30:00-05,0.006,0.345,9999,2019-08-13 03:30:00
1115056,1115056,5679,2019-08-13 03:45:00-05,0.006,0.386,10000,2019-08-13 03:45:00
1115057,1115057,5679,2019-08-13 04:00:00-05,0.006,0.46,10001,2019-08-13 04:00:00
1115058,1115058,5679,2019-08-13 04:15:00-05,0.006,0.402,10002,2019-08-13 04:15:00
1115059,1115059,5679,2019-08-13 04:30:00-05,0.005,0.907,10003,2019-08-13 04:30:00
1115060,1115060,5679,2019-08-13 04:45:00-05,0.006,0.502,10004,2019-08-13 04:45:00
1115061,1115061,5679,2019-08-13 05:00:00-05,0.006,0.388,10005,2019-08-13 05:00:00
1115062,1115062,5679,2019-08-13 05:15:00-05,0.006,0.667,10006,2019-08-13 05:15:00
1115063,1115063,5679,2019-08-13 05:30:00-05,0.013,0.525,10007,2019-08-13 05:30:00
1115064,1115064,5679,2019-08-13 05:45:00-05,0.034,0.254,10008,2019-08-13 05:45:00
1115065,1115065,5679,2019-08-13 06:00:00-05,0.051,0.582,10009,2019-08-13 06:00:00
1115066,1115066,5679,2019-08-13 06:15:00-05,0.1,0.309,10010,2019-08-13 06:15:00
1115067,1115067,5679,2019-08-13 06:30:00-05,0.089,0.264,10011,2019-08-13 06:30:00
1115068,1115068,5679,2019-08-13 06:45:00-05,0.047,0.327,10012,2019-08-13 06:45:00
1115069,1115069,5679,2019-08-13 07:00:00-05,0.122,0.21,10013,2019-08-13 07:00:00
1115070,1115070,5679,2019-08-13 07:15:00-05,0.152,0.225,10014,2019-08-13 07:15:00
1115071,1115071,5679,2019-08-13 07:30:00-05,0.166,0.15,10015,2019-08-13 07:30:00
1115072,1115072,5679,2019-08-13 07:45:00-05,0.184,0.191,10016,2019-08-13 07:45:00
1115073,1115073,5679,2019-08-13 08:00:00-05,0.435,-0.113,10017,2019-08-13 08:00:00
1115074,1115074,5679,2019-08-13 08:15:00-05,0.377,-0.034,10018,2019-08-13 08:15:00
1115075,1115075,5679,2019-08-13 08:30:00-05,0.24,0.003,10019,2019-08-13 08:30:00
1115076,1115076,5679,2019-08-13 08:45:00-05,0.273,-0.038,10020,2019-08-13 08:45:00
1115077,1115077,5679,2019-08-13 09:00:00-05,0.514,-0.26,10021,2019-08-13 09:00:00
1115078,1115078,5679,2019-08-13 09:15:00-05,0.467,-0.176,10022,2019-08-13 09:15:00
1115079,1115079,5679,2019-08-13 09:30:00-05,0.786,-0.399,10023,2019-08-13 09:30:00
1115080,1115080,5679,2019-08-13 09:45:00-05,1.072,-0.66,10024,2019-08-13 09:45:00
1115081,1115081,5679,2019-08-13 10:00:00-05,2.123,-1.682,10025,2019-08-13 10:00:00
1115082,1115082,5679,2019-08-13 10:15:00-05,2.42,-2.04,10026,2019-08-13 10:15:00
1115083,1115083,5679,2019-08-13 10:30:00-05,2.592,-2.154,10027,2019-08-13 10:30:00
1115084,1115084,5679,2019-08-13 10:45:00-05,1.548,-1.166,10028,2019-08-13 10:45:00
1115085,1115085,5679,2019-08-13 11:00:00-05,1.518,-1.105,10029,2019-08-13 11:00:00
1115086,1115086,5679,2019-08-13 11:15:00-05,2.263,-1.286,10030,2019-08-13 11:15:00
1115087,1115087,5679,2019-08-13 11:30:00-05,3.059,-2.074,10031,2019-08-13 11:30:00
1115088,1115088,5679,2019-08-13 11:45:00-05,2.342,-1.995,10032,2019-08-13 11:45:00
1115089,1115089,5679,2019-08-13 12:00:00-05,1.703,-0.776,10033,2019-08-13 12:00:00
1115090,1115090,5679,2019-08-13 12:15:00-05,1.124,-0.581,10034,2019-08-13 12:15:00
1115091,1115091,5679,2019-08-13 12:30:00-05,3.504,-3.202,10035,2019-08-13 12:30:00
1115092,1115092,5679,2019-08-13 12:45:00-05,1.789,-1.346,10036,2019-08-13 12:45:00
1115093,1115093,5679,2019-08-13 13:00:00-05,0.625,-0.222,10037,2019-08-13 13:00:00
1115094,1115094,5679,2019-08-13 13:15:00-05,0.948,-0.445,10038,2019-08-13 13:15:00
1115095,1115095,5679,2019-08-13 13:30:00-05,1.458,-0.996,10039,2019-08-13 13:30:00
1115096,1115096,5679,2019-08-13 13:45:00-05,2.009,-1.267,10040,2019-08-13 13:45:00
1115097,1115097,5679,2019-08-13 14:00:00-05,1.952,-0.963,10041,2019-08-13 14:00:00
1115098,1115098,5679,2019-08-13 14:15:00-05,2.29,-1.301,10042,2019-08-13 14:15:00
1115099,1115099,5679,2019-08-13 14:30:00-05,2.15,-1.196,10043,2019-08-13 14:30:00
1115100,1115100,5679,2019-08-13 14:45:00-05,1.566,-0.86,10044,2019-08-13 14:45:00
1115101,1115101,5679,2019-08-13 15:00:00-05,1.487,-1.289,10045,2019-08-13 15:00:00
1115102,1115102,5679,2019-08-13 15:15:00-05,1.3,-0.95,10046,2019-08-13 15:15:00
1115103,1115103,5679,2019-08-13 15:30:00-05,1.074,-0.178,10047,2019-08-13 15:30:00
1115104,1115104,5679,2019-08-13 15:45:00-05,1.073,-0.586,10048,2019-08-13 15:45:00
1115105,1115105,5679,2019-08-13 16:00:00-05,0.776,0.163,10049,2019-08-13 16:00:00
1115106,1115106,5679,2019-08-13 16:15:00-05,0.8,-0.062,10050,2019-08-13 16:15:00
1115107,1115107,5679,2019-08-13 16:30:00-05,0.73,0.403,10051,2019-08-13 16:30:00
1115108,1115108,5679,2019-08-13 16:45:00-05,0.516,0.596,10052,2019-08-13 16:45:00
1115109,1115109,5679,2019-08-13 17:00:00-05,0.335,0.315,10053,2019-08-13 17:00:00
1115110,1115110,5679,2019-08-13 17:15:00-05,0.186,0.129,10054,2019-08-13 17:15:00
1115111,1115111,5679,2019-08-13 17:30:00-05,0.228,0.268,10055,2019-08-13 17:30:00
1115112,1115112,5679,2019-08-13 17:45:00-05,0.184,0.478,10056,2019-08-13 17:45:00
1115113,1115113,5679,2019-08-13 18:00:00-05,0.087,0.553,10057,2019-08-13 18:00:00
1115114,1115114,5679,2019-08-13 18:15:00-05,0.05,0.305,10058,2019-08-13 18:15:00
1115115,1115115,5679,2019-08-13 18:30:00-05,0.043,0.823,10059,2019-08-13 18:30:00
1115116,1115116,5679,2019-08-13 18:45:00-05,0.01,0.453,10060,2019-08-13 18:45:00
1115117,1115117,5679,2019-08-13 19:00:00-05,0.005,0.542,10061,2019-08-13 19:00:00
1115118,1115118,5679,2019-08-13 19:15:00-05,0.005,0.827,10062,2019-08-13 19:15:00
1115119,1115119,5679,2019-08-13 19:30:00-05,0.005,0.808,10063,2019-08-13 19:30:00
1115120,1115120,5679,2019-08-13 19:45:00-05,0.005,0.671,10064,2019-08-13 19:45:00
1115121,1115121,5679,2019-08-13 20:00:00-05,0.006,0.495,10065,2019-08-13 20:00:00
1115122,1115122,5679,2019-08-13 20:15:00-05,0.005,0.862,10066,2019-08-13 20:15:00
1115123,1115123,5679,2019-08-13 20:30:00-05,0.005,1.083,10067,2019-08-13 20:30:00
1115124,1115124,5679,2019-08-13 20:45:00-05,0.006,0.523,10068,2019-08-13 20:45:00
1115125,1115125,5679,2019-08-13 21:00:00-05,0.005,0.951,10069,2019-08-13 21:00:00
1115126,1115126,5679,2019-08-13 21:15:00-05,0.005,0.713,10070,2019-08-13 21:15:00
1115127,1115127,5679,2019-08-13 21:30:00-05,0.006,0.402,10071,2019-08-13 21:30:00
1115128,1115128,5679,2019-08-13 21:45:00-05,0.006,0.404,10072,2019-08-13 21:45:00
1115129,1115129,5679,2019-08-13 22:00:00-05,0.006,0.306,10073,2019-08-13 22:00:00
1115130,1115130,5679,2019-08-13 22:15:00-05,0.006,0.334,10074,2019-08-13 22:15:00
1115131,1115131,5679,2019-08-13 22:30:00-05,0.006,0.324,10075,2019-08-13 22:30:00
1115132,1115132,5679,2019-08-13 22:45:00-05,0.006,0.314,10076,2019-08-13 22:45:00
1115133,1115133,5679,2019-08-13 23:00:00-05,0.006,0.233,10077,2019-08-13 23:00:00
1115134,1115134,5679,2019-08-13 23:15:00-05,0.006,0.34,10078,2019-08-13 23:15:00
1115135,1115135,5679,2019-08-13 23:30:00-05,0.006,0.456,10079,2019-08-13 23:30:00
1115136,1115136,5679,2019-08-13 23:45:00-05,0.006,0.401,10080,2019-08-13 23:45:00
1115137,1115137,5679,2019-08-14 00:00:00-05,0.006,0.456,10081,2019-08-14 00:00:00
1115138,1115138,5679,2019-08-14 00:15:00-05,0.006,0.397,10082,2019-08-14 00:15:00
1115139,1115139,5679,2019-08-14 00:30:00-05,0.006,0.454,10083,2019-08-14 00:30:00
1115140,1115140,5679,2019-08-14 00:45:00-05,0.006,0.319,10084,2019-08-14 00:45:00
1115141,1115141,5679,2019-08-14 01:00:00-05,0.006,0.543,10085,2019-08-14 01:00:00
1115142,1115142,5679,2019-08-14 01:15:00-05,0.006,0.273,10086,2019-08-14 01:15:00
1115143,1115143,5679,2019-08-14 01:30:00-05,0.006,0.334,10087,2019-08-14 01:30:00
1115144,1115144,5679,2019-08-14 01:45:00-05,0.006,0.326,10088,2019-08-14 01:45:00
1115145,1115145,5679,2019-08-14 02:00:00-05,0.006,0.334,10089,2019-08-14 02:00:00
1115146,1115146,5679,2019-08-14 02:15:00-05,0.006,0.441,10090,2019-08-14 02:15:00
1115147,1115147,5679,2019-08-14 02:30:00-05,0.006,0.432,10091,2019-08-14 02:30:00
1115148,1115148,5679,2019-08-14 02:45:00-05,0.006,0.455,10092,2019-08-14 02:45:00
1115149,1115149,5679,2019-08-14 03:00:00-05,0.006,0.999,10093,2019-08-14 03:00:00
1115150,1115150,5679,2019-08-14 03:15:00-05,0.006,1.01,10094,2019-08-14 03:15:00
1115151,1115151,5679,2019-08-14 03:30:00-05,0.006,0.417,10095,2019-08-14 03:30:00
1115152,1115152,5679,2019-08-14 03:45:00-05,0.006,0.352,10096,2019-08-14 03:45:00
1115153,1115153,5679,2019-08-14 04:00:00-05,0.006,0.293,10097,2019-08-14 04:00:00
1115154,1115154,5679,2019-08-14 04:15:00-05,0.006,0.349,10098,2019-08-14 04:15:00
1115155,1115155,5679,2019-08-14 04:30:00-05,0.006,0.294,10099,2019-08-14 04:30:00
1115156,1115156,5679,2019-08-14 04:45:00-05,0.006,0.345,10100,2019-08-14 04:45:00
1115157,1115157,5679,2019-08-14 05:00:00-05,0.006,0.379,10101,2019-08-14 05:00:00
1115158,1115158,5679,2019-08-14 05:15:00-05,0.018,0.431,10102,2019-08-14 05:15:00
1115159,1115159,5679,2019-08-14 05:30:00-05,0.061,0.885,10103,2019-08-14 05:30:00
1115160,1115160,5679,2019-08-14 05:45:00-05,0.116,0.304,10104,2019-08-14 05:45:00
1115161,1115161,5679,2019-08-14 06:00:00-05,0.224,0.598,10105,2019-08-14 06:00:00
1115162,1115162,5679,2019-08-14 06:15:00-05,0.267,0.561,10106,2019-08-14 06:15:00
1115163,1115163,5679,2019-08-14 06:30:00-05,0.36,0.55,10107,2019-08-14 06:30:00
1115164,1115164,5679,2019-08-14 06:45:00-05,0.438,-0.006,10108,2019-08-14 06:45:00
1115165,1115165,5679,2019-08-14 07:00:00-05,0.535,-0.145,10109,2019-08-14 07:00:00
1115166,1115166,5679,2019-08-14 07:15:00-05,0.716,-0.389,10110,2019-08-14 07:15:00
1115167,1115167,5679,2019-08-14 07:30:00-05,0.765,-0.381,10111,2019-08-14 07:30:00
1115168,1115168,5679,2019-08-14 07:45:00-05,0.865,-0.562,10112,2019-08-14 07:45:00
1115169,1115169,5679,2019-08-14 08:00:00-05,1.074,-0.693,10113,2019-08-14 08:00:00
1115170,1115170,5679,2019-08-14 08:15:00-05,1.377,-1.0,10114,2019-08-14 08:15:00
1115171,1115171,5679,2019-08-14 08:30:00-05,1.621,-1.281,10115,2019-08-14 08:30:00
1115172,1115172,5679,2019-08-14 08:45:00-05,2.465,-2.161,10116,2019-08-14 08:45:00
1115173,1115173,5679,2019-08-14 09:00:00-05,1.908,-1.581,10117,2019-08-14 09:00:00
1115174,1115174,5679,2019-08-14 09:15:00-05,2.242,-1.933,10118,2019-08-14 09:15:00
1115175,1115175,5679,2019-08-14 09:30:00-05,2.404,-2.155,10119,2019-08-14 09:30:00
1115176,1115176,5679,2019-08-14 09:45:00-05,3.369,-3.155,10120,2019-08-14 09:45:00
1115177,1115177,5679,2019-08-14 10:00:00-05,3.376,-2.971,10121,2019-08-14 10:00:00
1115178,1115178,5679,2019-08-14 10:15:00-05,3.627,-2.76,10122,2019-08-14 10:15:00
1115179,1115179,5679,2019-08-14 10:30:00-05,2.993,-2.16,10123,2019-08-14 10:30:00
1115180,1115180,5679,2019-08-14 10:45:00-05,3.774,-2.753,10124,2019-08-14 10:45:00
1115181,1115181,5679,2019-08-14 11:00:00-05,3.907,-3.568,10125,2019-08-14 11:00:00
1115182,1115182,5679,2019-08-14 11:15:00-05,3.974,-3.47,10126,2019-08-14 11:15:00
1115183,1115183,5679,2019-08-14 11:30:00-05,4.044,-3.637,10127,2019-08-14 11:30:00
1115184,1115184,5679,2019-08-14 11:45:00-05,4.036,-3.599,10128,2019-08-14 11:45:00
1115185,1115185,5679,2019-08-14 12:00:00-05,4.05,-3.654,10129,2019-08-14 12:00:00
1115186,1115186,5679,2019-08-14 12:15:00-05,3.338,-2.902,10130,2019-08-14 12:15:00
1115187,1115187,5679,2019-08-14 12:30:00-05,3.125,-2.357,10131,2019-08-14 12:30:00
1115188,1115188,5679,2019-08-14 12:45:00-05,3.883,-2.784,10132,2019-08-14 12:45:00
1115189,1115189,5679,2019-08-14 13:00:00-05,3.158,-2.16,10133,2019-08-14 13:00:00
1115190,1115190,5679,2019-08-14 13:15:00-05,3.596,-2.909,10134,2019-08-14 13:15:00
1115191,1115191,5679,2019-08-14 13:30:00-05,3.203,-2.685,10135,2019-08-14 13:30:00
1115192,1115192,5679,2019-08-14 13:45:00-05,2.564,-1.387,10136,2019-08-14 13:45:00
1115193,1115193,5679,2019-08-14 14:00:00-05,2.752,-1.964,10137,2019-08-14 14:00:00
1115194,1115194,5679,2019-08-14 14:15:00-05,2.418,-1.392,10138,2019-08-14 14:15:00
1115195,1115195,5679,2019-08-14 14:30:00-05,1.774,-0.67,10139,2019-08-14 14:30:00
1115196,1115196,5679,2019-08-14 14:45:00-05,1.692,-0.389,10140,2019-08-14 14:45:00
1115197,1115197,5679,2019-08-14 15:00:00-05,1.329,0.268,10141,2019-08-14 15:00:00
1115198,1115198,5679,2019-08-14 15:15:00-05,1.007,0.773,10142,2019-08-14 15:15:00
1115199,1115199,5679,2019-08-14 15:30:00-05,0.963,0.814,10143,2019-08-14 15:30:00
1115200,1115200,5679,2019-08-14 15:45:00-05,0.818,0.643,10144,2019-08-14 15:45:00
1115201,1115201,5679,2019-08-14 16:00:00-05,0.779,0.495,10145,2019-08-14 16:00:00
1115202,1115202,5679,2019-08-14 16:15:00-05,0.631,0.457,10146,2019-08-14 16:15:00
1115203,1115203,5679,2019-08-14 16:30:00-05,0.593,0.445,10147,2019-08-14 16:30:00
1115204,1115204,5679,2019-08-14 16:45:00-05,0.421,0.547,10148,2019-08-14 16:45:00
1115205,1115205,5679,2019-08-14 17:00:00-05,0.469,1.562,10149,2019-08-14 17:00:00
1115206,1115206,5679,2019-08-14 17:15:00-05,0.442,1.57,10150,2019-08-14 17:15:00
1115207,1115207,5679,2019-08-14 17:30:00-05,0.318,2.043,10151,2019-08-14 17:30:00
1115208,1115208,5679,2019-08-14 17:45:00-05,0.23,1.872,10152,2019-08-14 17:45:00
1115209,1115209,5679,2019-08-14 18:00:00-05,0.225,1.727,10153,2019-08-14 18:00:00
1115210,1115210,5679,2019-08-14 18:15:00-05,0.125,1.836,10154,2019-08-14 18:15:00
1115211,1115211,5679,2019-08-14 18:30:00-05,0.101,1.511,10155,2019-08-14 18:30:00
1115212,1115212,5679,2019-08-14 18:45:00-05,0.043,1.51,10156,2019-08-14 18:45:00
1115213,1115213,5679,2019-08-14 19:00:00-05,0.012,1.528,10157,2019-08-14 19:00:00
1115214,1115214,5679,2019-08-14 19:15:00-05,0.005,1.285,10158,2019-08-14 19:15:00
1115215,1115215,5679,2019-08-14 19:30:00-05,0.005,1.128,10159,2019-08-14 19:30:00
1115216,1115216,5679,2019-08-14 19:45:00-05,0.005,1.023,10160,2019-08-14 19:45:00
1115217,1115217,5679,2019-08-14 20:00:00-05,0.005,0.734,10161,2019-08-14 20:00:00
1115218,1115218,5679,2019-08-14 20:15:00-05,0.005,0.983,10162,2019-08-14 20:15:00
1115219,1115219,5679,2019-08-14 20:30:00-05,0.006,0.433,10163,2019-08-14 20:30:00
1115220,1115220,5679,2019-08-14 20:45:00-05,0.005,0.613,10164,2019-08-14 20:45:00
1115221,1115221,5679,2019-08-14 21:00:00-05,0.006,0.246,10165,2019-08-14 21:00:00
1115222,1115222,5679,2019-08-14 21:15:00-05,0.006,0.293,10166,2019-08-14 21:15:00
1115223,1115223,5679,2019-08-14 21:30:00-05,0.006,0.185,10167,2019-08-14 21:30:00
1115224,1115224,5679,2019-08-14 21:45:00-05,0.006,0.236,10168,2019-08-14 21:45:00
1115225,1115225,5679,2019-08-14 22:00:00-05,0.006,0.26,10169,2019-08-14 22:00:00
1115226,1115226,5679,2019-08-14 22:15:00-05,0.006,0.363,10170,2019-08-14 22:15:00
1115227,1115227,5679,2019-08-14 22:30:00-05,0.006,0.405,10171,2019-08-14 22:30:00
1115228,1115228,5679,2019-08-14 22:45:00-05,0.006,0.458,10172,2019-08-14 22:45:00
1115229,1115229,5679,2019-08-14 23:00:00-05,0.006,0.408,10173,2019-08-14 23:00:00
1115230,1115230,5679,2019-08-14 23:15:00-05,0.006,0.397,10174,2019-08-14 23:15:00
1115231,1115231,5679,2019-08-14 23:30:00-05,0.006,0.317,10175,2019-08-14 23:30:00
1115232,1115232,5679,2019-08-14 23:45:00-05,0.006,0.315,10176,2019-08-14 23:45:00
1115233,1115233,5679,2019-08-15 00:00:00-05,0.006,0.327,10177,2019-08-15 00:00:00
1115234,1115234,5679,2019-08-15 00:15:00-05,0.006,0.304,10178,2019-08-15 00:15:00
1115235,1115235,5679,2019-08-15 00:30:00-05,0.006,0.334,10179,2019-08-15 00:30:00
1115236,1115236,5679,2019-08-15 00:45:00-05,0.006,0.358,10180,2019-08-15 00:45:00
1115237,1115237,5679,2019-08-15 01:00:00-05,0.006,0.453,10181,2019-08-15 01:00:00
1115238,1115238,5679,2019-08-15 01:15:00-05,0.006,0.398,10182,2019-08-15 01:15:00
1115239,1115239,5679,2019-08-15 01:30:00-05,0.006,0.357,10183,2019-08-15 01:30:00
1115240,1115240,5679,2019-08-15 01:45:00-05,0.006,0.284,10184,2019-08-15 01:45:00
1115241,1115241,5679,2019-08-15 02:00:00-05,0.006,0.341,10185,2019-08-15 02:00:00
1115242,1115242,5679,2019-08-15 02:15:00-05,0.006,0.228,10186,2019-08-15 02:15:00
1115243,1115243,5679,2019-08-15 02:30:00-05,0.006,0.237,10187,2019-08-15 02:30:00
1115244,1115244,5679,2019-08-15 02:45:00-05,0.006,0.177,10188,2019-08-15 02:45:00
1115245,1115245,5679,2019-08-15 03:00:00-05,0.006,0.233,10189,2019-08-15 03:00:00
1115246,1115246,5679,2019-08-15 03:15:00-05,0.006,0.185,10190,2019-08-15 03:15:00
1115247,1115247,5679,2019-08-15 03:30:00-05,0.006,0.225,10191,2019-08-15 03:30:00
1115248,1115248,5679,2019-08-15 03:45:00-05,0.006,0.237,10192,2019-08-15 03:45:00
1115249,1115249,5679,2019-08-15 04:00:00-05,0.006,0.328,10193,2019-08-15 04:00:00
1115250,1115250,5679,2019-08-15 04:15:00-05,0.006,0.31,10194,2019-08-15 04:15:00
1115251,1115251,5679,2019-08-15 04:30:00-05,0.006,0.316,10195,2019-08-15 04:30:00
1115252,1115252,5679,2019-08-15 04:45:00-05,0.005,0.856,10196,2019-08-15 04:45:00
1115253,1115253,5679,2019-08-15 05:00:00-05,0.006,0.387,10197,2019-08-15 05:00:00
1115254,1115254,5679,2019-08-15 05:15:00-05,0.019,0.367,10198,2019-08-15 05:15:00
1115255,1115255,5679,2019-08-15 05:30:00-05,0.048,0.258,10199,2019-08-15 05:30:00
1115256,1115256,5679,2019-08-15 05:45:00-05,0.118,0.242,10200,2019-08-15 05:45:00
1115257,1115257,5679,2019-08-15 06:00:00-05,0.186,0.116,10201,2019-08-15 06:00:00
1115258,1115258,5679,2019-08-15 06:15:00-05,0.188,0.18,10202,2019-08-15 06:15:00
1115259,1115259,5679,2019-08-15 06:30:00-05,0.24,0.27,10203,2019-08-15 06:30:00
1115260,1115260,5679,2019-08-15 06:45:00-05,0.39,0.115,10204,2019-08-15 06:45:00
1115261,1115261,5679,2019-08-15 07:00:00-05,0.356,0.081,10205,2019-08-15 07:00:00
1115262,1115262,5679,2019-08-15 07:15:00-05,0.611,-0.099,10206,2019-08-15 07:15:00
1115263,1115263,5679,2019-08-15 07:30:00-05,0.576,-0.152,10207,2019-08-15 07:30:00
1115264,1115264,5679,2019-08-15 07:45:00-05,0.501,-0.035,10208,2019-08-15 07:45:00
1115265,1115265,5679,2019-08-15 08:00:00-05,1.047,-0.64,10209,2019-08-15 08:00:00
1115266,1115266,5679,2019-08-15 08:15:00-05,1.508,-1.123,10210,2019-08-15 08:15:00
1115267,1115267,5679,2019-08-15 08:30:00-05,1.846,-1.527,10211,2019-08-15 08:30:00
1115268,1115268,5679,2019-08-15 08:45:00-05,2.37,-2.05,10212,2019-08-15 08:45:00
1115269,1115269,5679,2019-08-15 09:00:00-05,2.437,-2.105,10213,2019-08-15 09:00:00
1115270,1115270,5679,2019-08-15 09:15:00-05,2.728,-2.42,10214,2019-08-15 09:15:00
1115271,1115271,5679,2019-08-15 09:30:00-05,3.382,-3.048,10215,2019-08-15 09:30:00
1115272,1115272,5679,2019-08-15 09:45:00-05,2.76,-2.41,10216,2019-08-15 09:45:00
1115273,1115273,5679,2019-08-15 10:00:00-05,2.615,-2.156,10217,2019-08-15 10:00:00
1115274,1115274,5679,2019-08-15 10:15:00-05,2.812,-2.412,10218,2019-08-15 10:15:00
1115275,1115275,5679,2019-08-15 10:30:00-05,3.726,-3.275,10219,2019-08-15 10:30:00
1115276,1115276,5679,2019-08-15 10:45:00-05,3.748,-3.356,10220,2019-08-15 10:45:00
1115277,1115277,5679,2019-08-15 11:00:00-05,3.848,-3.397,10221,2019-08-15 11:00:00
1115278,1115278,5679,2019-08-15 11:15:00-05,3.954,-3.034,10222,2019-08-15 11:15:00
1115279,1115279,5679,2019-08-15 11:30:00-05,4.013,-3.626,10223,2019-08-15 11:30:00
1115280,1115280,5679,2019-08-15 11:45:00-05,3.996,-3.664,10224,2019-08-15 11:45:00
1115281,1115281,5679,2019-08-15 12:00:00-05,4.037,-3.645,10225,2019-08-15 12:00:00
1115282,1115282,5679,2019-08-15 12:15:00-05,3.862,-3.518,10226,2019-08-15 12:15:00
1115283,1115283,5679,2019-08-15 12:30:00-05,2.276,-1.958,10227,2019-08-15 12:30:00
1115284,1115284,5679,2019-08-15 12:45:00-05,2.219,-1.899,10228,2019-08-15 12:45:00
1115285,1115285,5679,2019-08-15 13:00:00-05,2.164,-1.737,10229,2019-08-15 13:00:00
1115286,1115286,5679,2019-08-15 13:15:00-05,1.296,-0.837,10230,2019-08-15 13:15:00
1115287,1115287,5679,2019-08-15 13:30:00-05,2.331,-1.947,10231,2019-08-15 13:30:00
1115288,1115288,5679,2019-08-15 13:45:00-05,2.639,-2.195,10232,2019-08-15 13:45:00
1115289,1115289,5679,2019-08-15 14:00:00-05,2.659,-2.251,10233,2019-08-15 14:00:00
1115290,1115290,5679,2019-08-15 14:15:00-05,1.66,-0.725,10234,2019-08-15 14:15:00
1115291,1115291,5679,2019-08-15 14:30:00-05,1.145,-0.265,10235,2019-08-15 14:30:00
1115292,1115292,5679,2019-08-15 14:45:00-05,0.927,-0.118,10236,2019-08-15 14:45:00
1115293,1115293,5679,2019-08-15 15:00:00-05,0.737,0.078,10237,2019-08-15 15:00:00
1115294,1115294,5679,2019-08-15 15:15:00-05,0.728,-0.411,10238,2019-08-15 15:15:00
1115295,1115295,5679,2019-08-15 15:30:00-05,0.767,0.052,10239,2019-08-15 15:30:00
1115296,1115296,5679,2019-08-15 15:45:00-05,0.689,0.061,10240,2019-08-15 15:45:00
1115297,1115297,5679,2019-08-15 16:00:00-05,0.115,0.664,10241,2019-08-15 16:00:00
1115298,1115298,5679,2019-08-15 16:15:00-05,0.031,0.604,10242,2019-08-15 16:15:00
1115299,1115299,5679,2019-08-15 16:30:00-05,0.033,0.999,10243,2019-08-15 16:30:00
1115300,1115300,5679,2019-08-15 16:45:00-05,0.039,0.541,10244,2019-08-15 16:45:00
1115301,1115301,5679,2019-08-15 17:00:00-05,0.036,0.515,10245,2019-08-15 17:00:00
1115302,1115302,5679,2019-08-15 17:15:00-05,0.022,0.737,10246,2019-08-15 17:15:00
1115303,1115303,5679,2019-08-15 17:30:00-05,0.006,0.54,10247,2019-08-15 17:30:00
1115304,1115304,5679,2019-08-15 17:45:00-05,0.006,0.627,10248,2019-08-15 17:45:00
1115305,1115305,5679,2019-08-15 18:00:00-05,0.005,0.675,10249,2019-08-15 18:00:00
1115306,1115306,5679,2019-08-15 18:15:00-05,0.005,0.665,10250,2019-08-15 18:15:00
1115307,1115307,5679,2019-08-15 18:30:00-05,0.006,0.403,10251,2019-08-15 18:30:00
1115308,1115308,5679,2019-08-15 18:45:00-05,0.006,0.441,10252,2019-08-15 18:45:00
1115309,1115309,5679,2019-08-15 19:00:00-05,0.006,0.409,10253,2019-08-15 19:00:00
1115310,1115310,5679,2019-08-15 19:15:00-05,0.005,0.671,10254,2019-08-15 19:15:00
1115311,1115311,5679,2019-08-15 19:30:00-05,0.006,0.393,10255,2019-08-15 19:30:00
1115312,1115312,5679,2019-08-15 19:45:00-05,0.006,0.502,10256,2019-08-15 19:45:00
1115313,1115313,5679,2019-08-15 20:00:00-05,0.006,0.549,10257,2019-08-15 20:00:00
1115314,1115314,5679,2019-08-15 20:15:00-05,0.006,0.532,10258,2019-08-15 20:15:00
1115315,1115315,5679,2019-08-15 20:30:00-05,0.006,0.627,10259,2019-08-15 20:30:00
1115316,1115316,5679,2019-08-15 20:45:00-05,0.006,0.572,10260,2019-08-15 20:45:00
1115317,1115317,5679,2019-08-15 21:00:00-05,0.006,0.549,10261,2019-08-15 21:00:00
1115318,1115318,5679,2019-08-15 21:15:00-05,0.006,0.458,10262,2019-08-15 21:15:00
1115319,1115319,5679,2019-08-15 21:30:00-05,0.006,0.545,10263,2019-08-15 21:30:00
1115320,1115320,5679,2019-08-15 21:45:00-05,0.005,1.244,10264,2019-08-15 21:45:00
1115321,1115321,5679,2019-08-15 22:00:00-05,0.005,1.798,10265,2019-08-15 22:00:00
1115322,1115322,5679,2019-08-15 22:15:00-05,0.005,1.345,10266,2019-08-15 22:15:00
1115323,1115323,5679,2019-08-15 22:30:00-05,0.005,1.213,10267,2019-08-15 22:30:00
1115324,1115324,5679,2019-08-15 22:45:00-05,0.006,0.87,10268,2019-08-15 22:45:00
1115325,1115325,5679,2019-08-15 23:00:00-05,0.006,0.727,10269,2019-08-15 23:00:00
1115326,1115326,5679,2019-08-15 23:15:00-05,0.006,0.312,10270,2019-08-15 23:15:00
1115327,1115327,5679,2019-08-15 23:30:00-05,0.006,0.182,10271,2019-08-15 23:30:00
1115328,1115328,5679,2019-08-15 23:45:00-05,0.006,0.333,10272,2019-08-15 23:45:00
1115329,1115329,5679,2019-08-16 00:00:00-05,0.006,0.479,10273,2019-08-16 00:00:00
1115330,1115330,5679,2019-08-16 00:15:00-05,0.006,0.332,10274,2019-08-16 00:15:00
1115331,1115331,5679,2019-08-16 00:30:00-05,0.006,0.373,10275,2019-08-16 00:30:00
1115332,1115332,5679,2019-08-16 00:45:00-05,0.006,0.284,10276,2019-08-16 00:45:00
1115333,1115333,5679,2019-08-16 01:00:00-05,0.006,0.357,10277,2019-08-16 01:00:00
1115334,1115334,5679,2019-08-16 01:15:00-05,0.006,0.23,10278,2019-08-16 01:15:00
1115335,1115335,5679,2019-08-16 01:30:00-05,0.006,0.245,10279,2019-08-16 01:30:00
1115336,1115336,5679,2019-08-16 01:45:00-05,0.006,0.186,10280,2019-08-16 01:45:00
1115337,1115337,5679,2019-08-16 02:00:00-05,0.006,0.235,10281,2019-08-16 02:00:00
1115338,1115338,5679,2019-08-16 02:15:00-05,0.006,0.195,10282,2019-08-16 02:15:00
1115339,1115339,5679,2019-08-16 02:30:00-05,0.006,0.22,10283,2019-08-16 02:30:00
1115340,1115340,5679,2019-08-16 02:45:00-05,0.006,0.264,10284,2019-08-16 02:45:00
1115341,1115341,5679,2019-08-16 03:00:00-05,0.006,0.331,10285,2019-08-16 03:00:00
1115342,1115342,5679,2019-08-16 03:15:00-05,0.006,0.314,10286,2019-08-16 03:15:00
1115343,1115343,5679,2019-08-16 03:30:00-05,0.006,0.317,10287,2019-08-16 03:30:00
1115344,1115344,5679,2019-08-16 03:45:00-05,0.006,0.33,10288,2019-08-16 03:45:00
1115345,1115345,5679,2019-08-16 04:00:00-05,0.006,0.297,10289,2019-08-16 04:00:00
1115346,1115346,5679,2019-08-16 04:15:00-05,0.006,0.276,10290,2019-08-16 04:15:00
1115347,1115347,5679,2019-08-16 04:30:00-05,0.006,0.172,10291,2019-08-16 04:30:00
1115348,1115348,5679,2019-08-16 04:45:00-05,0.006,0.236,10292,2019-08-16 04:45:00
1115349,1115349,5679,2019-08-16 05:00:00-05,0.006,0.202,10293,2019-08-16 05:00:00
1115350,1115350,5679,2019-08-16 05:15:00-05,0.016,0.262,10294,2019-08-16 05:15:00
1115351,1115351,5679,2019-08-16 05:30:00-05,0.052,0.731,10295,2019-08-16 05:30:00
1115352,1115352,5679,2019-08-16 05:45:00-05,0.095,0.35,10296,2019-08-16 05:45:00
1115353,1115353,5679,2019-08-16 06:00:00-05,0.144,0.154,10297,2019-08-16 06:00:00
1115354,1115354,5679,2019-08-16 06:15:00-05,0.191,0.168,10298,2019-08-16 06:15:00
1115355,1115355,5679,2019-08-16 06:30:00-05,0.254,0.059,10299,2019-08-16 06:30:00
1115356,1115356,5679,2019-08-16 06:45:00-05,0.285,0.058,10300,2019-08-16 06:45:00
1115357,1115357,5679,2019-08-16 07:00:00-05,0.425,-0.066,10301,2019-08-16 07:00:00
1115358,1115358,5679,2019-08-16 07:15:00-05,0.233,0.155,10302,2019-08-16 07:15:00
1115359,1115359,5679,2019-08-16 07:30:00-05,0.207,0.181,10303,2019-08-16 07:30:00
1115360,1115360,5679,2019-08-16 07:45:00-05,0.224,0.117,10304,2019-08-16 07:45:00
1115361,1115361,5679,2019-08-16 08:00:00-05,0.353,0.01,10305,2019-08-16 08:00:00
1115362,1115362,5679,2019-08-16 08:15:00-05,0.594,-0.297,10306,2019-08-16 08:15:00
1115363,1115363,5679,2019-08-16 08:30:00-05,0.545,-0.192,10307,2019-08-16 08:30:00
1115364,1115364,5679,2019-08-16 08:45:00-05,0.473,-0.095,10308,2019-08-16 08:45:00
1115365,1115365,5679,2019-08-16 09:00:00-05,0.591,-0.131,10309,2019-08-16 09:00:00
1115366,1115366,5679,2019-08-16 09:15:00-05,0.937,-0.54,10310,2019-08-16 09:15:00
1115367,1115367,5679,2019-08-16 09:30:00-05,1.03,-0.575,10311,2019-08-16 09:30:00
1115368,1115368,5679,2019-08-16 09:45:00-05,2.056,-1.668,10312,2019-08-16 09:45:00
1115369,1115369,5679,2019-08-16 10:00:00-05,2.398,-1.942,10313,2019-08-16 10:00:00
1115370,1115370,5679,2019-08-16 10:15:00-05,2.447,5.513,10314,2019-08-16 10:15:00
1115371,1115371,5679,2019-08-16 10:30:00-05,3.392,4.257,10315,2019-08-16 10:30:00
1115372,1115372,5679,2019-08-16 10:45:00-05,2.039,6.96,10316,2019-08-16 10:45:00
1115373,1115373,5679,2019-08-16 11:00:00-05,1.024,8.129,10317,2019-08-16 11:00:00
1115374,1115374,5679,2019-08-16 11:15:00-05,3.105,6.004,10318,2019-08-16 11:15:00
1115375,1115375,5679,2019-08-16 11:30:00-05,3.036,4.532,10319,2019-08-16 11:30:00
1115376,1115376,5679,2019-08-16 11:45:00-05,3.825,-1.262,10320,2019-08-16 11:45:00
1115377,1115377,5679,2019-08-16 12:00:00-05,3.81,-1.547,10321,2019-08-16 12:00:00
1115378,1115378,5679,2019-08-16 12:15:00-05,3.521,-2.531,10322,2019-08-16 12:15:00
1115379,1115379,5679,2019-08-16 12:30:00-05,3.443,-3.023,10323,2019-08-16 12:30:00
1115380,1115380,5679,2019-08-16 12:45:00-05,3.239,-2.489,10324,2019-08-16 12:45:00
1115381,1115381,5679,2019-08-16 13:00:00-05,2.297,-1.483,10325,2019-08-16 13:00:00
1115382,1115382,5679,2019-08-16 13:15:00-05,1.928,-1.314,10326,2019-08-16 13:15:00
1115383,1115383,5679,2019-08-16 13:30:00-05,2.433,-1.584,10327,2019-08-16 13:30:00
1115384,1115384,5679,2019-08-16 13:45:00-05,1.172,-0.144,10328,2019-08-16 13:45:00
1115385,1115385,5679,2019-08-16 14:00:00-05,1.272,-0.318,10329,2019-08-16 14:00:00
1115386,1115386,5679,2019-08-16 14:15:00-05,0.552,0.425,10330,2019-08-16 14:15:00
1115387,1115387,5679,2019-08-16 14:30:00-05,0.274,1.093,10331,2019-08-16 14:30:00
1115388,1115388,5679,2019-08-16 14:45:00-05,0.688,0.298,10332,2019-08-16 14:45:00
1115389,1115389,5679,2019-08-16 15:00:00-05,1.717,-0.658,10333,2019-08-16 15:00:00
1115390,1115390,5679,2019-08-16 15:15:00-05,1.453,-0.319,10334,2019-08-16 15:15:00
1115391,1115391,5679,2019-08-16 15:30:00-05,0.966,0.446,10335,2019-08-16 15:30:00
1115392,1115392,5679,2019-08-16 15:45:00-05,0.667,0.726,10336,2019-08-16 15:45:00
1115393,1115393,5679,2019-08-16 16:00:00-05,0.517,0.966,10337,2019-08-16 16:00:00
1115394,1115394,5679,2019-08-16 16:15:00-05,0.369,0.559,10338,2019-08-16 16:15:00
1115395,1115395,5679,2019-08-16 16:30:00-05,0.489,-0.088,10339,2019-08-16 16:30:00
1115396,1115396,5679,2019-08-16 16:45:00-05,0.323,0.019,10340,2019-08-16 16:45:00
1115397,1115397,5679,2019-08-16 17:00:00-05,0.189,0.211,10341,2019-08-16 17:00:00
1115398,1115398,5679,2019-08-16 17:15:00-05,0.17,0.172,10342,2019-08-16 17:15:00
1115399,1115399,5679,2019-08-16 17:30:00-05,0.18,0.226,10343,2019-08-16 17:30:00
1115400,1115400,5679,2019-08-16 17:45:00-05,0.342,0.081,10344,2019-08-16 17:45:00
1115401,1115401,5679,2019-08-16 18:00:00-05,0.234,0.945,10345,2019-08-16 18:00:00
1115402,1115402,5679,2019-08-16 18:15:00-05,0.047,0.386,10346,2019-08-16 18:15:00
1115403,1115403,5679,2019-08-16 18:30:00-05,0.034,0.569,10347,2019-08-16 18:30:00
1115404,1115404,5679,2019-08-16 18:45:00-05,0.022,0.33,10348,2019-08-16 18:45:00
1115405,1115405,5679,2019-08-16 19:00:00-05,0.006,0.419,10349,2019-08-16 19:00:00
1115406,1115406,5679,2019-08-16 19:15:00-05,0.005,0.444,10350,2019-08-16 19:15:00
1115407,1115407,5679,2019-08-16 19:30:00-05,0.005,0.454,10351,2019-08-16 19:30:00
1115408,1115408,5679,2019-08-16 19:45:00-05,0.005,0.476,10352,2019-08-16 19:45:00
1115409,1115409,5679,2019-08-16 20:00:00-05,0.006,0.479,10353,2019-08-16 20:00:00
1115410,1115410,5679,2019-08-16 20:15:00-05,0.006,0.483,10354,2019-08-16 20:15:00
1115411,1115411,5679,2019-08-16 20:30:00-05,0.006,0.485,10355,2019-08-16 20:30:00
1115412,1115412,5679,2019-08-16 20:45:00-05,0.006,0.481,10356,2019-08-16 20:45:00
1115413,1115413,5679,2019-08-16 21:00:00-05,0.006,0.713,10357,2019-08-16 21:00:00
1115414,1115414,5679,2019-08-16 21:15:00-05,0.005,1.175,10358,2019-08-16 21:15:00
1115415,1115415,5679,2019-08-16 21:30:00-05,0.005,1.124,10359,2019-08-16 21:30:00
1115416,1115416,5679,2019-08-16 21:45:00-05,0.005,0.997,10360,2019-08-16 21:45:00
1115417,1115417,5679,2019-08-16 22:00:00-05,0.006,0.873,10361,2019-08-16 22:00:00
1115418,1115418,5679,2019-08-16 22:15:00-05,0.006,0.73,10362,2019-08-16 22:15:00
1115419,1115419,5679,2019-08-16 22:30:00-05,0.006,0.513,10363,2019-08-16 22:30:00
1115420,1115420,5679,2019-08-16 22:45:00-05,0.006,0.421,10364,2019-08-16 22:45:00
1115421,1115421,5679,2019-08-16 23:00:00-05,0.006,0.604,10365,2019-08-16 23:00:00
1115422,1115422,5679,2019-08-16 23:15:00-05,0.006,0.451,10366,2019-08-16 23:15:00
1115423,1115423,5679,2019-08-16 23:30:00-05,0.006,0.392,10367,2019-08-16 23:30:00
1115424,1115424,5679,2019-08-16 23:45:00-05,0.005,0.679,10368,2019-08-16 23:45:00
1115425,1115425,5679,2019-08-17 00:00:00-05,0.006,0.303,10369,2019-08-17 00:00:00
1115426,1115426,5679,2019-08-17 00:15:00-05,0.006,0.357,10370,2019-08-17 00:15:00
1115427,1115427,5679,2019-08-17 00:30:00-05,0.006,0.298,10371,2019-08-17 00:30:00
1115428,1115428,5679,2019-08-17 00:45:00-05,0.006,0.354,10372,2019-08-17 00:45:00
1115429,1115429,5679,2019-08-17 01:00:00-05,0.006,0.293,10373,2019-08-17 01:00:00
1115430,1115430,5679,2019-08-17 01:15:00-05,0.006,0.35,10374,2019-08-17 01:15:00
1115431,1115431,5679,2019-08-17 01:30:00-05,0.006,0.329,10375,2019-08-17 01:30:00
1115432,1115432,5679,2019-08-17 01:45:00-05,0.006,0.462,10376,2019-08-17 01:45:00
1115433,1115433,5679,2019-08-17 02:00:00-05,0.006,0.4,10377,2019-08-17 02:00:00
1115434,1115434,5679,2019-08-17 02:15:00-05,0.006,0.454,10378,2019-08-17 02:15:00
1115435,1115435,5679,2019-08-17 02:30:00-05,0.006,0.402,10379,2019-08-17 02:30:00
1115436,1115436,5679,2019-08-17 02:45:00-05,0.006,0.43,10380,2019-08-17 02:45:00
1115437,1115437,5679,2019-08-17 03:00:00-05,0.006,0.303,10381,2019-08-17 03:00:00
1115438,1115438,5679,2019-08-17 03:15:00-05,0.006,0.327,10382,2019-08-17 03:15:00
1115439,1115439,5679,2019-08-17 03:30:00-05,0.006,0.309,10383,2019-08-17 03:30:00
1115440,1115440,5679,2019-08-17 03:45:00-05,0.006,0.309,10384,2019-08-17 03:45:00
1115441,1115441,5679,2019-08-17 04:00:00-05,0.006,0.326,10385,2019-08-17 04:00:00
1115442,1115442,5679,2019-08-17 04:15:00-05,0.006,0.311,10386,2019-08-17 04:15:00
1115443,1115443,5679,2019-08-17 04:30:00-05,0.006,0.456,10387,2019-08-17 04:30:00
1115444,1115444,5679,2019-08-17 04:45:00-05,0.006,0.396,10388,2019-08-17 04:45:00
1115445,1115445,5679,2019-08-17 05:00:00-05,0.006,0.457,10389,2019-08-17 05:00:00
1115446,1115446,5679,2019-08-17 05:15:00-05,0.018,0.381,10390,2019-08-17 05:15:00
1115447,1115447,5679,2019-08-17 05:30:00-05,0.059,0.4,10391,2019-08-17 05:30:00
1115448,1115448,5679,2019-08-17 05:45:00-05,0.098,0.27,10392,2019-08-17 05:45:00
1115449,1115449,5679,2019-08-17 06:00:00-05,0.126,0.733,10393,2019-08-17 06:00:00
1115450,1115450,5679,2019-08-17 06:15:00-05,0.18,0.113,10394,2019-08-17 06:15:00
1115451,1115451,5679,2019-08-17 06:30:00-05,0.246,0.105,10395,2019-08-17 06:30:00
1115452,1115452,5679,2019-08-17 06:45:00-05,0.229,0.061,10396,2019-08-17 06:45:00
1115453,1115453,5679,2019-08-17 07:00:00-05,0.264,0.086,10397,2019-08-17 07:00:00
1115454,1115454,5679,2019-08-17 07:15:00-05,0.312,0.04,10398,2019-08-17 07:15:00
1115455,1115455,5679,2019-08-17 07:30:00-05,0.344,0.153,10399,2019-08-17 07:30:00
1115456,1115456,5679,2019-08-17 07:45:00-05,0.469,-0.017,10400,2019-08-17 07:45:00
1115457,1115457,5679,2019-08-17 08:00:00-05,1.055,-0.519,10401,2019-08-17 08:00:00
1115458,1115458,5679,2019-08-17 08:15:00-05,1.512,-1.06,10402,2019-08-17 08:15:00
1115459,1115459,5679,2019-08-17 08:30:00-05,1.819,-1.373,10403,2019-08-17 08:30:00
1115460,1115460,5679,2019-08-17 08:45:00-05,2.097,-1.665,10404,2019-08-17 08:45:00
1115461,1115461,5679,2019-08-17 09:00:00-05,2.365,-2.156,10405,2019-08-17 09:00:00
1115462,1115462,5679,2019-08-17 09:15:00-05,2.708,-2.455,10406,2019-08-17 09:15:00
1115463,1115463,5679,2019-08-17 09:30:00-05,2.98,-2.783,10407,2019-08-17 09:30:00
1115464,1115464,5679,2019-08-17 09:45:00-05,3.172,-2.913,10408,2019-08-17 09:45:00
1115465,1115465,5679,2019-08-17 10:00:00-05,3.249,-3.052,10409,2019-08-17 10:00:00
1115466,1115466,5679,2019-08-17 10:15:00-05,3.563,-3.266,10410,2019-08-17 10:15:00
1115467,1115467,5679,2019-08-17 10:30:00-05,4.106,-3.778,10411,2019-08-17 10:30:00
1115468,1115468,5679,2019-08-17 10:45:00-05,2.357,-1.988,10412,2019-08-17 10:45:00
1115469,1115469,5679,2019-08-17 11:00:00-05,1.604,-1.311,10413,2019-08-17 11:00:00
1115470,1115470,5679,2019-08-17 11:15:00-05,1.609,-1.24,10414,2019-08-17 11:15:00
1115471,1115471,5679,2019-08-17 11:30:00-05,1.385,-1.047,10415,2019-08-17 11:30:00
1115472,1115472,5679,2019-08-17 11:45:00-05,1.078,-0.222,10416,2019-08-17 11:45:00
1115473,1115473,5679,2019-08-17 12:00:00-05,1.117,-0.846,10417,2019-08-17 12:00:00
1115474,1115474,5679,2019-08-17 12:15:00-05,0.472,-0.21,10418,2019-08-17 12:15:00
1115475,1115475,5679,2019-08-17 12:30:00-05,0.335,-0.061,10419,2019-08-17 12:30:00
1115476,1115476,5679,2019-08-17 12:45:00-05,0.347,-0.106,10420,2019-08-17 12:45:00
1115477,1115477,5679,2019-08-17 13:00:00-05,0.294,0.005,10421,2019-08-17 13:00:00
1115478,1115478,5679,2019-08-17 13:15:00-05,0.249,0.041,10422,2019-08-17 13:15:00
1115479,1115479,5679,2019-08-17 13:30:00-05,0.215,0.175,10423,2019-08-17 13:30:00
1115480,1115480,5679,2019-08-17 13:45:00-05,0.735,-0.406,10424,2019-08-17 13:45:00
1115481,1115481,5679,2019-08-17 14:00:00-05,0.846,-0.461,10425,2019-08-17 14:00:00
1115482,1115482,5679,2019-08-17 14:15:00-05,1.427,-1.109,10426,2019-08-17 14:15:00
1115483,1115483,5679,2019-08-17 14:30:00-05,0.977,-0.618,10427,2019-08-17 14:30:00
1115484,1115484,5679,2019-08-17 14:45:00-05,0.379,-0.092,10428,2019-08-17 14:45:00
1115485,1115485,5679,2019-08-17 15:00:00-05,0.082,0.313,10429,2019-08-17 15:00:00
1115486,1115486,5679,2019-08-17 15:15:00-05,0.095,0.276,10430,2019-08-17 15:15:00
1115487,1115487,5679,2019-08-17 15:30:00-05,0.132,0.111,10431,2019-08-17 15:30:00
1115488,1115488,5679,2019-08-17 15:45:00-05,0.325,-0.066,10432,2019-08-17 15:45:00
1115489,1115489,5679,2019-08-17 16:00:00-05,0.261,-0.056,10433,2019-08-17 16:00:00
1115490,1115490,5679,2019-08-17 16:15:00-05,0.281,0.255,10434,2019-08-17 16:15:00
1115491,1115491,5679,2019-08-17 16:30:00-05,0.202,0.809,10435,2019-08-17 16:30:00
1115492,1115492,5679,2019-08-17 16:45:00-05,0.341,0.638,10436,2019-08-17 16:45:00
1115493,1115493,5679,2019-08-17 17:00:00-05,0.533,-0.014,10437,2019-08-17 17:00:00
1115494,1115494,5679,2019-08-17 17:15:00-05,0.456,0.12,10438,2019-08-17 17:15:00
1115495,1115495,5679,2019-08-17 17:30:00-05,0.418,0.262,10439,2019-08-17 17:30:00
1115496,1115496,5679,2019-08-17 17:45:00-05,0.357,-0.039,10440,2019-08-17 17:45:00
1115497,1115497,5679,2019-08-17 18:00:00-05,0.146,0.95,10441,2019-08-17 18:00:00
1115498,1115498,5679,2019-08-17 18:15:00-05,0.083,0.333,10442,2019-08-17 18:15:00
1115499,1115499,5679,2019-08-17 18:30:00-05,0.036,0.466,10443,2019-08-17 18:30:00
1115500,1115500,5679,2019-08-17 18:45:00-05,0.019,0.442,10444,2019-08-17 18:45:00
1115501,1115501,5679,2019-08-17 19:00:00-05,0.006,0.499,10445,2019-08-17 19:00:00
1115502,1115502,5679,2019-08-17 19:15:00-05,0.006,0.433,10446,2019-08-17 19:15:00
1115503,1115503,5679,2019-08-17 19:30:00-05,0.006,0.416,10447,2019-08-17 19:30:00
1115504,1115504,5679,2019-08-17 19:45:00-05,0.006,0.353,10448,2019-08-17 19:45:00
1115505,1115505,5679,2019-08-17 20:00:00-05,0.006,0.835,10449,2019-08-17 20:00:00
1115506,1115506,5679,2019-08-17 20:15:00-05,0.006,0.918,10450,2019-08-17 20:15:00
1115507,1115507,5679,2019-08-17 20:30:00-05,0.006,0.575,10451,2019-08-17 20:30:00
1115508,1115508,5679,2019-08-17 20:45:00-05,0.006,0.424,10452,2019-08-17 20:45:00
1115509,1115509,5679,2019-08-17 21:00:00-05,0.006,0.473,10453,2019-08-17 21:00:00
1115510,1115510,5679,2019-08-17 21:15:00-05,0.006,0.728,10454,2019-08-17 21:15:00
1115511,1115511,5679,2019-08-17 21:30:00-05,0.006,1.011,10455,2019-08-17 21:30:00
1115512,1115512,5679,2019-08-17 21:45:00-05,0.006,1.057,10456,2019-08-17 21:45:00
1115513,1115513,5679,2019-08-17 22:00:00-05,0.006,0.548,10457,2019-08-17 22:00:00
1115514,1115514,5679,2019-08-17 22:15:00-05,0.006,0.825,10458,2019-08-17 22:15:00
1115515,1115515,5679,2019-08-17 22:30:00-05,0.006,0.287,10459,2019-08-17 22:30:00
1115516,1115516,5679,2019-08-17 22:45:00-05,0.006,0.348,10460,2019-08-17 22:45:00
1115517,1115517,5679,2019-08-17 23:00:00-05,0.006,0.298,10461,2019-08-17 23:00:00
1115518,1115518,5679,2019-08-17 23:15:00-05,0.006,0.338,10462,2019-08-17 23:15:00
1115519,1115519,5679,2019-08-17 23:30:00-05,0.006,0.318,10463,2019-08-17 23:30:00
1115520,1115520,5679,2019-08-17 23:45:00-05,0.006,0.439,10464,2019-08-17 23:45:00
1115521,1115521,5679,2019-08-18 00:00:00-05,0.006,0.425,10465,2019-08-18 00:00:00
1115522,1115522,5679,2019-08-18 00:15:00-05,0.006,0.427,10466,2019-08-18 00:15:00
1115523,1115523,5679,2019-08-18 00:30:00-05,0.006,0.434,10467,2019-08-18 00:30:00
1115524,1115524,5679,2019-08-18 00:45:00-05,0.006,0.411,10468,2019-08-18 00:45:00
1115525,1115525,5679,2019-08-18 01:00:00-05,0.006,0.431,10469,2019-08-18 01:00:00
1115526,1115526,5679,2019-08-18 01:15:00-05,0.006,0.286,10470,2019-08-18 01:15:00
1115527,1115527,5679,2019-08-18 01:30:00-05,0.006,0.343,10471,2019-08-18 01:30:00
1115528,1115528,5679,2019-08-18 01:45:00-05,0.007,0.283,10472,2019-08-18 01:45:00
1115529,1115529,5679,2019-08-18 02:00:00-05,0.006,0.343,10473,2019-08-18 02:00:00
1115530,1115530,5679,2019-08-18 02:15:00-05,0.006,0.286,10474,2019-08-18 02:15:00
1115531,1115531,5679,2019-08-18 02:30:00-05,0.006,0.384,10475,2019-08-18 02:30:00
1115532,1115532,5679,2019-08-18 02:45:00-05,0.006,0.395,10476,2019-08-18 02:45:00
1115533,1115533,5679,2019-08-18 03:00:00-05,0.006,0.453,10477,2019-08-18 03:00:00
1115534,1115534,5679,2019-08-18 03:15:00-05,0.006,0.516,10478,2019-08-18 03:15:00
1115535,1115535,5679,2019-08-18 03:30:00-05,0.006,0.532,10479,2019-08-18 03:30:00
1115536,1115536,5679,2019-08-18 03:45:00-05,0.006,0.353,10480,2019-08-18 03:45:00
1115537,1115537,5679,2019-08-18 04:00:00-05,0.006,0.382,10481,2019-08-18 04:00:00
1115538,1115538,5679,2019-08-18 04:15:00-05,0.007,0.307,10482,2019-08-18 04:15:00
1115539,1115539,5679,2019-08-18 04:30:00-05,0.007,0.334,10483,2019-08-18 04:30:00
1115540,1115540,5679,2019-08-18 04:45:00-05,0.007,0.318,10484,2019-08-18 04:45:00
1115541,1115541,5679,2019-08-18 05:00:00-05,0.007,0.319,10485,2019-08-18 05:00:00
1115542,1115542,5679,2019-08-18 05:15:00-05,0.016,0.322,10486,2019-08-18 05:15:00
1115543,1115543,5679,2019-08-18 05:30:00-05,0.057,0.38,10487,2019-08-18 05:30:00
1115544,1115544,5679,2019-08-18 05:45:00-05,0.099,0.329,10488,2019-08-18 05:45:00
1115545,1115545,5679,2019-08-18 06:00:00-05,0.145,0.7,10489,2019-08-18 06:00:00
1115546,1115546,5679,2019-08-18 06:15:00-05,0.19,0.395,10490,2019-08-18 06:15:00
1115547,1115547,5679,2019-08-18 06:30:00-05,0.223,0.195,10491,2019-08-18 06:30:00
1115548,1115548,5679,2019-08-18 06:45:00-05,0.274,0.119,10492,2019-08-18 06:45:00
1115549,1115549,5679,2019-08-18 07:00:00-05,0.266,0.039,10493,2019-08-18 07:00:00
1115550,1115550,5679,2019-08-18 07:15:00-05,0.324,0.046,10494,2019-08-18 07:15:00
1115551,1115551,5679,2019-08-18 07:30:00-05,0.642,-0.235,10495,2019-08-18 07:30:00
1115552,1115552,5679,2019-08-18 07:45:00-05,1.073,-0.637,10496,2019-08-18 07:45:00
1115553,1115553,5679,2019-08-18 08:00:00-05,1.221,-0.904,10497,2019-08-18 08:00:00
1115554,1115554,5679,2019-08-18 08:15:00-05,1.362,-0.935,10498,2019-08-18 08:15:00
1115555,1115555,5679,2019-08-18 08:30:00-05,1.654,-1.231,10499,2019-08-18 08:30:00
1115556,1115556,5679,2019-08-18 08:45:00-05,2.019,-1.522,10500,2019-08-18 08:45:00
1115557,1115557,5679,2019-08-18 09:00:00-05,2.343,-1.893,10501,2019-08-18 09:00:00
1115558,1115558,5679,2019-08-18 09:15:00-05,2.622,-2.153,10502,2019-08-18 09:15:00
1115559,1115559,5679,2019-08-18 09:30:00-05,2.888,-2.503,10503,2019-08-18 09:30:00
1115560,1115560,5679,2019-08-18 09:45:00-05,3.033,-2.675,10504,2019-08-18 09:45:00
1115561,1115561,5679,2019-08-18 10:00:00-05,3.127,-2.832,10505,2019-08-18 10:00:00
1115562,1115562,5679,2019-08-18 10:15:00-05,3.313,-2.948,10506,2019-08-18 10:15:00
1115563,1115563,5679,2019-08-18 10:30:00-05,2.458,-2.164,10507,2019-08-18 10:30:00
1115564,1115564,5679,2019-08-18 10:45:00-05,3.684,-3.358,10508,2019-08-18 10:45:00
1115565,1115565,5679,2019-08-18 11:00:00-05,3.7,-3.403,10509,2019-08-18 11:00:00
1115566,1115566,5679,2019-08-18 11:15:00-05,2.389,-1.895,10510,2019-08-18 11:15:00
1115567,1115567,5679,2019-08-18 11:30:00-05,3.719,-3.29,10511,2019-08-18 11:30:00
1115568,1115568,5679,2019-08-18 11:45:00-05,3.088,-2.596,10512,2019-08-18 11:45:00
1115569,1115569,5679,2019-08-18 12:00:00-05,2.751,-2.422,10513,2019-08-18 12:00:00
1115570,1115570,5679,2019-08-18 12:15:00-05,3.774,-3.013,10514,2019-08-18 12:15:00
1115571,1115571,5679,2019-08-18 12:30:00-05,2.763,-1.659,10515,2019-08-18 12:30:00
1115572,1115572,5679,2019-08-18 12:45:00-05,3.495,-2.36,10516,2019-08-18 12:45:00
1115573,1115573,5679,2019-08-18 13:00:00-05,0.666,0.337,10517,2019-08-18 13:00:00
1115574,1115574,5679,2019-08-18 13:15:00-05,0.222,0.828,10518,2019-08-18 13:15:00
1115575,1115575,5679,2019-08-18 13:30:00-05,0.114,0.274,10519,2019-08-18 13:30:00
1115576,1115576,5679,2019-08-18 13:45:00-05,0.285,0.128,10520,2019-08-18 13:45:00
1115577,1115577,5679,2019-08-18 14:00:00-05,1.217,-0.68,10521,2019-08-18 14:00:00
1115578,1115578,5679,2019-08-18 14:15:00-05,0.642,-0.281,10522,2019-08-18 14:15:00
1115579,1115579,5679,2019-08-18 14:30:00-05,0.456,-0.014,10523,2019-08-18 14:30:00
1115580,1115580,5679,2019-08-18 14:45:00-05,0.152,0.317,10524,2019-08-18 14:45:00
1115581,1115581,5679,2019-08-18 15:00:00-05,0.069,0.69,10525,2019-08-18 15:00:00
1115582,1115582,5679,2019-08-18 15:15:00-05,0.075,0.305,10526,2019-08-18 15:15:00
1115583,1115583,5679,2019-08-18 15:30:00-05,0.171,0.15,10527,2019-08-18 15:30:00
1115584,1115584,5679,2019-08-18 15:45:00-05,0.218,0.084,10528,2019-08-18 15:45:00
1115585,1115585,5679,2019-08-18 16:00:00-05,0.406,-0.216,10529,2019-08-18 16:00:00
1115586,1115586,5679,2019-08-18 16:15:00-05,0.49,-0.015,10530,2019-08-18 16:15:00
1115587,1115587,5679,2019-08-18 16:30:00-05,0.501,-0.147,10531,2019-08-18 16:30:00
1115588,1115588,5679,2019-08-18 16:45:00-05,0.488,-0.244,10532,2019-08-18 16:45:00
1115589,1115589,5679,2019-08-18 17:00:00-05,0.456,-0.23,10533,2019-08-18 17:00:00
1115590,1115590,5679,2019-08-18 17:15:00-05,0.377,0.097,10534,2019-08-18 17:15:00
1115591,1115591,5679,2019-08-18 17:30:00-05,0.351,0.122,10535,2019-08-18 17:30:00
1115592,1115592,5679,2019-08-18 17:45:00-05,0.339,0.479,10536,2019-08-18 17:45:00
1115593,1115593,5679,2019-08-18 18:00:00-05,0.205,0.692,10537,2019-08-18 18:00:00
1115594,1115594,5679,2019-08-18 18:15:00-05,0.085,0.708,10538,2019-08-18 18:15:00
1115595,1115595,5679,2019-08-18 18:30:00-05,0.038,0.375,10539,2019-08-18 18:30:00
1115596,1115596,5679,2019-08-18 18:45:00-05,0.015,0.483,10540,2019-08-18 18:45:00
1115597,1115597,5679,2019-08-18 19:00:00-05,0.006,0.431,10541,2019-08-18 19:00:00
1115598,1115598,5679,2019-08-18 19:15:00-05,0.006,0.484,10542,2019-08-18 19:15:00
1115599,1115599,5679,2019-08-18 19:30:00-05,0.006,0.42,10543,2019-08-18 19:30:00
1115600,1115600,5679,2019-08-18 19:45:00-05,0.005,0.965,10544,2019-08-18 19:45:00
1115601,1115601,5679,2019-08-18 20:00:00-05,0.005,1.847,10545,2019-08-18 20:00:00
1115602,1115602,5679,2019-08-18 20:15:00-05,0.005,1.788,10546,2019-08-18 20:15:00
1115603,1115603,5679,2019-08-18 20:30:00-05,0.005,1.661,10547,2019-08-18 20:30:00
1115604,1115604,5679,2019-08-18 20:45:00-05,0.005,1.331,10548,2019-08-18 20:45:00
1115605,1115605,5679,2019-08-18 21:00:00-05,0.006,1.063,10549,2019-08-18 21:00:00
1115606,1115606,5679,2019-08-18 21:15:00-05,0.006,0.87,10550,2019-08-18 21:15:00
1115607,1115607,5679,2019-08-18 21:30:00-05,0.006,0.72,10551,2019-08-18 21:30:00
1115608,1115608,5679,2019-08-18 21:45:00-05,0.006,0.295,10552,2019-08-18 21:45:00
1115609,1115609,5679,2019-08-18 22:00:00-05,0.006,0.553,10553,2019-08-18 22:00:00
1115610,1115610,5679,2019-08-18 22:15:00-05,0.006,0.458,10554,2019-08-18 22:15:00
1115611,1115611,5679,2019-08-18 22:30:00-05,0.006,0.397,10555,2019-08-18 22:30:00
1115612,1115612,5679,2019-08-18 22:45:00-05,0.006,0.455,10556,2019-08-18 22:45:00
1115613,1115613,5679,2019-08-18 23:00:00-05,0.006,0.393,10557,2019-08-18 23:00:00
1115614,1115614,5679,2019-08-18 23:15:00-05,0.006,0.433,10558,2019-08-18 23:15:00
1115615,1115615,5679,2019-08-18 23:30:00-05,0.006,0.286,10559,2019-08-18 23:30:00
1115616,1115616,5679,2019-08-18 23:45:00-05,0.006,0.348,10560,2019-08-18 23:45:00
1115617,1115617,5679,2019-08-19 00:00:00-05,0.006,0.285,10561,2019-08-19 00:00:00
1115618,1115618,5679,2019-08-19 00:15:00-05,0.006,0.346,10562,2019-08-19 00:15:00
1115619,1115619,5679,2019-08-19 00:30:00-05,0.006,0.322,10563,2019-08-19 00:30:00
1115620,1115620,5679,2019-08-19 00:45:00-05,0.006,0.31,10564,2019-08-19 00:45:00
1115621,1115621,5679,2019-08-19 01:00:00-05,0.006,0.325,10565,2019-08-19 01:00:00
1115622,1115622,5679,2019-08-19 01:15:00-05,0.006,0.458,10566,2019-08-19 01:15:00
1115623,1115623,5679,2019-08-19 01:30:00-05,0.006,0.395,10567,2019-08-19 01:30:00
1115624,1115624,5679,2019-08-19 01:45:00-05,0.006,0.455,10568,2019-08-19 01:45:00
1115625,1115625,5679,2019-08-19 02:00:00-05,0.006,0.394,10569,2019-08-19 02:00:00
1115626,1115626,5679,2019-08-19 02:15:00-05,0.006,0.418,10570,2019-08-19 02:15:00
1115627,1115627,5679,2019-08-19 02:30:00-05,0.007,0.287,10571,2019-08-19 02:30:00
1115628,1115628,5679,2019-08-19 02:45:00-05,0.006,0.348,10572,2019-08-19 02:45:00
1115629,1115629,5679,2019-08-19 03:00:00-05,0.007,0.261,10573,2019-08-19 03:00:00
1115630,1115630,5679,2019-08-19 03:15:00-05,0.007,0.235,10574,2019-08-19 03:15:00
1115631,1115631,5679,2019-08-19 03:30:00-05,0.006,0.421,10575,2019-08-19 03:30:00
1115632,1115632,5679,2019-08-19 03:45:00-05,0.006,0.411,10576,2019-08-19 03:45:00
1115633,1115633,5679,2019-08-19 04:00:00-05,0.006,0.385,10577,2019-08-19 04:00:00
1115634,1115634,5679,2019-08-19 04:15:00-05,0.006,0.481,10578,2019-08-19 04:15:00
1115635,1115635,5679,2019-08-19 04:30:00-05,0.006,0.714,10579,2019-08-19 04:30:00
1115636,1115636,5679,2019-08-19 04:45:00-05,0.006,0.416,10580,2019-08-19 04:45:00
1115637,1115637,5679,2019-08-19 05:00:00-05,0.006,0.469,10581,2019-08-19 05:00:00
1115638,1115638,5679,2019-08-19 05:15:00-05,0.022,0.276,10582,2019-08-19 05:15:00
1115639,1115639,5679,2019-08-19 05:30:00-05,0.088,0.287,10583,2019-08-19 05:30:00
1115640,1115640,5679,2019-08-19 05:45:00-05,0.119,0.177,10584,2019-08-19 05:45:00
1115641,1115641,5679,2019-08-19 06:00:00-05,0.114,0.535,10585,2019-08-19 06:00:00
1115642,1115642,5679,2019-08-19 06:15:00-05,0.139,0.413,10586,2019-08-19 06:15:00
1115643,1115643,5679,2019-08-19 06:30:00-05,0.152,0.284,10587,2019-08-19 06:30:00
1115644,1115644,5679,2019-08-19 06:45:00-05,0.25,0.155,10588,2019-08-19 06:45:00
1115645,1115645,5679,2019-08-19 07:00:00-05,0.268,0.209,10589,2019-08-19 07:00:00
1115646,1115646,5679,2019-08-19 07:15:00-05,0.323,0.1,10590,2019-08-19 07:15:00
1115647,1115647,5679,2019-08-19 07:30:00-05,0.409,0.058,10591,2019-08-19 07:30:00
1115648,1115648,5679,2019-08-19 07:45:00-05,0.78,-0.459,10592,2019-08-19 07:45:00
1115649,1115649,5679,2019-08-19 08:00:00-05,1.002,-0.582,10593,2019-08-19 08:00:00
1115650,1115650,5679,2019-08-19 08:15:00-05,1.233,-0.93,10594,2019-08-19 08:15:00
1115651,1115651,5679,2019-08-19 08:30:00-05,1.281,-0.922,10595,2019-08-19 08:30:00
1115652,1115652,5679,2019-08-19 08:45:00-05,1.342,-1.055,10596,2019-08-19 08:45:00
1115653,1115653,5679,2019-08-19 09:00:00-05,1.169,-0.817,10597,2019-08-19 09:00:00
1115654,1115654,5679,2019-08-19 09:15:00-05,1.222,-0.868,10598,2019-08-19 09:15:00
1115655,1115655,5679,2019-08-19 09:30:00-05,2.696,-2.22,10599,2019-08-19 09:30:00
1115656,1115656,5679,2019-08-19 09:45:00-05,3.093,-2.62,10600,2019-08-19 09:45:00
1115657,1115657,5679,2019-08-19 10:00:00-05,2.503,-1.925,10601,2019-08-19 10:00:00
1115658,1115658,5679,2019-08-19 10:15:00-05,2.586,-1.703,10602,2019-08-19 10:15:00
1115659,1115659,5679,2019-08-19 10:30:00-05,3.276,-1.95,10603,2019-08-19 10:30:00
1115660,1115660,5679,2019-08-19 10:45:00-05,3.027,0.379,10604,2019-08-19 10:45:00
1115661,1115661,5679,2019-08-19 11:00:00-05,3.066,2.148,10605,2019-08-19 11:00:00
1115662,1115662,5679,2019-08-19 11:15:00-05,4.135,-1.615,10606,2019-08-19 11:15:00
1115663,1115663,5679,2019-08-19 11:30:00-05,2.753,-1.504,10607,2019-08-19 11:30:00
1115664,1115664,5679,2019-08-19 11:45:00-05,3.173,-1.897,10608,2019-08-19 11:45:00
1115665,1115665,5679,2019-08-19 12:00:00-05,4.134,-2.843,10609,2019-08-19 12:00:00
1115666,1115666,5679,2019-08-19 12:15:00-05,3.607,0.504,10610,2019-08-19 12:15:00
1115667,1115667,5679,2019-08-19 12:30:00-05,4.004,-2.225,10611,2019-08-19 12:30:00
1115668,1115668,5679,2019-08-19 12:45:00-05,2.989,-1.109,10612,2019-08-19 12:45:00
1115669,1115669,5679,2019-08-19 13:00:00-05,2.696,-0.867,10613,2019-08-19 13:00:00
1115670,1115670,5679,2019-08-19 13:15:00-05,2.776,-0.846,10614,2019-08-19 13:15:00
1115671,1115671,5679,2019-08-19 13:30:00-05,1.306,0.499,10615,2019-08-19 13:30:00
1115672,1115672,5679,2019-08-19 13:45:00-05,2.392,-0.603,10616,2019-08-19 13:45:00
1115673,1115673,5679,2019-08-19 14:00:00-05,1.57,0.163,10617,2019-08-19 14:00:00
1115674,1115674,5679,2019-08-19 14:15:00-05,2.188,-0.329,10618,2019-08-19 14:15:00
1115675,1115675,5679,2019-08-19 14:30:00-05,1.286,0.62,10619,2019-08-19 14:30:00
1115676,1115676,5679,2019-08-19 14:45:00-05,1.247,0.59,10620,2019-08-19 14:45:00
1115677,1115677,5679,2019-08-19 15:00:00-05,1.312,0.499,10621,2019-08-19 15:00:00
1115678,1115678,5679,2019-08-19 15:15:00-05,0.832,1.064,10622,2019-08-19 15:15:00
1115679,1115679,5679,2019-08-19 15:30:00-05,0.925,0.899,10623,2019-08-19 15:30:00
1115680,1115680,5679,2019-08-19 15:45:00-05,0.662,1.513,10624,2019-08-19 15:45:00
1115681,1115681,5679,2019-08-19 16:00:00-05,0.455,1.376,10625,2019-08-19 16:00:00
1115682,1115682,5679,2019-08-19 16:15:00-05,0.386,1.297,10626,2019-08-19 16:15:00
1115683,1115683,5679,2019-08-19 16:30:00-05,0.313,1.211,10627,2019-08-19 16:30:00
1115684,1115684,5679,2019-08-19 16:45:00-05,0.263,1.627,10628,2019-08-19 16:45:00
1115685,1115685,5679,2019-08-19 17:00:00-05,0.236,2.012,10629,2019-08-19 17:00:00
1115686,1115686,5679,2019-08-19 17:15:00-05,0.223,1.485,10630,2019-08-19 17:15:00
1115687,1115687,5679,2019-08-19 17:30:00-05,0.186,1.605,10631,2019-08-19 17:30:00
1115688,1115688,5679,2019-08-19 17:45:00-05,0.151,1.574,10632,2019-08-19 17:45:00
1115689,1115689,5679,2019-08-19 18:00:00-05,0.112,1.763,10633,2019-08-19 18:00:00
1115690,1115690,5679,2019-08-19 18:15:00-05,0.078,1.453,10634,2019-08-19 18:15:00
1115691,1115691,5679,2019-08-19 18:30:00-05,0.047,1.216,10635,2019-08-19 18:30:00
1115692,1115692,5679,2019-08-19 18:45:00-05,0.017,1.365,10636,2019-08-19 18:45:00
1115693,1115693,5679,2019-08-19 19:00:00-05,0.005,1.24,10637,2019-08-19 19:00:00
1115694,1115694,5679,2019-08-19 19:15:00-05,0.005,1.234,10638,2019-08-19 19:15:00
1115695,1115695,5679,2019-08-19 19:30:00-05,0.005,1.246,10639,2019-08-19 19:30:00
1115696,1115696,5679,2019-08-19 19:45:00-05,0.004,1.291,10640,2019-08-19 19:45:00
1115697,1115697,5679,2019-08-19 20:00:00-05,0.005,1.125,10641,2019-08-19 20:00:00
1115698,1115698,5679,2019-08-19 20:15:00-05,0.005,0.99,10642,2019-08-19 20:15:00
1115699,1115699,5679,2019-08-19 20:30:00-05,0.005,0.946,10643,2019-08-19 20:30:00
1115700,1115700,5679,2019-08-19 20:45:00-05,0.005,0.788,10644,2019-08-19 20:45:00
1115701,1115701,5679,2019-08-19 21:00:00-05,0.005,0.624,10645,2019-08-19 21:00:00
1115702,1115702,5679,2019-08-19 21:15:00-05,0.006,0.449,10646,2019-08-19 21:15:00
1115703,1115703,5679,2019-08-19 21:30:00-05,0.005,0.898,10647,2019-08-19 21:30:00
1115704,1115704,5679,2019-08-19 21:45:00-05,0.006,0.375,10648,2019-08-19 21:45:00
1115705,1115705,5679,2019-08-19 22:00:00-05,0.005,0.777,10649,2019-08-19 22:00:00
1115706,1115706,5679,2019-08-19 22:15:00-05,0.006,0.316,10650,2019-08-19 22:15:00
1115707,1115707,5679,2019-08-19 22:30:00-05,0.006,0.375,10651,2019-08-19 22:30:00
1115708,1115708,5679,2019-08-19 22:45:00-05,0.006,0.311,10652,2019-08-19 22:45:00
1115709,1115709,5679,2019-08-19 23:00:00-05,0.006,0.366,10653,2019-08-19 23:00:00
1115710,1115710,5679,2019-08-19 23:15:00-05,0.006,0.344,10654,2019-08-19 23:15:00
1115711,1115711,5679,2019-08-19 23:30:00-05,0.006,0.477,10655,2019-08-19 23:30:00
1115712,1115712,5679,2019-08-19 23:45:00-05,0.006,0.485,10656,2019-08-19 23:45:00
1115713,1115713,5679,2019-08-20 00:00:00-05,0.006,0.532,10657,2019-08-20 00:00:00
1115714,1115714,5679,2019-08-20 00:15:00-05,0.005,0.737,10658,2019-08-20 00:15:00
1115715,1115715,5679,2019-08-20 00:30:00-05,0.005,1.552,10659,2019-08-20 00:30:00
1115716,1115716,5679,2019-08-20 00:45:00-05,0.006,0.821,10660,2019-08-20 00:45:00
1115717,1115717,5679,2019-08-20 01:00:00-05,0.006,0.737,10661,2019-08-20 01:00:00
1115718,1115718,5679,2019-08-20 01:15:00-05,0.006,0.548,10662,2019-08-20 01:15:00
1115719,1115719,5679,2019-08-20 01:30:00-05,0.006,0.392,10663,2019-08-20 01:30:00
1115720,1115720,5679,2019-08-20 01:45:00-05,0.006,0.342,10664,2019-08-20 01:45:00
1115721,1115721,5679,2019-08-20 02:00:00-05,0.006,0.3,10665,2019-08-20 02:00:00
1115722,1115722,5679,2019-08-20 02:15:00-05,0.006,0.376,10666,2019-08-20 02:15:00
1115723,1115723,5679,2019-08-20 02:30:00-05,0.006,0.409,10667,2019-08-20 02:30:00
1115724,1115724,5679,2019-08-20 02:45:00-05,0.006,0.429,10668,2019-08-20 02:45:00
1115725,1115725,5679,2019-08-20 03:00:00-05,0.006,0.408,10669,2019-08-20 03:00:00
1115726,1115726,5679,2019-08-20 03:15:00-05,0.006,0.406,10670,2019-08-20 03:15:00
1115727,1115727,5679,2019-08-20 03:30:00-05,0.006,0.288,10671,2019-08-20 03:30:00
1115728,1115728,5679,2019-08-20 03:45:00-05,0.006,0.308,10672,2019-08-20 03:45:00
1115729,1115729,5679,2019-08-20 04:00:00-05,0.006,0.179,10673,2019-08-20 04:00:00
1115730,1115730,5679,2019-08-20 04:15:00-05,0.006,0.238,10674,2019-08-20 04:15:00
1115731,1115731,5679,2019-08-20 04:30:00-05,0.006,0.184,10675,2019-08-20 04:30:00
1115732,1115732,5679,2019-08-20 04:45:00-05,0.006,0.253,10676,2019-08-20 04:45:00
1115733,1115733,5679,2019-08-20 05:00:00-05,0.006,0.191,10677,2019-08-20 05:00:00
1115734,1115734,5679,2019-08-20 05:15:00-05,0.012,0.243,10678,2019-08-20 05:15:00
1115735,1115735,5679,2019-08-20 05:30:00-05,0.034,0.272,10679,2019-08-20 05:30:00
1115736,1115736,5679,2019-08-20 05:45:00-05,0.06,0.996,10680,2019-08-20 05:45:00
1115737,1115737,5679,2019-08-20 06:00:00-05,0.092,0.385,10681,2019-08-20 06:00:00
1115738,1115738,5679,2019-08-20 06:15:00-05,0.124,0.599,10682,2019-08-20 06:15:00
1115739,1115739,5679,2019-08-20 06:30:00-05,0.145,0.307,10683,2019-08-20 06:30:00
1115740,1115740,5679,2019-08-20 06:45:00-05,0.178,0.481,10684,2019-08-20 06:45:00
1115741,1115741,5679,2019-08-20 07:00:00-05,0.219,0.526,10685,2019-08-20 07:00:00
1115742,1115742,5679,2019-08-20 07:15:00-05,0.261,0.667,10686,2019-08-20 07:15:00
1115743,1115743,5679,2019-08-20 07:30:00-05,0.317,0.183,10687,2019-08-20 07:30:00
1115744,1115744,5679,2019-08-20 07:45:00-05,0.451,3.816,10688,2019-08-20 07:45:00
1115745,1115745,5679,2019-08-20 08:00:00-05,1.013,3.45,10689,2019-08-20 08:00:00
1115746,1115746,5679,2019-08-20 08:15:00-05,1.468,1.254,10690,2019-08-20 08:15:00
1115747,1115747,5679,2019-08-20 08:30:00-05,1.772,0.1,10691,2019-08-20 08:30:00
1115748,1115748,5679,2019-08-20 08:45:00-05,2.05,-1.556,10692,2019-08-20 08:45:00
1115749,1115749,5679,2019-08-20 09:00:00-05,2.342,-1.422,10693,2019-08-20 09:00:00
1115750,1115750,5679,2019-08-20 09:15:00-05,2.589,-1.779,10694,2019-08-20 09:15:00
1115751,1115751,5679,2019-08-20 09:30:00-05,2.91,-1.815,10695,2019-08-20 09:30:00
1115752,1115752,5679,2019-08-20 09:45:00-05,3.064,-2.242,10696,2019-08-20 09:45:00
1115753,1115753,5679,2019-08-20 10:00:00-05,3.325,-2.152,10697,2019-08-20 10:00:00
1115754,1115754,5679,2019-08-20 10:15:00-05,3.486,-2.492,10698,2019-08-20 10:15:00
1115755,1115755,5679,2019-08-20 10:30:00-05,3.605,-2.372,10699,2019-08-20 10:30:00
1115756,1115756,5679,2019-08-20 10:45:00-05,3.777,-2.656,10700,2019-08-20 10:45:00
1115757,1115757,5679,2019-08-20 11:00:00-05,3.829,-2.669,10701,2019-08-20 11:00:00
1115758,1115758,5679,2019-08-20 11:15:00-05,3.961,-2.851,10702,2019-08-20 11:15:00
1115759,1115759,5679,2019-08-20 11:30:00-05,4.026,-2.611,10703,2019-08-20 11:30:00
1115760,1115760,5679,2019-08-20 11:45:00-05,4.139,-2.916,10704,2019-08-20 11:45:00
1115761,1115761,5679,2019-08-20 12:00:00-05,4.119,-2.59,10705,2019-08-20 12:00:00
1115762,1115762,5679,2019-08-20 12:15:00-05,3.341,-1.705,10706,2019-08-20 12:15:00
1115763,1115763,5679,2019-08-20 12:30:00-05,3.723,-1.621,10707,2019-08-20 12:30:00
1115764,1115764,5679,2019-08-20 12:45:00-05,3.839,-2.172,10708,2019-08-20 12:45:00
1115765,1115765,5679,2019-08-20 13:00:00-05,2.24,-0.619,10709,2019-08-20 13:00:00
1115766,1115766,5679,2019-08-20 13:15:00-05,3.35,-1.09,10710,2019-08-20 13:15:00
1115767,1115767,5679,2019-08-20 13:30:00-05,2.919,-0.697,10711,2019-08-20 13:30:00
1115768,1115768,5679,2019-08-20 13:45:00-05,2.765,-0.764,10712,2019-08-20 13:45:00
1115769,1115769,5679,2019-08-20 14:00:00-05,2.409,-0.195,10713,2019-08-20 14:00:00
1115770,1115770,5679,2019-08-20 14:15:00-05,1.968,0.295,10714,2019-08-20 14:15:00
1115771,1115771,5679,2019-08-20 14:30:00-05,1.648,-0.097,10715,2019-08-20 14:30:00
1115772,1115772,5679,2019-08-20 14:45:00-05,1.464,-0.965,10716,2019-08-20 14:45:00
1115773,1115773,5679,2019-08-20 15:00:00-05,1.2,-0.676,10717,2019-08-20 15:00:00
1115774,1115774,5679,2019-08-20 15:15:00-05,1.003,-0.576,10718,2019-08-20 15:15:00
1115775,1115775,5679,2019-08-20 15:30:00-05,0.815,-0.371,10719,2019-08-20 15:30:00
1115776,1115776,5679,2019-08-20 15:45:00-05,0.608,-0.198,10720,2019-08-20 15:45:00
1115777,1115777,5679,2019-08-20 16:00:00-05,0.446,-0.11,10721,2019-08-20 16:00:00
1115778,1115778,5679,2019-08-20 16:15:00-05,0.413,-0.112,10722,2019-08-20 16:15:00
1115779,1115779,5679,2019-08-20 16:30:00-05,0.351,3.089,10723,2019-08-20 16:30:00
1115780,1115780,5679,2019-08-20 16:45:00-05,0.275,6.194,10724,2019-08-20 16:45:00
1115781,1115781,5679,2019-08-20 17:00:00-05,0.254,5.096,10725,2019-08-20 17:00:00
1115782,1115782,5679,2019-08-20 17:15:00-05,0.227,2.212,10726,2019-08-20 17:15:00
1115783,1115783,5679,2019-08-20 17:30:00-05,0.187,5.124,10727,2019-08-20 17:30:00
1115784,1115784,5679,2019-08-20 17:45:00-05,0.154,4.107,10728,2019-08-20 17:45:00
1115785,1115785,5679,2019-08-20 18:00:00-05,0.104,5.958,10729,2019-08-20 18:00:00
1115786,1115786,5679,2019-08-20 18:15:00-05,0.074,5.213,10730,2019-08-20 18:15:00
1115787,1115787,5679,2019-08-20 18:30:00-05,0.034,3.368,10731,2019-08-20 18:30:00
1115788,1115788,5679,2019-08-20 18:45:00-05,0.008,3.499,10732,2019-08-20 18:45:00
1115789,1115789,5679,2019-08-20 19:00:00-05,0.001,3.602,10733,2019-08-20 19:00:00
1115790,1115790,5679,2019-08-20 19:15:00-05,0.003,1.994,10734,2019-08-20 19:15:00
1115791,1115791,5679,2019-08-20 19:30:00-05,0.004,1.726,10735,2019-08-20 19:30:00
1115792,1115792,5679,2019-08-20 19:45:00-05,0.004,1.291,10736,2019-08-20 19:45:00
1115793,1115793,5679,2019-08-20 20:00:00-05,0.004,1.17,10737,2019-08-20 20:00:00
1115794,1115794,5679,2019-08-20 20:15:00-05,0.004,1.687,10738,2019-08-20 20:15:00
1115795,1115795,5679,2019-08-20 20:30:00-05,0.004,1.559,10739,2019-08-20 20:30:00
1115796,1115796,5679,2019-08-20 20:45:00-05,0.004,1.422,10740,2019-08-20 20:45:00
1115797,1115797,5679,2019-08-20 21:00:00-05,0.005,1.206,10741,2019-08-20 21:00:00
1115798,1115798,5679,2019-08-20 21:15:00-05,0.005,0.987,10742,2019-08-20 21:15:00
1115799,1115799,5679,2019-08-20 21:30:00-05,0.005,0.757,10743,2019-08-20 21:30:00
1115800,1115800,5679,2019-08-20 21:45:00-05,0.005,0.806,10744,2019-08-20 21:45:00
1115801,1115801,5679,2019-08-20 22:00:00-05,0.005,0.868,10745,2019-08-20 22:00:00
1115802,1115802,5679,2019-08-20 22:15:00-05,0.005,0.6,10746,2019-08-20 22:15:00
1115803,1115803,5679,2019-08-20 22:30:00-05,0.005,0.754,10747,2019-08-20 22:30:00
1115804,1115804,5679,2019-08-20 22:45:00-05,0.005,0.835,10748,2019-08-20 22:45:00
1115805,1115805,5679,2019-08-20 23:00:00-05,0.005,0.599,10749,2019-08-20 23:00:00
1115806,1115806,5679,2019-08-20 23:15:00-05,0.005,0.728,10750,2019-08-20 23:15:00
1115807,1115807,5679,2019-08-20 23:30:00-05,0.005,0.811,10751,2019-08-20 23:30:00
1115808,1115808,5679,2019-08-20 23:45:00-05,0.006,0.466,10752,2019-08-20 23:45:00
1115809,1115809,5679,2019-08-21 00:00:00-05,0.006,0.575,10753,2019-08-21 00:00:00
1115810,1115810,5679,2019-08-21 00:15:00-05,0.006,0.422,10754,2019-08-21 00:15:00
1115811,1115811,5679,2019-08-21 00:30:00-05,0.006,0.435,10755,2019-08-21 00:30:00
1115812,1115812,5679,2019-08-21 00:45:00-05,0.006,0.617,10756,2019-08-21 00:45:00
1115813,1115813,5679,2019-08-21 01:00:00-05,0.006,0.39,10757,2019-08-21 01:00:00
1115814,1115814,5679,2019-08-21 01:15:00-05,0.006,0.459,10758,2019-08-21 01:15:00
1115815,1115815,5679,2019-08-21 01:30:00-05,0.006,0.67,10759,2019-08-21 01:30:00
1115816,1115816,5679,2019-08-21 01:45:00-05,0.006,0.415,10760,2019-08-21 01:45:00
1115817,1115817,5679,2019-08-21 02:00:00-05,0.006,0.77,10761,2019-08-21 02:00:00
1115818,1115818,5679,2019-08-21 02:15:00-05,0.006,0.528,10762,2019-08-21 02:15:00
1115819,1115819,5679,2019-08-21 02:30:00-05,0.006,0.411,10763,2019-08-21 02:30:00
1115820,1115820,5679,2019-08-21 02:45:00-05,0.005,0.884,10764,2019-08-21 02:45:00
1115821,1115821,5679,2019-08-21 03:00:00-05,0.006,0.289,10765,2019-08-21 03:00:00
1115822,1115822,5679,2019-08-21 03:15:00-05,0.006,0.343,10766,2019-08-21 03:15:00
1115823,1115823,5679,2019-08-21 03:30:00-05,0.006,0.712,10767,2019-08-21 03:30:00
1115824,1115824,5679,2019-08-21 03:45:00-05,0.006,0.342,10768,2019-08-21 03:45:00
1115825,1115825,5679,2019-08-21 04:00:00-05,0.006,0.491,10769,2019-08-21 04:00:00
1115826,1115826,5679,2019-08-21 04:15:00-05,0.006,0.696,10770,2019-08-21 04:15:00
1115827,1115827,5679,2019-08-21 04:30:00-05,0.006,0.358,10771,2019-08-21 04:30:00
1115828,1115828,5679,2019-08-21 04:45:00-05,0.006,0.824,10772,2019-08-21 04:45:00
1115829,1115829,5679,2019-08-21 05:00:00-05,0.005,0.919,10773,2019-08-21 05:00:00
1115830,1115830,5679,2019-08-21 05:15:00-05,0.006,0.563,10774,2019-08-21 05:15:00
1115831,1115831,5679,2019-08-21 05:30:00-05,0.013,1.099,10775,2019-08-21 05:30:00
1115832,1115832,5679,2019-08-21 05:45:00-05,0.035,1.009,10776,2019-08-21 05:45:00
1115833,1115833,5679,2019-08-21 06:00:00-05,0.057,0.955,10777,2019-08-21 06:00:00
1115834,1115834,5679,2019-08-21 06:15:00-05,0.057,1.366,10778,2019-08-21 06:15:00
1115835,1115835,5679,2019-08-21 06:30:00-05,0.173,1.606,10779,2019-08-21 06:30:00
1115836,1115836,5679,2019-08-21 06:45:00-05,0.233,1.591,10780,2019-08-21 06:45:00
1115837,1115837,5679,2019-08-21 07:00:00-05,0.2,0.821,10781,2019-08-21 07:00:00
1115838,1115838,5679,2019-08-21 07:15:00-05,0.364,0.388,10782,2019-08-21 07:15:00
1115839,1115839,5679,2019-08-21 07:30:00-05,0.37,0.308,10783,2019-08-21 07:30:00
1115840,1115840,5679,2019-08-21 07:45:00-05,0.231,0.414,10784,2019-08-21 07:45:00
1115841,1115841,5679,2019-08-21 08:00:00-05,0.191,0.383,10785,2019-08-21 08:00:00
1115842,1115842,5679,2019-08-21 08:15:00-05,0.147,0.653,10786,2019-08-21 08:15:00
1115843,1115843,5679,2019-08-21 08:30:00-05,0.246,0.168,10787,2019-08-21 08:30:00
1115844,1115844,5679,2019-08-21 08:45:00-05,0.304,0.112,10788,2019-08-21 08:45:00
1115845,1115845,5679,2019-08-21 09:00:00-05,0.363,-0.053,10789,2019-08-21 09:00:00
1115846,1115846,5679,2019-08-21 09:15:00-05,1.389,-1.028,10790,2019-08-21 09:15:00
1115847,1115847,5679,2019-08-21 09:30:00-05,2.076,-1.742,10791,2019-08-21 09:30:00
1115848,1115848,5679,2019-08-21 09:45:00-05,1.129,-0.803,10792,2019-08-21 09:45:00
1115849,1115849,5679,2019-08-21 10:00:00-05,0.363,-0.008,10793,2019-08-21 10:00:00
1115850,1115850,5679,2019-08-21 10:15:00-05,1.723,-1.378,10794,2019-08-21 10:15:00
1115851,1115851,5679,2019-08-21 10:30:00-05,3.005,-2.555,10795,2019-08-21 10:30:00
1115852,1115852,5679,2019-08-21 10:45:00-05,2.529,-2.133,10796,2019-08-21 10:45:00
1115853,1115853,5679,2019-08-21 11:00:00-05,1.449,-0.987,10797,2019-08-21 11:00:00
1115854,1115854,5679,2019-08-21 11:15:00-05,3.484,-3.086,10798,2019-08-21 11:15:00
1115855,1115855,5679,2019-08-21 11:30:00-05,1.316,0.336,10799,2019-08-21 11:30:00
1115856,1115856,5679,2019-08-21 11:45:00-05,0.859,4.796,10800,2019-08-21 11:45:00
1115857,1115857,5679,2019-08-21 12:00:00-05,2.41,2.485,10801,2019-08-21 12:00:00
1115858,1115858,5679,2019-08-21 12:15:00-05,3.536,1.266,10802,2019-08-21 12:15:00
1115859,1115859,5679,2019-08-21 12:30:00-05,3.667,1.137,10803,2019-08-21 12:30:00
1115860,1115860,5679,2019-08-21 12:45:00-05,2.995,-0.295,10804,2019-08-21 12:45:00
1115861,1115861,5679,2019-08-21 13:00:00-05,1.72,4.857,10805,2019-08-21 13:00:00
1115862,1115862,5679,2019-08-21 13:15:00-05,0.807,5.044,10806,2019-08-21 13:15:00
1115863,1115863,5679,2019-08-21 13:30:00-05,1.441,0.658,10807,2019-08-21 13:30:00
1115864,1115864,5679,2019-08-21 13:45:00-05,2.193,-0.458,10808,2019-08-21 13:45:00
1115865,1115865,5679,2019-08-21 14:00:00-05,2.488,-0.232,10809,2019-08-21 14:00:00
1115866,1115866,5679,2019-08-21 14:15:00-05,1.971,0.159,10810,2019-08-21 14:15:00
1115867,1115867,5679,2019-08-21 14:30:00-05,1.659,0.488,10811,2019-08-21 14:30:00
1115868,1115868,5679,2019-08-21 14:45:00-05,1.478,0.91,10812,2019-08-21 14:45:00
1115869,1115869,5679,2019-08-21 15:00:00-05,1.198,7.646,10813,2019-08-21 15:00:00
1115870,1115870,5679,2019-08-21 15:15:00-05,0.977,8.151,10814,2019-08-21 15:15:00
1115871,1115871,5679,2019-08-21 15:30:00-05,0.771,7.789,10815,2019-08-21 15:30:00
1115872,1115872,5679,2019-08-21 15:45:00-05,0.572,7.0,10816,2019-08-21 15:45:00
1115873,1115873,5679,2019-08-21 16:00:00-05,0.388,7.708,10817,2019-08-21 16:00:00
1115874,1115874,5679,2019-08-21 16:15:00-05,0.35,7.914,10818,2019-08-21 16:15:00
1115875,1115875,5679,2019-08-21 16:30:00-05,0.288,5.981,10819,2019-08-21 16:30:00
1115876,1115876,5679,2019-08-21 16:45:00-05,0.229,1.32,10820,2019-08-21 16:45:00
1115877,1115877,5679,2019-08-21 17:00:00-05,0.235,0.354,10821,2019-08-21 17:00:00
1115878,1115878,5679,2019-08-21 17:15:00-05,0.209,0.32,10822,2019-08-21 17:15:00
1115879,1115879,5679,2019-08-21 17:30:00-05,0.197,1.642,10823,2019-08-21 17:30:00
1115880,1115880,5679,2019-08-21 17:45:00-05,0.108,2.977,10824,2019-08-21 17:45:00
1115881,1115881,5679,2019-08-21 18:00:00-05,0.054,2.667,10825,2019-08-21 18:00:00
1115882,1115882,5679,2019-08-21 18:15:00-05,0.083,2.281,10826,2019-08-21 18:15:00
1115883,1115883,5679,2019-08-21 18:30:00-05,0.044,2.406,10827,2019-08-21 18:30:00
1115884,1115884,5679,2019-08-21 18:45:00-05,0.019,1.736,10828,2019-08-21 18:45:00
1115885,1115885,5679,2019-08-21 19:00:00-05,0.003,1.754,10829,2019-08-21 19:00:00
1115886,1115886,5679,2019-08-21 19:15:00-05,0.003,1.65,10830,2019-08-21 19:15:00
1115887,1115887,5679,2019-08-21 19:30:00-05,0.004,1.557,10831,2019-08-21 19:30:00
1115888,1115888,5679,2019-08-21 19:45:00-05,0.004,1.389,10832,2019-08-21 19:45:00
1115889,1115889,5679,2019-08-21 20:00:00-05,0.004,1.215,10833,2019-08-21 20:00:00
1115890,1115890,5679,2019-08-21 20:15:00-05,0.004,1.097,10834,2019-08-21 20:15:00
1115891,1115891,5679,2019-08-21 20:30:00-05,0.005,0.823,10835,2019-08-21 20:30:00
1115892,1115892,5679,2019-08-21 20:45:00-05,0.005,0.879,10836,2019-08-21 20:45:00
1115893,1115893,5679,2019-08-21 21:00:00-05,0.004,0.983,10837,2019-08-21 21:00:00
1115894,1115894,5679,2019-08-21 21:15:00-05,0.005,0.788,10838,2019-08-21 21:15:00
1115895,1115895,5679,2019-08-21 21:30:00-05,0.005,0.861,10839,2019-08-21 21:30:00
1115896,1115896,5679,2019-08-21 21:45:00-05,0.005,0.863,10840,2019-08-21 21:45:00
1115897,1115897,5679,2019-08-21 22:00:00-05,0.005,0.596,10841,2019-08-21 22:00:00
1115898,1115898,5679,2019-08-21 22:15:00-05,0.005,0.795,10842,2019-08-21 22:15:00
1115899,1115899,5679,2019-08-21 22:30:00-05,0.005,0.505,10843,2019-08-21 22:30:00
1115900,1115900,5679,2019-08-21 22:45:00-05,0.005,0.687,10844,2019-08-21 22:45:00
1115901,1115901,5679,2019-08-21 23:00:00-05,0.005,0.639,10845,2019-08-21 23:00:00
1115902,1115902,5679,2019-08-21 23:15:00-05,0.005,0.393,10846,2019-08-21 23:15:00
1115903,1115903,5679,2019-08-21 23:30:00-05,0.005,0.916,10847,2019-08-21 23:30:00
1115904,1115904,5679,2019-08-21 23:45:00-05,0.005,0.368,10848,2019-08-21 23:45:00
1115905,1115905,5679,2019-08-22 00:00:00-05,0.005,0.483,10849,2019-08-22 00:00:00
1115906,1115906,5679,2019-08-22 00:15:00-05,0.006,0.351,10850,2019-08-22 00:15:00
1115907,1115907,5679,2019-08-22 00:30:00-05,0.005,0.465,10851,2019-08-22 00:30:00
1115908,1115908,5679,2019-08-22 00:45:00-05,0.005,0.438,10852,2019-08-22 00:45:00
1115909,1115909,5679,2019-08-22 01:00:00-05,0.005,0.461,10853,2019-08-22 01:00:00
1115910,1115910,5679,2019-08-22 01:15:00-05,0.005,0.427,10854,2019-08-22 01:15:00
1115911,1115911,5679,2019-08-22 01:30:00-05,0.006,0.46,10855,2019-08-22 01:30:00
1115912,1115912,5679,2019-08-22 01:45:00-05,0.006,0.345,10856,2019-08-22 01:45:00
1115913,1115913,5679,2019-08-22 02:00:00-05,0.006,0.405,10857,2019-08-22 02:00:00
1115914,1115914,5679,2019-08-22 02:15:00-05,0.005,0.473,10858,2019-08-22 02:15:00
1115915,1115915,5679,2019-08-22 02:30:00-05,0.006,0.268,10859,2019-08-22 02:30:00
1115916,1115916,5679,2019-08-22 02:45:00-05,0.006,0.333,10860,2019-08-22 02:45:00
1115917,1115917,5679,2019-08-22 03:00:00-05,0.006,0.316,10861,2019-08-22 03:00:00
1115918,1115918,5679,2019-08-22 03:15:00-05,0.006,0.437,10862,2019-08-22 03:15:00
1115919,1115919,5679,2019-08-22 03:30:00-05,0.006,0.404,10863,2019-08-22 03:30:00
1115920,1115920,5679,2019-08-22 03:45:00-05,0.006,0.48,10864,2019-08-22 03:45:00
1115921,1115921,5679,2019-08-22 04:00:00-05,0.006,0.4,10865,2019-08-22 04:00:00
1115922,1115922,5679,2019-08-22 04:15:00-05,0.006,0.471,10866,2019-08-22 04:15:00
1115923,1115923,5679,2019-08-22 04:30:00-05,0.006,0.401,10867,2019-08-22 04:30:00
1115924,1115924,5679,2019-08-22 04:45:00-05,0.006,0.391,10868,2019-08-22 04:45:00
1115925,1115925,5679,2019-08-22 05:00:00-05,0.006,0.322,10869,2019-08-22 05:00:00
1115926,1115926,5679,2019-08-22 05:15:00-05,0.01,0.862,10870,2019-08-22 05:15:00
1115927,1115927,5679,2019-08-22 05:30:00-05,0.023,0.347,10871,2019-08-22 05:30:00
1115928,1115928,5679,2019-08-22 05:45:00-05,0.092,1.228,10872,2019-08-22 05:45:00
1115929,1115929,5679,2019-08-22 06:00:00-05,0.163,0.856,10873,2019-08-22 06:00:00
1115930,1115930,5679,2019-08-22 06:15:00-05,0.152,0.901,10874,2019-08-22 06:15:00
1115931,1115931,5679,2019-08-22 06:30:00-05,0.075,1.024,10875,2019-08-22 06:30:00
1115932,1115932,5679,2019-08-22 06:45:00-05,0.146,1.591,10876,2019-08-22 06:45:00
1115933,1115933,5679,2019-08-22 07:00:00-05,0.281,0.988,10877,2019-08-22 07:00:00
1115934,1115934,5679,2019-08-22 07:15:00-05,0.496,0.681,10878,2019-08-22 07:15:00
1115935,1115935,5679,2019-08-22 07:30:00-05,0.78,0.141,10879,2019-08-22 07:30:00
1115936,1115936,5679,2019-08-22 07:45:00-05,0.548,0.414,10880,2019-08-22 07:45:00
1115937,1115937,5679,2019-08-22 08:00:00-05,0.736,0.673,10881,2019-08-22 08:00:00
1115938,1115938,5679,2019-08-22 08:15:00-05,0.853,0.347,10882,2019-08-22 08:15:00
1115939,1115939,5679,2019-08-22 08:30:00-05,0.965,0.363,10883,2019-08-22 08:30:00
1115940,1115940,5679,2019-08-22 08:45:00-05,0.799,0.562,10884,2019-08-22 08:45:00
1115941,1115941,5679,2019-08-22 09:00:00-05,0.612,0.496,10885,2019-08-22 09:00:00
1115942,1115942,5679,2019-08-22 09:15:00-05,1.205,-0.082,10886,2019-08-22 09:15:00
1115943,1115943,5679,2019-08-22 09:30:00-05,1.52,-0.711,10887,2019-08-22 09:30:00
1115944,1115944,5679,2019-08-22 09:45:00-05,1.388,-0.215,10888,2019-08-22 09:45:00
1115945,1115945,5679,2019-08-22 10:00:00-05,1.448,-0.246,10889,2019-08-22 10:00:00
1115946,1115946,5679,2019-08-22 10:15:00-05,2.677,-1.739,10890,2019-08-22 10:15:00
1115947,1115947,5679,2019-08-22 10:30:00-05,2.7,-1.834,10891,2019-08-22 10:30:00
1115948,1115948,5679,2019-08-22 10:45:00-05,3.564,-2.574,10892,2019-08-22 10:45:00
1115949,1115949,5679,2019-08-22 11:00:00-05,1.931,-1.002,10893,2019-08-22 11:00:00
1115950,1115950,5679,2019-08-22 11:15:00-05,2.095,-1.066,10894,2019-08-22 11:15:00
1115951,1115951,5679,2019-08-22 11:30:00-05,1.402,-0.225,10895,2019-08-22 11:30:00
1115952,1115952,5679,2019-08-22 11:45:00-05,1.306,0.461,10896,2019-08-22 11:45:00
1115953,1115953,5679,2019-08-22 12:00:00-05,1.084,0.187,10897,2019-08-22 12:00:00
1115954,1115954,5679,2019-08-22 12:15:00-05,1.786,-0.334,10898,2019-08-22 12:15:00
1115955,1115955,5679,2019-08-22 12:30:00-05,3.37,-1.787,10899,2019-08-22 12:30:00
1115956,1115956,5679,2019-08-22 12:45:00-05,3.115,-1.719,10900,2019-08-22 12:45:00
1115957,1115957,5679,2019-08-22 13:00:00-05,3.578,-2.002,10901,2019-08-22 13:00:00
1115958,1115958,5679,2019-08-22 13:15:00-05,2.092,-0.678,10902,2019-08-22 13:15:00
1115959,1115959,5679,2019-08-22 13:30:00-05,1.872,-0.521,10903,2019-08-22 13:30:00
1115960,1115960,5679,2019-08-22 13:45:00-05,3.247,-1.926,10904,2019-08-22 13:45:00
1115961,1115961,5679,2019-08-22 14:00:00-05,2.57,-1.133,10905,2019-08-22 14:00:00
1115962,1115962,5679,2019-08-22 14:15:00-05,1.882,-0.446,10906,2019-08-22 14:15:00
1115963,1115963,5679,2019-08-22 14:30:00-05,1.2,0.077,10907,2019-08-22 14:30:00
1115964,1115964,5679,2019-08-22 14:45:00-05,0.859,0.033,10908,2019-08-22 14:45:00
1115965,1115965,5679,2019-08-22 15:00:00-05,0.654,0.161,10909,2019-08-22 15:00:00
1115966,1115966,5679,2019-08-22 15:15:00-05,0.775,-0.296,10910,2019-08-22 15:15:00
1115967,1115967,5679,2019-08-22 15:30:00-05,0.568,-0.246,10911,2019-08-22 15:30:00
1115968,1115968,5679,2019-08-22 15:45:00-05,0.536,-0.222,10912,2019-08-22 15:45:00
1115969,1115969,5679,2019-08-22 16:00:00-05,0.499,-0.157,10913,2019-08-22 16:00:00
1115970,1115970,5679,2019-08-22 16:15:00-05,0.525,-0.164,10914,2019-08-22 16:15:00
1115971,1115971,5679,2019-08-22 16:30:00-05,0.626,-0.328,10915,2019-08-22 16:30:00
1115972,1115972,5679,2019-08-22 16:45:00-05,0.606,-0.309,10916,2019-08-22 16:45:00
1115973,1115973,5679,2019-08-22 17:00:00-05,0.559,-0.097,10917,2019-08-22 17:00:00
1115974,1115974,5679,2019-08-22 17:15:00-05,0.523,-0.075,10918,2019-08-22 17:15:00
1115975,1115975,5679,2019-08-22 17:30:00-05,0.434,-0.13,10919,2019-08-22 17:30:00
1115976,1115976,5679,2019-08-22 17:45:00-05,0.174,0.127,10920,2019-08-22 17:45:00
1115977,1115977,5679,2019-08-22 18:00:00-05,0.107,0.297,10921,2019-08-22 18:00:00
1115978,1115978,5679,2019-08-22 18:15:00-05,0.066,0.232,10922,2019-08-22 18:15:00
1115979,1115979,5679,2019-08-22 18:30:00-05,0.044,0.256,10923,2019-08-22 18:30:00
1115980,1115980,5679,2019-08-22 18:45:00-05,0.015,0.347,10924,2019-08-22 18:45:00
1115981,1115981,5679,2019-08-22 19:00:00-05,0.006,0.331,10925,2019-08-22 19:00:00
1115982,1115982,5679,2019-08-22 19:15:00-05,0.006,0.664,10926,2019-08-22 19:15:00
1115983,1115983,5679,2019-08-22 19:30:00-05,0.0,7.99,10927,2019-08-22 19:30:00
1115984,1115984,5679,2019-08-22 19:45:00-05,-0.002,8.863,10928,2019-08-22 19:45:00
1115985,1115985,5679,2019-08-22 20:00:00-05,-0.002,7.972,10929,2019-08-22 20:00:00
1115986,1115986,5679,2019-08-22 20:15:00-05,-0.001,7.746,10930,2019-08-22 20:15:00
1115987,1115987,5679,2019-08-22 20:30:00-05,-0.001,7.664,10931,2019-08-22 20:30:00
1115988,1115988,5679,2019-08-22 20:45:00-05,0.001,5.597,10932,2019-08-22 20:45:00
1115989,1115989,5679,2019-08-22 21:00:00-05,0.006,0.389,10933,2019-08-22 21:00:00
1115990,1115990,5679,2019-08-22 21:15:00-05,0.006,0.276,10934,2019-08-22 21:15:00
1115991,1115991,5679,2019-08-22 21:30:00-05,0.006,0.299,10935,2019-08-22 21:30:00
1115992,1115992,5679,2019-08-22 21:45:00-05,0.006,0.298,10936,2019-08-22 21:45:00
1115993,1115993,5679,2019-08-22 22:00:00-05,0.006,0.362,10937,2019-08-22 22:00:00
1115994,1115994,5679,2019-08-22 22:15:00-05,0.006,0.432,10938,2019-08-22 22:15:00
1115995,1115995,5679,2019-08-22 22:30:00-05,0.006,0.325,10939,2019-08-22 22:30:00
1115996,1115996,5679,2019-08-22 22:45:00-05,0.006,0.313,10940,2019-08-22 22:45:00
1115997,1115997,5679,2019-08-22 23:00:00-05,0.006,0.326,10941,2019-08-22 23:00:00
1115998,1115998,5679,2019-08-22 23:15:00-05,0.006,0.433,10942,2019-08-22 23:15:00
1115999,1115999,5679,2019-08-22 23:30:00-05,0.006,0.329,10943,2019-08-22 23:30:00
1116000,1116000,5679,2019-08-22 23:45:00-05,0.006,0.31,10944,2019-08-22 23:45:00
1116001,1116001,5679,2019-08-23 00:00:00-05,0.006,0.326,10945,2019-08-23 00:00:00
1116002,1116002,5679,2019-08-23 00:15:00-05,0.006,0.422,10946,2019-08-23 00:15:00
1116003,1116003,5679,2019-08-23 00:30:00-05,0.006,0.336,10947,2019-08-23 00:30:00
1116004,1116004,5679,2019-08-23 00:45:00-05,0.006,0.306,10948,2019-08-23 00:45:00
1116005,1116005,5679,2019-08-23 01:00:00-05,0.006,0.304,10949,2019-08-23 01:00:00
1116006,1116006,5679,2019-08-23 01:15:00-05,0.006,0.402,10950,2019-08-23 01:15:00
1116007,1116007,5679,2019-08-23 01:30:00-05,0.006,0.351,10951,2019-08-23 01:30:00
1116008,1116008,5679,2019-08-23 01:45:00-05,0.006,0.3,10952,2019-08-23 01:45:00
1116009,1116009,5679,2019-08-23 02:00:00-05,0.006,0.299,10953,2019-08-23 02:00:00
1116010,1116010,5679,2019-08-23 02:15:00-05,0.006,0.378,10954,2019-08-23 02:15:00
1116011,1116011,5679,2019-08-23 02:30:00-05,0.006,0.359,10955,2019-08-23 02:30:00
1116012,1116012,5679,2019-08-23 02:45:00-05,0.006,0.385,10956,2019-08-23 02:45:00
1116013,1116013,5679,2019-08-23 03:00:00-05,0.006,0.413,10957,2019-08-23 03:00:00
1116014,1116014,5679,2019-08-23 03:15:00-05,0.006,0.445,10958,2019-08-23 03:15:00
1116015,1116015,5679,2019-08-23 03:30:00-05,0.006,0.517,10959,2019-08-23 03:30:00
1116016,1116016,5679,2019-08-23 03:45:00-05,0.006,0.402,10960,2019-08-23 03:45:00
1116017,1116017,5679,2019-08-23 04:00:00-05,0.006,0.398,10961,2019-08-23 04:00:00
1116018,1116018,5679,2019-08-23 04:15:00-05,0.006,0.393,10962,2019-08-23 04:15:00
1116019,1116019,5679,2019-08-23 04:30:00-05,0.006,0.629,10963,2019-08-23 04:30:00
1116020,1116020,5679,2019-08-23 04:45:00-05,0.005,1.2,10964,2019-08-23 04:45:00
1116021,1116021,5679,2019-08-23 05:00:00-05,0.006,0.596,10965,2019-08-23 05:00:00
1116022,1116022,5679,2019-08-23 05:15:00-05,0.007,0.439,10966,2019-08-23 05:15:00
1116023,1116023,5679,2019-08-23 05:30:00-05,0.023,0.429,10967,2019-08-23 05:30:00
1116024,1116024,5679,2019-08-23 05:45:00-05,0.048,0.903,10968,2019-08-23 05:45:00
1116025,1116025,5679,2019-08-23 06:00:00-05,0.088,0.461,10969,2019-08-23 06:00:00
1116026,1116026,5679,2019-08-23 06:15:00-05,0.105,0.414,10970,2019-08-23 06:15:00
1116027,1116027,5679,2019-08-23 06:30:00-05,0.183,0.92,10971,2019-08-23 06:30:00
1116028,1116028,5679,2019-08-23 06:45:00-05,0.233,0.778,10972,2019-08-23 06:45:00
1116029,1116029,5679,2019-08-23 07:00:00-05,0.202,0.386,10973,2019-08-23 07:00:00
1116030,1116030,5679,2019-08-23 07:15:00-05,0.234,0.987,10974,2019-08-23 07:15:00
1116031,1116031,5679,2019-08-23 07:30:00-05,0.276,5.061,10975,2019-08-23 07:30:00
1116032,1116032,5679,2019-08-23 07:45:00-05,0.396,3.998,10976,2019-08-23 07:45:00
1116033,1116033,5679,2019-08-23 08:00:00-05,0.984,2.671,10977,2019-08-23 08:00:00
1116034,1116034,5679,2019-08-23 08:15:00-05,1.49,-0.154,10978,2019-08-23 08:15:00
1116035,1116035,5679,2019-08-23 08:30:00-05,1.792,1.303,10979,2019-08-23 08:30:00
1116036,1116036,5679,2019-08-23 08:45:00-05,2.064,1.513,10980,2019-08-23 08:45:00
1116037,1116037,5679,2019-08-23 09:00:00-05,2.28,1.69,10981,2019-08-23 09:00:00
1116038,1116038,5679,2019-08-23 09:15:00-05,2.61,1.001,10982,2019-08-23 09:15:00
1116039,1116039,5679,2019-08-23 09:30:00-05,2.866,0.187,10983,2019-08-23 09:30:00
1116040,1116040,5679,2019-08-23 09:45:00-05,2.909,-0.601,10984,2019-08-23 09:45:00
1116041,1116041,5679,2019-08-23 10:00:00-05,3.231,1.051,10985,2019-08-23 10:00:00
1116042,1116042,5679,2019-08-23 10:15:00-05,2.945,0.7,10986,2019-08-23 10:15:00
1116043,1116043,5679,2019-08-23 10:30:00-05,3.282,-0.793,10987,2019-08-23 10:30:00
1116044,1116044,5679,2019-08-23 10:45:00-05,3.019,-1.438,10988,2019-08-23 10:45:00
1116045,1116045,5679,2019-08-23 11:00:00-05,2.349,-0.923,10989,2019-08-23 11:00:00
1116046,1116046,5679,2019-08-23 11:15:00-05,1.916,-1.237,10990,2019-08-23 11:15:00
1116047,1116047,5679,2019-08-23 11:30:00-05,2.181,-1.655,10991,2019-08-23 11:30:00
1116048,1116048,5679,2019-08-23 11:45:00-05,2.304,-1.613,10992,2019-08-23 11:45:00
1116049,1116049,5679,2019-08-23 12:00:00-05,2.167,2.709,10993,2019-08-23 12:00:00
1116050,1116050,5679,2019-08-23 12:15:00-05,1.87,3.559,10994,2019-08-23 12:15:00
1116051,1116051,5679,2019-08-23 12:30:00-05,1.809,3.656,10995,2019-08-23 12:30:00
1116052,1116052,5679,2019-08-23 12:45:00-05,2.743,3.402,10996,2019-08-23 12:45:00
1116053,1116053,5679,2019-08-23 13:00:00-05,2.882,2.914,10997,2019-08-23 13:00:00
1116054,1116054,5679,2019-08-23 13:15:00-05,2.135,1.409,10998,2019-08-23 13:15:00
1116055,1116055,5679,2019-08-23 13:30:00-05,1.951,2.882,10999,2019-08-23 13:30:00
1116056,1116056,5679,2019-08-23 13:45:00-05,1.995,0.936,11000,2019-08-23 13:45:00
1116057,1116057,5679,2019-08-23 14:00:00-05,1.495,0.295,11001,2019-08-23 14:00:00
1116058,1116058,5679,2019-08-23 14:15:00-05,1.596,4.167,11002,2019-08-23 14:15:00
1116059,1116059,5679,2019-08-23 14:30:00-05,1.648,3.755,11003,2019-08-23 14:30:00
1116060,1116060,5679,2019-08-23 14:45:00-05,1.397,3.478,11004,2019-08-23 14:45:00
1116061,1116061,5679,2019-08-23 15:00:00-05,1.57,1.169,11005,2019-08-23 15:00:00
1116062,1116062,5679,2019-08-23 15:15:00-05,1.39,-0.02,11006,2019-08-23 15:15:00
1116063,1116063,5679,2019-08-23 15:30:00-05,0.983,3.698,11007,2019-08-23 15:30:00
1116064,1116064,5679,2019-08-23 15:45:00-05,0.848,2.854,11008,2019-08-23 15:45:00
1116065,1116065,5679,2019-08-23 16:00:00-05,0.515,2.199,11009,2019-08-23 16:00:00
1116066,1116066,5679,2019-08-23 16:15:00-05,0.478,1.042,11010,2019-08-23 16:15:00
1116067,1116067,5679,2019-08-23 16:30:00-05,0.356,5.368,11011,2019-08-23 16:30:00
1116068,1116068,5679,2019-08-23 16:45:00-05,0.246,4.521,11012,2019-08-23 16:45:00
1116069,1116069,5679,2019-08-23 17:00:00-05,0.246,2.956,11013,2019-08-23 17:00:00
1116070,1116070,5679,2019-08-23 17:15:00-05,0.212,0.859,11014,2019-08-23 17:15:00
1116071,1116071,5679,2019-08-23 17:30:00-05,0.181,2.539,11015,2019-08-23 17:30:00
1116072,1116072,5679,2019-08-23 17:45:00-05,0.141,3.545,11016,2019-08-23 17:45:00
1116073,1116073,5679,2019-08-23 18:00:00-05,0.097,3.995,11017,2019-08-23 18:00:00
1116074,1116074,5679,2019-08-23 18:15:00-05,0.066,3.255,11018,2019-08-23 18:15:00
1116075,1116075,5679,2019-08-23 18:30:00-05,0.035,1.34,11019,2019-08-23 18:30:00
1116076,1116076,5679,2019-08-23 18:45:00-05,0.009,1.158,11020,2019-08-23 18:45:00
1116077,1116077,5679,2019-08-23 19:00:00-05,0.005,1.463,11021,2019-08-23 19:00:00
1116078,1116078,5679,2019-08-23 19:15:00-05,0.005,0.574,11022,2019-08-23 19:15:00
1116079,1116079,5679,2019-08-23 19:30:00-05,0.005,0.545,11023,2019-08-23 19:30:00
1116080,1116080,5679,2019-08-23 19:45:00-05,0.006,0.522,11024,2019-08-23 19:45:00
1116081,1116081,5679,2019-08-23 20:00:00-05,0.006,0.385,11025,2019-08-23 20:00:00
1116082,1116082,5679,2019-08-23 20:15:00-05,0.006,0.453,11026,2019-08-23 20:15:00
1116083,1116083,5679,2019-08-23 20:30:00-05,0.006,0.394,11027,2019-08-23 20:30:00
1116084,1116084,5679,2019-08-23 20:45:00-05,0.006,0.385,11028,2019-08-23 20:45:00
1116085,1116085,5679,2019-08-23 21:00:00-05,0.006,0.451,11029,2019-08-23 21:00:00
1116086,1116086,5679,2019-08-23 21:15:00-05,0.006,0.385,11030,2019-08-23 21:15:00
1116087,1116087,5679,2019-08-23 21:30:00-05,0.006,0.356,11031,2019-08-23 21:30:00
1116088,1116088,5679,2019-08-23 21:45:00-05,0.006,0.448,11032,2019-08-23 21:45:00
1116089,1116089,5679,2019-08-23 22:00:00-05,0.006,0.361,11033,2019-08-23 22:00:00
1116090,1116090,5679,2019-08-23 22:15:00-05,0.006,0.342,11034,2019-08-23 22:15:00
1116091,1116091,5679,2019-08-23 22:30:00-05,0.006,0.376,11035,2019-08-23 22:30:00
1116092,1116092,5679,2019-08-23 22:45:00-05,0.006,0.28,11036,2019-08-23 22:45:00
1116093,1116093,5679,2019-08-23 23:00:00-05,0.006,0.28,11037,2019-08-23 23:00:00
1116094,1116094,5679,2019-08-23 23:15:00-05,0.006,0.37,11038,2019-08-23 23:15:00
1116095,1116095,5679,2019-08-23 23:30:00-05,0.006,0.283,11039,2019-08-23 23:30:00
1116096,1116096,5679,2019-08-23 23:45:00-05,0.006,0.312,11040,2019-08-23 23:45:00
1116097,1116097,5679,2019-08-24 00:00:00-05,0.006,0.345,11041,2019-08-24 00:00:00
1116098,1116098,5679,2019-08-24 00:15:00-05,0.006,0.282,11042,2019-08-24 00:15:00
1116099,1116099,5679,2019-08-24 00:30:00-05,0.006,0.318,11043,2019-08-24 00:30:00
1116100,1116100,5679,2019-08-24 00:45:00-05,0.006,0.336,11044,2019-08-24 00:45:00
1116101,1116101,5679,2019-08-24 01:00:00-05,0.006,0.279,11045,2019-08-24 01:00:00
1116102,1116102,5679,2019-08-24 01:15:00-05,0.006,0.316,11046,2019-08-24 01:15:00
1116103,1116103,5679,2019-08-24 01:30:00-05,0.006,0.328,11047,2019-08-24 01:30:00
1116104,1116104,5679,2019-08-24 01:45:00-05,0.006,0.274,11048,2019-08-24 01:45:00
1116105,1116105,5679,2019-08-24 02:00:00-05,0.006,0.317,11049,2019-08-24 02:00:00
1116106,1116106,5679,2019-08-24 02:15:00-05,0.006,0.362,11050,2019-08-24 02:15:00
1116107,1116107,5679,2019-08-24 02:30:00-05,0.006,0.395,11051,2019-08-24 02:30:00
1116108,1116108,5679,2019-08-24 02:45:00-05,0.007,0.327,11052,2019-08-24 02:45:00
1116109,1116109,5679,2019-08-24 03:00:00-05,0.007,0.331,11053,2019-08-24 03:00:00
1116110,1116110,5679,2019-08-24 03:15:00-05,0.007,0.278,11054,2019-08-24 03:15:00
1116111,1116111,5679,2019-08-24 03:30:00-05,0.007,0.378,11055,2019-08-24 03:30:00
1116112,1116112,5679,2019-08-24 03:45:00-05,0.006,0.573,11056,2019-08-24 03:45:00
1116113,1116113,5679,2019-08-24 04:00:00-05,0.006,0.694,11057,2019-08-24 04:00:00
1116114,1116114,5679,2019-08-24 04:15:00-05,0.007,0.263,11058,2019-08-24 04:15:00
1116115,1116115,5679,2019-08-24 04:30:00-05,0.007,0.373,11059,2019-08-24 04:30:00
1116116,1116116,5679,2019-08-24 04:45:00-05,0.007,0.285,11060,2019-08-24 04:45:00
1116117,1116117,5679,2019-08-24 05:00:00-05,0.007,0.281,11061,2019-08-24 05:00:00
1116118,1116118,5679,2019-08-24 05:15:00-05,0.009,0.43,11062,2019-08-24 05:15:00
1116119,1116119,5679,2019-08-24 05:30:00-05,0.03,0.367,11063,2019-08-24 05:30:00
1116120,1116120,5679,2019-08-24 05:45:00-05,0.059,0.336,11064,2019-08-24 05:45:00
1116121,1116121,5679,2019-08-24 06:00:00-05,0.115,0.851,11065,2019-08-24 06:00:00
1116122,1116122,5679,2019-08-24 06:15:00-05,0.245,-0.063,11066,2019-08-24 06:15:00
1116123,1116123,5679,2019-08-24 06:30:00-05,0.264,-0.094,11067,2019-08-24 06:30:00
1116124,1116124,5679,2019-08-24 06:45:00-05,0.395,-0.141,11068,2019-08-24 06:45:00
1116125,1116125,5679,2019-08-24 07:00:00-05,0.52,0.152,11069,2019-08-24 07:00:00
1116126,1116126,5679,2019-08-24 07:15:00-05,0.668,-0.387,11070,2019-08-24 07:15:00
1116127,1116127,5679,2019-08-24 07:30:00-05,0.767,-0.278,11071,2019-08-24 07:30:00
1116128,1116128,5679,2019-08-24 07:45:00-05,0.819,-0.535,11072,2019-08-24 07:45:00
1116129,1116129,5679,2019-08-24 08:00:00-05,1.101,-0.852,11073,2019-08-24 08:00:00
1116130,1116130,5679,2019-08-24 08:15:00-05,1.485,-1.239,11074,2019-08-24 08:15:00
1116131,1116131,5679,2019-08-24 08:30:00-05,1.791,-1.635,11075,2019-08-24 08:30:00
1116132,1116132,5679,2019-08-24 08:45:00-05,2.119,-1.902,11076,2019-08-24 08:45:00
1116133,1116133,5679,2019-08-24 09:00:00-05,2.41,-2.084,11077,2019-08-24 09:00:00
1116134,1116134,5679,2019-08-24 09:15:00-05,2.781,-2.293,11078,2019-08-24 09:15:00
1116135,1116135,5679,2019-08-24 09:30:00-05,2.323,-1.654,11079,2019-08-24 09:30:00
1116136,1116136,5679,2019-08-24 09:45:00-05,2.158,-1.799,11080,2019-08-24 09:45:00
1116137,1116137,5679,2019-08-24 10:00:00-05,1.728,-1.291,11081,2019-08-24 10:00:00
1116138,1116138,5679,2019-08-24 10:15:00-05,1.337,-0.943,11082,2019-08-24 10:15:00
1116139,1116139,5679,2019-08-24 10:30:00-05,1.839,-1.382,11083,2019-08-24 10:30:00
1116140,1116140,5679,2019-08-24 10:45:00-05,1.591,-1.006,11084,2019-08-24 10:45:00
1116141,1116141,5679,2019-08-24 11:00:00-05,3.347,-2.895,11085,2019-08-24 11:00:00
1116142,1116142,5679,2019-08-24 11:15:00-05,2.046,-1.026,11086,2019-08-24 11:15:00
1116143,1116143,5679,2019-08-24 11:30:00-05,2.765,-2.245,11087,2019-08-24 11:30:00
1116144,1116144,5679,2019-08-24 11:45:00-05,2.353,-1.874,11088,2019-08-24 11:45:00
1116145,1116145,5679,2019-08-24 12:00:00-05,2.021,-1.57,11089,2019-08-24 12:00:00
1116146,1116146,5679,2019-08-24 12:15:00-05,2.645,-2.196,11090,2019-08-24 12:15:00
1116147,1116147,5679,2019-08-24 12:30:00-05,2.719,-2.415,11091,2019-08-24 12:30:00
1116148,1116148,5679,2019-08-24 12:45:00-05,2.32,-1.745,11092,2019-08-24 12:45:00
1116149,1116149,5679,2019-08-24 13:00:00-05,2.532,-2.175,11093,2019-08-24 13:00:00
1116150,1116150,5679,2019-08-24 13:15:00-05,2.049,-1.777,11094,2019-08-24 13:15:00
1116151,1116151,5679,2019-08-24 13:30:00-05,2.038,-1.706,11095,2019-08-24 13:30:00
1116152,1116152,5679,2019-08-24 13:45:00-05,1.811,-1.328,11096,2019-08-24 13:45:00
1116153,1116153,5679,2019-08-24 14:00:00-05,2.06,-1.606,11097,2019-08-24 14:00:00
1116154,1116154,5679,2019-08-24 14:15:00-05,2.35,-1.851,11098,2019-08-24 14:15:00
1116155,1116155,5679,2019-08-24 14:30:00-05,1.683,-1.215,11099,2019-08-24 14:30:00
1116156,1116156,5679,2019-08-24 14:45:00-05,1.316,-0.634,11100,2019-08-24 14:45:00
1116157,1116157,5679,2019-08-24 15:00:00-05,0.994,-0.5,11101,2019-08-24 15:00:00
1116158,1116158,5679,2019-08-24 15:15:00-05,1.097,-0.554,11102,2019-08-24 15:15:00
1116159,1116159,5679,2019-08-24 15:30:00-05,0.888,-0.352,11103,2019-08-24 15:30:00
1116160,1116160,5679,2019-08-24 15:45:00-05,0.813,-0.241,11104,2019-08-24 15:45:00
1116161,1116161,5679,2019-08-24 16:00:00-05,0.8,-0.295,11105,2019-08-24 16:00:00
1116162,1116162,5679,2019-08-24 16:15:00-05,0.939,-0.509,11106,2019-08-24 16:15:00
1116163,1116163,5679,2019-08-24 16:30:00-05,0.759,-0.423,11107,2019-08-24 16:30:00
1116164,1116164,5679,2019-08-24 16:45:00-05,0.514,-0.138,11108,2019-08-24 16:45:00
1116165,1116165,5679,2019-08-24 17:00:00-05,0.362,0.188,11109,2019-08-24 17:00:00
1116166,1116166,5679,2019-08-24 17:15:00-05,0.248,-0.036,11110,2019-08-24 17:15:00
1116167,1116167,5679,2019-08-24 17:30:00-05,0.261,0.468,11111,2019-08-24 17:30:00
1116168,1116168,5679,2019-08-24 17:45:00-05,0.215,0.261,11112,2019-08-24 17:45:00
1116169,1116169,5679,2019-08-24 18:00:00-05,0.126,0.455,11113,2019-08-24 18:00:00
1116170,1116170,5679,2019-08-24 18:15:00-05,0.068,0.492,11114,2019-08-24 18:15:00
1116171,1116171,5679,2019-08-24 18:30:00-05,0.028,0.359,11115,2019-08-24 18:30:00
1116172,1116172,5679,2019-08-24 18:45:00-05,0.007,0.363,11116,2019-08-24 18:45:00
1116173,1116173,5679,2019-08-24 19:00:00-05,0.006,0.367,11117,2019-08-24 19:00:00
1116174,1116174,5679,2019-08-24 19:15:00-05,0.006,0.486,11118,2019-08-24 19:15:00
1116175,1116175,5679,2019-08-24 19:30:00-05,0.006,0.472,11119,2019-08-24 19:30:00
1116176,1116176,5679,2019-08-24 19:45:00-05,0.006,0.465,11120,2019-08-24 19:45:00
1116177,1116177,5679,2019-08-24 20:00:00-05,0.006,0.57,11121,2019-08-24 20:00:00
1116178,1116178,5679,2019-08-24 20:15:00-05,0.006,0.455,11122,2019-08-24 20:15:00
1116179,1116179,5679,2019-08-24 20:30:00-05,0.006,0.299,11123,2019-08-24 20:30:00
1116180,1116180,5679,2019-08-24 20:45:00-05,0.006,0.424,11124,2019-08-24 20:45:00
1116181,1116181,5679,2019-08-24 21:00:00-05,0.006,0.319,11125,2019-08-24 21:00:00
1116182,1116182,5679,2019-08-24 21:15:00-05,0.006,0.262,11126,2019-08-24 21:15:00
1116183,1116183,5679,2019-08-24 21:30:00-05,0.006,0.344,11127,2019-08-24 21:30:00
1116184,1116184,5679,2019-08-24 21:45:00-05,0.006,0.355,11128,2019-08-24 21:45:00
1116185,1116185,5679,2019-08-24 22:00:00-05,0.006,0.276,11129,2019-08-24 22:00:00
1116186,1116186,5679,2019-08-24 22:15:00-05,0.006,0.367,11130,2019-08-24 22:15:00
1116187,1116187,5679,2019-08-24 22:30:00-05,0.007,0.198,11131,2019-08-24 22:30:00
1116188,1116188,5679,2019-08-24 22:45:00-05,0.007,0.165,11132,2019-08-24 22:45:00
1116189,1116189,5679,2019-08-24 23:00:00-05,0.007,0.261,11133,2019-08-24 23:00:00
1116190,1116190,5679,2019-08-24 23:15:00-05,0.007,0.279,11134,2019-08-24 23:15:00
1116191,1116191,5679,2019-08-24 23:30:00-05,0.007,0.317,11135,2019-08-24 23:30:00
1116192,1116192,5679,2019-08-24 23:45:00-05,0.006,0.365,11136,2019-08-24 23:45:00
1116193,1116193,5679,2019-08-25 00:00:00-05,0.007,0.276,11137,2019-08-25 00:00:00
1116194,1116194,5679,2019-08-25 00:15:00-05,0.007,0.274,11138,2019-08-25 00:15:00
1116195,1116195,5679,2019-08-25 00:30:00-05,0.007,0.311,11139,2019-08-25 00:30:00
1116196,1116196,5679,2019-08-25 00:45:00-05,0.007,0.165,11140,2019-08-25 00:45:00
1116197,1116197,5679,2019-08-25 01:00:00-05,0.007,0.167,11141,2019-08-25 01:00:00
1116198,1116198,5679,2019-08-25 01:15:00-05,0.007,0.254,11142,2019-08-25 01:15:00
1116199,1116199,5679,2019-08-25 01:30:00-05,0.007,0.176,11143,2019-08-25 01:30:00
1116200,1116200,5679,2019-08-25 01:45:00-05,0.007,0.278,11144,2019-08-25 01:45:00
1116201,1116201,5679,2019-08-25 02:00:00-05,0.006,0.488,11145,2019-08-25 02:00:00
1116202,1116202,5679,2019-08-25 02:15:00-05,0.007,0.412,11146,2019-08-25 02:15:00
1116203,1116203,5679,2019-08-25 02:30:00-05,0.007,0.338,11147,2019-08-25 02:30:00
1116204,1116204,5679,2019-08-25 02:45:00-05,0.007,0.378,11148,2019-08-25 02:45:00
1116205,1116205,5679,2019-08-25 03:00:00-05,0.007,0.285,11149,2019-08-25 03:00:00
1116206,1116206,5679,2019-08-25 03:15:00-05,0.007,0.284,11150,2019-08-25 03:15:00
1116207,1116207,5679,2019-08-25 03:30:00-05,0.007,0.387,11151,2019-08-25 03:30:00
1116208,1116208,5679,2019-08-25 03:45:00-05,0.007,0.392,11152,2019-08-25 03:45:00
1116209,1116209,5679,2019-08-25 04:00:00-05,0.007,0.323,11153,2019-08-25 04:00:00
1116210,1116210,5679,2019-08-25 04:15:00-05,0.007,0.352,11154,2019-08-25 04:15:00
1116211,1116211,5679,2019-08-25 04:30:00-05,0.007,0.241,11155,2019-08-25 04:30:00
1116212,1116212,5679,2019-08-25 04:45:00-05,0.007,0.167,11156,2019-08-25 04:45:00
1116213,1116213,5679,2019-08-25 05:00:00-05,0.007,0.246,11157,2019-08-25 05:00:00
1116214,1116214,5679,2019-08-25 05:15:00-05,0.008,0.169,11158,2019-08-25 05:15:00
1116215,1116215,5679,2019-08-25 05:30:00-05,0.026,0.199,11159,2019-08-25 05:30:00
1116216,1116216,5679,2019-08-25 05:45:00-05,0.061,0.796,11160,2019-08-25 05:45:00
1116217,1116217,5679,2019-08-25 06:00:00-05,0.081,0.294,11161,2019-08-25 06:00:00
1116218,1116218,5679,2019-08-25 06:15:00-05,0.113,0.166,11162,2019-08-25 06:15:00
1116219,1116219,5679,2019-08-25 06:30:00-05,0.128,0.152,11163,2019-08-25 06:30:00
1116220,1116220,5679,2019-08-25 06:45:00-05,0.173,0.406,11164,2019-08-25 06:45:00
1116221,1116221,5679,2019-08-25 07:00:00-05,0.211,0.327,11165,2019-08-25 07:00:00
1116222,1116222,5679,2019-08-25 07:15:00-05,0.258,0.127,11166,2019-08-25 07:15:00
1116223,1116223,5679,2019-08-25 07:30:00-05,0.315,0.478,11167,2019-08-25 07:30:00
1116224,1116224,5679,2019-08-25 07:45:00-05,0.423,0.237,11168,2019-08-25 07:45:00
1116225,1116225,5679,2019-08-25 08:00:00-05,0.993,-0.486,11169,2019-08-25 08:00:00
1116226,1116226,5679,2019-08-25 08:15:00-05,1.459,-0.701,11170,2019-08-25 08:15:00
1116227,1116227,5679,2019-08-25 08:30:00-05,1.761,-0.999,11171,2019-08-25 08:30:00
1116228,1116228,5679,2019-08-25 08:45:00-05,2.099,-1.55,11172,2019-08-25 08:45:00
1116229,1116229,5679,2019-08-25 09:00:00-05,2.367,-1.842,11173,2019-08-25 09:00:00
1116230,1116230,5679,2019-08-25 09:15:00-05,2.731,-2.256,11174,2019-08-25 09:15:00
1116231,1116231,5679,2019-08-25 09:30:00-05,2.731,-2.443,11175,2019-08-25 09:30:00
1116232,1116232,5679,2019-08-25 09:45:00-05,2.871,-2.518,11176,2019-08-25 09:45:00
1116233,1116233,5679,2019-08-25 10:00:00-05,3.559,-2.968,11177,2019-08-25 10:00:00
1116234,1116234,5679,2019-08-25 10:15:00-05,2.372,-2.105,11178,2019-08-25 10:15:00
1116235,1116235,5679,2019-08-25 10:30:00-05,2.896,-2.477,11179,2019-08-25 10:30:00
1116236,1116236,5679,2019-08-25 10:45:00-05,4.139,-3.682,11180,2019-08-25 10:45:00
1116237,1116237,5679,2019-08-25 11:00:00-05,3.787,-3.385,11181,2019-08-25 11:00:00
1116238,1116238,5679,2019-08-25 11:15:00-05,2.111,-1.627,11182,2019-08-25 11:15:00
1116239,1116239,5679,2019-08-25 11:30:00-05,1.08,-0.323,11183,2019-08-25 11:30:00
1116240,1116240,5679,2019-08-25 11:45:00-05,1.563,-0.772,11184,2019-08-25 11:45:00
1116241,1116241,5679,2019-08-25 12:00:00-05,2.252,-1.536,11185,2019-08-25 12:00:00
1116242,1116242,5679,2019-08-25 12:15:00-05,1.31,-0.612,11186,2019-08-25 12:15:00
1116243,1116243,5679,2019-08-25 12:30:00-05,2.089,-1.655,11187,2019-08-25 12:30:00
1116244,1116244,5679,2019-08-25 12:45:00-05,1.584,-1.246,11188,2019-08-25 12:45:00
1116245,1116245,5679,2019-08-25 13:00:00-05,2.861,-2.548,11189,2019-08-25 13:00:00
1116246,1116246,5679,2019-08-25 13:15:00-05,1.198,-0.366,11190,2019-08-25 13:15:00
1116247,1116247,5679,2019-08-25 13:30:00-05,0.926,-0.586,11191,2019-08-25 13:30:00
1116248,1116248,5679,2019-08-25 13:45:00-05,1.832,-1.41,11192,2019-08-25 13:45:00
1116249,1116249,5679,2019-08-25 14:00:00-05,1.932,-1.404,11193,2019-08-25 14:00:00
1116250,1116250,5679,2019-08-25 14:15:00-05,2.127,0.54,11194,2019-08-25 14:15:00
1116251,1116251,5679,2019-08-25 14:30:00-05,0.726,1.848,11195,2019-08-25 14:30:00
1116252,1116252,5679,2019-08-25 14:45:00-05,0.765,1.258,11196,2019-08-25 14:45:00
1116253,1116253,5679,2019-08-25 15:00:00-05,1.122,-0.623,11197,2019-08-25 15:00:00
1116254,1116254,5679,2019-08-25 15:15:00-05,1.016,-0.288,11198,2019-08-25 15:15:00
1116255,1116255,5679,2019-08-25 15:30:00-05,0.734,0.562,11199,2019-08-25 15:30:00
1116256,1116256,5679,2019-08-25 15:45:00-05,0.815,0.111,11200,2019-08-25 15:45:00
1116257,1116257,5679,2019-08-25 16:00:00-05,0.859,0.476,11201,2019-08-25 16:00:00
1116258,1116258,5679,2019-08-25 16:15:00-05,0.65,0.373,11202,2019-08-25 16:15:00
1116259,1116259,5679,2019-08-25 16:30:00-05,0.531,0.478,11203,2019-08-25 16:30:00
1116260,1116260,5679,2019-08-25 16:45:00-05,0.574,0.548,11204,2019-08-25 16:45:00
1116261,1116261,5679,2019-08-25 17:00:00-05,0.496,0.669,11205,2019-08-25 17:00:00
1116262,1116262,5679,2019-08-25 17:15:00-05,0.394,0.51,11206,2019-08-25 17:15:00
1116263,1116263,5679,2019-08-25 17:30:00-05,0.234,0.976,11207,2019-08-25 17:30:00
1116264,1116264,5679,2019-08-25 17:45:00-05,0.195,0.897,11208,2019-08-25 17:45:00
1116265,1116265,5679,2019-08-25 18:00:00-05,0.124,1.103,11209,2019-08-25 18:00:00
1116266,1116266,5679,2019-08-25 18:15:00-05,0.061,0.92,11210,2019-08-25 18:15:00
1116267,1116267,5679,2019-08-25 18:30:00-05,0.025,1.085,11211,2019-08-25 18:30:00
1116268,1116268,5679,2019-08-25 18:45:00-05,0.007,1.05,11212,2019-08-25 18:45:00
1116269,1116269,5679,2019-08-25 19:00:00-05,0.005,0.85,11213,2019-08-25 19:00:00
1116270,1116270,5679,2019-08-25 19:15:00-05,0.006,0.474,11214,2019-08-25 19:15:00
1116271,1116271,5679,2019-08-25 19:30:00-05,0.006,0.41,11215,2019-08-25 19:30:00
1116272,1116272,5679,2019-08-25 19:45:00-05,0.006,0.411,11216,2019-08-25 19:45:00
1116273,1116273,5679,2019-08-25 20:00:00-05,0.006,0.437,11217,2019-08-25 20:00:00
1116274,1116274,5679,2019-08-25 20:15:00-05,0.006,0.552,11218,2019-08-25 20:15:00
1116275,1116275,5679,2019-08-25 20:30:00-05,0.006,0.522,11219,2019-08-25 20:30:00
1116276,1116276,5679,2019-08-25 20:45:00-05,0.006,0.544,11220,2019-08-25 20:45:00
1116277,1116277,5679,2019-08-25 21:00:00-05,0.006,0.489,11221,2019-08-25 21:00:00
1116278,1116278,5679,2019-08-25 21:15:00-05,0.006,0.518,11222,2019-08-25 21:15:00
1116279,1116279,5679,2019-08-25 21:30:00-05,0.006,0.537,11223,2019-08-25 21:30:00
1116280,1116280,5679,2019-08-25 21:45:00-05,0.006,0.276,11224,2019-08-25 21:45:00
1116281,1116281,5679,2019-08-25 22:00:00-05,0.006,0.309,11225,2019-08-25 22:00:00
1116282,1116282,5679,2019-08-25 22:15:00-05,0.007,0.241,11226,2019-08-25 22:15:00
1116283,1116283,5679,2019-08-25 22:30:00-05,0.007,0.22,11227,2019-08-25 22:30:00
1116284,1116284,5679,2019-08-25 22:45:00-05,0.007,0.237,11228,2019-08-25 22:45:00
1116285,1116285,5679,2019-08-25 23:00:00-05,0.007,0.281,11229,2019-08-25 23:00:00
1116286,1116286,5679,2019-08-25 23:15:00-05,0.006,0.339,11230,2019-08-25 23:15:00
1116287,1116287,5679,2019-08-25 23:30:00-05,0.007,0.275,11231,2019-08-25 23:30:00
1116288,1116288,5679,2019-08-25 23:45:00-05,0.007,0.302,11232,2019-08-25 23:45:00
1116289,1116289,5679,2019-08-26 00:00:00-05,0.007,0.165,11233,2019-08-26 00:00:00
1116290,1116290,5679,2019-08-26 00:15:00-05,0.007,0.221,11234,2019-08-26 00:15:00
1116291,1116291,5679,2019-08-26 00:30:00-05,0.007,0.263,11235,2019-08-26 00:30:00
1116292,1116292,5679,2019-08-26 00:45:00-05,0.007,0.291,11236,2019-08-26 00:45:00
1116293,1116293,5679,2019-08-26 01:00:00-05,0.007,0.322,11237,2019-08-26 01:00:00
1116294,1116294,5679,2019-08-26 01:15:00-05,0.007,0.277,11238,2019-08-26 01:15:00
1116295,1116295,5679,2019-08-26 01:30:00-05,0.007,0.341,11239,2019-08-26 01:30:00
1116296,1116296,5679,2019-08-26 01:45:00-05,0.007,0.276,11240,2019-08-26 01:45:00
1116297,1116297,5679,2019-08-26 02:00:00-05,0.007,0.277,11241,2019-08-26 02:00:00
1116298,1116298,5679,2019-08-26 02:15:00-05,0.007,0.18,11242,2019-08-26 02:15:00
1116299,1116299,5679,2019-08-26 02:30:00-05,0.007,0.178,11243,2019-08-26 02:30:00
1116300,1116300,5679,2019-08-26 02:45:00-05,0.007,0.219,11244,2019-08-26 02:45:00
1116301,1116301,5679,2019-08-26 03:00:00-05,0.007,0.166,11245,2019-08-26 03:00:00
1116302,1116302,5679,2019-08-26 03:15:00-05,0.007,0.319,11246,2019-08-26 03:15:00
1116303,1116303,5679,2019-08-26 03:30:00-05,0.007,0.278,11247,2019-08-26 03:30:00
1116304,1116304,5679,2019-08-26 03:45:00-05,0.007,0.327,11248,2019-08-26 03:45:00
1116305,1116305,5679,2019-08-26 04:00:00-05,0.007,0.286,11249,2019-08-26 04:00:00
1116306,1116306,5679,2019-08-26 04:15:00-05,0.007,0.19,11250,2019-08-26 04:15:00
1116307,1116307,5679,2019-08-26 04:30:00-05,0.007,0.213,11251,2019-08-26 04:30:00
1116308,1116308,5679,2019-08-26 04:45:00-05,0.007,0.166,11252,2019-08-26 04:45:00
1116309,1116309,5679,2019-08-26 05:00:00-05,0.007,0.229,11253,2019-08-26 05:00:00
1116310,1116310,5679,2019-08-26 05:15:00-05,0.008,0.186,11254,2019-08-26 05:15:00
1116311,1116311,5679,2019-08-26 05:30:00-05,0.022,0.85,11255,2019-08-26 05:30:00
1116312,1116312,5679,2019-08-26 05:45:00-05,0.046,0.977,11256,2019-08-26 05:45:00
1116313,1116313,5679,2019-08-26 06:00:00-05,0.069,0.338,11257,2019-08-26 06:00:00
1116314,1116314,5679,2019-08-26 06:15:00-05,0.096,0.638,11258,2019-08-26 06:15:00
1116315,1116315,5679,2019-08-26 06:30:00-05,0.125,0.185,11259,2019-08-26 06:30:00
1116316,1116316,5679,2019-08-26 06:45:00-05,0.159,0.207,11260,2019-08-26 06:45:00
1116317,1116317,5679,2019-08-26 07:00:00-05,0.197,0.138,11261,2019-08-26 07:00:00
1116318,1116318,5679,2019-08-26 07:15:00-05,0.237,0.139,11262,2019-08-26 07:15:00
1116319,1116319,5679,2019-08-26 07:30:00-05,0.297,0.131,11263,2019-08-26 07:30:00
1116320,1116320,5679,2019-08-26 07:45:00-05,0.406,0.042,11264,2019-08-26 07:45:00
1116321,1116321,5679,2019-08-26 08:00:00-05,0.991,-0.22,11265,2019-08-26 08:00:00
1116322,1116322,5679,2019-08-26 08:15:00-05,1.488,-1.074,11266,2019-08-26 08:15:00
1116323,1116323,5679,2019-08-26 08:30:00-05,1.78,-1.345,11267,2019-08-26 08:30:00
1116324,1116324,5679,2019-08-26 08:45:00-05,2.15,-1.831,11268,2019-08-26 08:45:00
1116325,1116325,5679,2019-08-26 09:00:00-05,2.446,-2.163,11269,2019-08-26 09:00:00
1116326,1116326,5679,2019-08-26 09:15:00-05,2.795,-2.429,11270,2019-08-26 09:15:00
1116327,1116327,5679,2019-08-26 09:30:00-05,3.032,-2.746,11271,2019-08-26 09:30:00
1116328,1116328,5679,2019-08-26 09:45:00-05,3.17,-2.777,11272,2019-08-26 09:45:00
1116329,1116329,5679,2019-08-26 10:00:00-05,3.189,-2.582,11273,2019-08-26 10:00:00
1116330,1116330,5679,2019-08-26 10:15:00-05,3.474,-3.116,11274,2019-08-26 10:15:00
1116331,1116331,5679,2019-08-26 10:30:00-05,3.697,-2.925,11275,2019-08-26 10:30:00
1116332,1116332,5679,2019-08-26 10:45:00-05,3.966,-3.477,11276,2019-08-26 10:45:00
1116333,1116333,5679,2019-08-26 11:00:00-05,4.063,-3.651,11277,2019-08-26 11:00:00
1116334,1116334,5679,2019-08-26 11:15:00-05,4.156,-3.658,11278,2019-08-26 11:15:00
1116335,1116335,5679,2019-08-26 11:30:00-05,4.243,-3.822,11279,2019-08-26 11:30:00
1116336,1116336,5679,2019-08-26 11:45:00-05,4.288,-3.792,11280,2019-08-26 11:45:00
1116337,1116337,5679,2019-08-26 12:00:00-05,4.176,-3.772,11281,2019-08-26 12:00:00
1116338,1116338,5679,2019-08-26 12:15:00-05,4.187,-3.54,11282,2019-08-26 12:15:00
1116339,1116339,5679,2019-08-26 12:30:00-05,4.149,-3.091,11283,2019-08-26 12:30:00
1116340,1116340,5679,2019-08-26 12:45:00-05,3.819,-3.212,11284,2019-08-26 12:45:00
1116341,1116341,5679,2019-08-26 13:00:00-05,3.756,-3.311,11285,2019-08-26 13:00:00
1116342,1116342,5679,2019-08-26 13:15:00-05,3.613,-3.268,11286,2019-08-26 13:15:00
1116343,1116343,5679,2019-08-26 13:30:00-05,2.901,-2.621,11287,2019-08-26 13:30:00
1116344,1116344,5679,2019-08-26 13:45:00-05,2.714,-2.37,11288,2019-08-26 13:45:00
1116345,1116345,5679,2019-08-26 14:00:00-05,2.398,-2.068,11289,2019-08-26 14:00:00
1116346,1116346,5679,2019-08-26 14:15:00-05,1.98,-1.544,11290,2019-08-26 14:15:00
1116347,1116347,5679,2019-08-26 14:30:00-05,1.713,-1.277,11291,2019-08-26 14:30:00
1116348,1116348,5679,2019-08-26 14:45:00-05,1.353,-0.936,11292,2019-08-26 14:45:00
1116349,1116349,5679,2019-08-26 15:00:00-05,1.16,-0.699,11293,2019-08-26 15:00:00
1116350,1116350,5679,2019-08-26 15:15:00-05,1.062,-0.726,11294,2019-08-26 15:15:00
1116351,1116351,5679,2019-08-26 15:30:00-05,0.885,-0.485,11295,2019-08-26 15:30:00
1116352,1116352,5679,2019-08-26 15:45:00-05,0.801,-0.19,11296,2019-08-26 15:45:00
1116353,1116353,5679,2019-08-26 16:00:00-05,0.773,-0.452,11297,2019-08-26 16:00:00
1116354,1116354,5679,2019-08-26 16:15:00-05,0.79,-0.422,11298,2019-08-26 16:15:00
1116355,1116355,5679,2019-08-26 16:30:00-05,0.789,-0.311,11299,2019-08-26 16:30:00
1116356,1116356,5679,2019-08-26 16:45:00-05,0.74,-0.332,11300,2019-08-26 16:45:00
1116357,1116357,5679,2019-08-26 17:00:00-05,0.454,0.071,11301,2019-08-26 17:00:00
1116358,1116358,5679,2019-08-26 17:15:00-05,0.328,0.132,11302,2019-08-26 17:15:00
1116359,1116359,5679,2019-08-26 17:30:00-05,0.29,0.209,11303,2019-08-26 17:30:00
1116360,1116360,5679,2019-08-26 17:45:00-05,0.286,0.065,11304,2019-08-26 17:45:00
1116361,1116361,5679,2019-08-26 18:00:00-05,0.142,0.216,11305,2019-08-26 18:00:00
1116362,1116362,5679,2019-08-26 18:15:00-05,0.055,0.245,11306,2019-08-26 18:15:00
1116363,1116363,5679,2019-08-26 18:30:00-05,0.022,0.345,11307,2019-08-26 18:30:00
1116364,1116364,5679,2019-08-26 18:45:00-05,0.004,2.388,11308,2019-08-26 18:45:00
1116365,1116365,5679,2019-08-26 19:00:00-05,-0.001,7.372,11309,2019-08-26 19:00:00
1116366,1116366,5679,2019-08-26 19:15:00-05,-0.001,7.328,11310,2019-08-26 19:15:00
1116367,1116367,5679,2019-08-26 19:30:00-05,-0.001,7.233,11311,2019-08-26 19:30:00
1116368,1116368,5679,2019-08-26 19:45:00-05,-0.001,7.163,11312,2019-08-26 19:45:00
1116369,1116369,5679,2019-08-26 20:00:00-05,-0.001,7.092,11313,2019-08-26 20:00:00
1116370,1116370,5679,2019-08-26 20:15:00-05,0.0,5.942,11314,2019-08-26 20:15:00
1116371,1116371,5679,2019-08-26 20:30:00-05,0.006,0.489,11315,2019-08-26 20:30:00
1116372,1116372,5679,2019-08-26 20:45:00-05,0.006,0.325,11316,2019-08-26 20:45:00
1116373,1116373,5679,2019-08-26 21:00:00-05,0.006,0.374,11317,2019-08-26 21:00:00
1116374,1116374,5679,2019-08-26 21:15:00-05,0.006,0.366,11318,2019-08-26 21:15:00
1116375,1116375,5679,2019-08-26 21:30:00-05,0.006,0.289,11319,2019-08-26 21:30:00
1116376,1116376,5679,2019-08-26 21:45:00-05,0.006,0.339,11320,2019-08-26 21:45:00
1116377,1116377,5679,2019-08-26 22:00:00-05,0.006,0.299,11321,2019-08-26 22:00:00
1116378,1116378,5679,2019-08-26 22:15:00-05,0.006,0.231,11322,2019-08-26 22:15:00
1116379,1116379,5679,2019-08-26 22:30:00-05,0.006,0.197,11323,2019-08-26 22:30:00
1116380,1116380,5679,2019-08-26 22:45:00-05,0.006,0.2,11324,2019-08-26 22:45:00
1116381,1116381,5679,2019-08-26 23:00:00-05,0.006,0.245,11325,2019-08-26 23:00:00
1116382,1116382,5679,2019-08-26 23:15:00-05,0.006,0.306,11326,2019-08-26 23:15:00
1116383,1116383,5679,2019-08-26 23:30:00-05,0.006,0.418,11327,2019-08-26 23:30:00
1116384,1116384,5679,2019-08-26 23:45:00-05,0.006,0.282,11328,2019-08-26 23:45:00
1116385,1116385,5679,2019-08-27 00:00:00-05,0.006,0.342,11329,2019-08-27 00:00:00
1116386,1116386,5679,2019-08-27 00:15:00-05,0.006,0.266,11330,2019-08-27 00:15:00
1116387,1116387,5679,2019-08-27 00:30:00-05,0.006,0.232,11331,2019-08-27 00:30:00
1116388,1116388,5679,2019-08-27 00:45:00-05,0.007,0.171,11332,2019-08-27 00:45:00
1116389,1116389,5679,2019-08-27 01:00:00-05,0.006,0.232,11333,2019-08-27 01:00:00
1116390,1116390,5679,2019-08-27 01:15:00-05,0.007,0.169,11334,2019-08-27 01:15:00
1116391,1116391,5679,2019-08-27 01:30:00-05,0.006,0.269,11335,2019-08-27 01:30:00
1116392,1116392,5679,2019-08-27 01:45:00-05,0.006,0.287,11336,2019-08-27 01:45:00
1116393,1116393,5679,2019-08-27 02:00:00-05,0.007,0.317,11337,2019-08-27 02:00:00
1116394,1116394,5679,2019-08-27 02:15:00-05,0.007,0.307,11338,2019-08-27 02:15:00
1116395,1116395,5679,2019-08-27 02:30:00-05,0.007,0.299,11339,2019-08-27 02:30:00
1116396,1116396,5679,2019-08-27 02:45:00-05,0.007,0.23,11340,2019-08-27 02:45:00
1116397,1116397,5679,2019-08-27 03:00:00-05,0.007,0.178,11341,2019-08-27 03:00:00
1116398,1116398,5679,2019-08-27 03:15:00-05,0.007,0.224,11342,2019-08-27 03:15:00
1116399,1116399,5679,2019-08-27 03:30:00-05,0.007,0.17,11343,2019-08-27 03:30:00
1116400,1116400,5679,2019-08-27 03:45:00-05,0.007,0.234,11344,2019-08-27 03:45:00
1116401,1116401,5679,2019-08-27 04:00:00-05,0.007,0.282,11345,2019-08-27 04:00:00
1116402,1116402,5679,2019-08-27 04:15:00-05,0.006,0.938,11346,2019-08-27 04:15:00
1116403,1116403,5679,2019-08-27 04:30:00-05,0.006,0.525,11347,2019-08-27 04:30:00
1116404,1116404,5679,2019-08-27 04:45:00-05,0.006,0.496,11348,2019-08-27 04:45:00
1116405,1116405,5679,2019-08-27 05:00:00-05,0.006,0.524,11349,2019-08-27 05:00:00
1116406,1116406,5679,2019-08-27 05:15:00-05,0.007,0.401,11350,2019-08-27 05:15:00
1116407,1116407,5679,2019-08-27 05:30:00-05,0.016,0.383,11351,2019-08-27 05:30:00
1116408,1116408,5679,2019-08-27 05:45:00-05,0.035,0.792,11352,2019-08-27 05:45:00
1116409,1116409,5679,2019-08-27 06:00:00-05,0.049,0.379,11353,2019-08-27 06:00:00
1116410,1116410,5679,2019-08-27 06:15:00-05,0.09,0.356,11354,2019-08-27 06:15:00
1116411,1116411,5679,2019-08-27 06:30:00-05,0.185,0.351,11355,2019-08-27 06:30:00
1116412,1116412,5679,2019-08-27 06:45:00-05,0.297,0.145,11356,2019-08-27 06:45:00
1116413,1116413,5679,2019-08-27 07:00:00-05,0.318,0.184,11357,2019-08-27 07:00:00
1116414,1116414,5679,2019-08-27 07:15:00-05,0.348,0.05,11358,2019-08-27 07:15:00
1116415,1116415,5679,2019-08-27 07:30:00-05,0.619,-0.234,11359,2019-08-27 07:30:00
1116416,1116416,5679,2019-08-27 07:45:00-05,0.71,-0.345,11360,2019-08-27 07:45:00
1116417,1116417,5679,2019-08-27 08:00:00-05,0.737,-0.34,11361,2019-08-27 08:00:00
1116418,1116418,5679,2019-08-27 08:15:00-05,0.682,-0.346,11362,2019-08-27 08:15:00
1116419,1116419,5679,2019-08-27 08:30:00-05,0.838,-0.4,11363,2019-08-27 08:30:00
1116420,1116420,5679,2019-08-27 08:45:00-05,0.887,-0.469,11364,2019-08-27 08:45:00
1116421,1116421,5679,2019-08-27 09:00:00-05,1.141,-0.52,11365,2019-08-27 09:00:00
1116422,1116422,5679,2019-08-27 09:15:00-05,1.27,-0.401,11366,2019-08-27 09:15:00
1116423,1116423,5679,2019-08-27 09:30:00-05,2.439,-2.118,11367,2019-08-27 09:30:00
1116424,1116424,5679,2019-08-27 09:45:00-05,2.639,-2.189,11368,2019-08-27 09:45:00
1116425,1116425,5679,2019-08-27 10:00:00-05,1.999,-1.592,11369,2019-08-27 10:00:00
1116426,1116426,5679,2019-08-27 10:15:00-05,2.883,-2.434,11370,2019-08-27 10:15:00
1116427,1116427,5679,2019-08-27 10:30:00-05,2.537,-1.946,11371,2019-08-27 10:30:00
1116428,1116428,5679,2019-08-27 10:45:00-05,1.823,-1.162,11372,2019-08-27 10:45:00
1116429,1116429,5679,2019-08-27 11:00:00-05,1.598,-1.299,11373,2019-08-27 11:00:00
1116430,1116430,5679,2019-08-27 11:15:00-05,1.19,-0.823,11374,2019-08-27 11:15:00
1116431,1116431,5679,2019-08-27 11:30:00-05,1.209,-1.0,11375,2019-08-27 11:30:00
1116432,1116432,5679,2019-08-27 11:45:00-05,1.526,-1.29,11376,2019-08-27 11:45:00
1116433,1116433,5679,2019-08-27 12:00:00-05,1.501,-1.321,11377,2019-08-27 12:00:00
1116434,1116434,5679,2019-08-27 12:15:00-05,1.453,-1.201,11378,2019-08-27 12:15:00
1116435,1116435,5679,2019-08-27 12:30:00-05,2.079,-1.87,11379,2019-08-27 12:30:00
1116436,1116436,5679,2019-08-27 12:45:00-05,1.122,-0.793,11380,2019-08-27 12:45:00
1116437,1116437,5679,2019-08-27 13:00:00-05,1.328,-1.026,11381,2019-08-27 13:00:00
1116438,1116438,5679,2019-08-27 13:15:00-05,1.167,-0.859,11382,2019-08-27 13:15:00
1116439,1116439,5679,2019-08-27 13:30:00-05,0.844,-0.522,11383,2019-08-27 13:30:00
1116440,1116440,5679,2019-08-27 13:45:00-05,0.953,-0.701,11384,2019-08-27 13:45:00
1116441,1116441,5679,2019-08-27 14:00:00-05,1.108,-0.882,11385,2019-08-27 14:00:00
1116442,1116442,5679,2019-08-27 14:15:00-05,1.475,-1.302,11386,2019-08-27 14:15:00
1116443,1116443,5679,2019-08-27 14:30:00-05,1.398,-1.165,11387,2019-08-27 14:30:00
1116444,1116444,5679,2019-08-27 14:45:00-05,0.83,-0.656,11388,2019-08-27 14:45:00
1116445,1116445,5679,2019-08-27 15:00:00-05,1.195,-0.916,11389,2019-08-27 15:00:00
1116446,1116446,5679,2019-08-27 15:15:00-05,0.896,-0.609,11390,2019-08-27 15:15:00
1116447,1116447,5679,2019-08-27 15:30:00-05,0.916,-0.565,11391,2019-08-27 15:30:00
1116448,1116448,5679,2019-08-27 15:45:00-05,0.927,-0.643,11392,2019-08-27 15:45:00
1116449,1116449,5679,2019-08-27 16:00:00-05,0.928,-0.585,11393,2019-08-27 16:00:00
1116450,1116450,5679,2019-08-27 16:15:00-05,0.512,-0.311,11394,2019-08-27 16:15:00
1116451,1116451,5679,2019-08-27 16:30:00-05,0.341,-0.106,11395,2019-08-27 16:30:00
1116452,1116452,5679,2019-08-27 16:45:00-05,0.288,-0.088,11396,2019-08-27 16:45:00
1116453,1116453,5679,2019-08-27 17:00:00-05,0.131,0.077,11397,2019-08-27 17:00:00
1116454,1116454,5679,2019-08-27 17:15:00-05,0.162,0.057,11398,2019-08-27 17:15:00
1116455,1116455,5679,2019-08-27 17:30:00-05,0.182,0.443,11399,2019-08-27 17:30:00
1116456,1116456,5679,2019-08-27 17:45:00-05,0.165,7.831,11400,2019-08-27 17:45:00
1116457,1116457,5679,2019-08-27 18:00:00-05,0.079,7.398,11401,2019-08-27 18:00:00
1116458,1116458,5679,2019-08-27 18:15:00-05,0.036,7.284,11402,2019-08-27 18:15:00
1116459,1116459,5679,2019-08-27 18:30:00-05,0.002,7.357,11403,2019-08-27 18:30:00
1116460,1116460,5679,2019-08-27 18:45:00-05,-0.001,7.266,11404,2019-08-27 18:45:00
1116461,1116461,5679,2019-08-27 19:00:00-05,0.004,2.192,11405,2019-08-27 19:00:00
1116462,1116462,5679,2019-08-27 19:15:00-05,0.005,0.539,11406,2019-08-27 19:15:00
1116463,1116463,5679,2019-08-27 19:30:00-05,0.006,0.382,11407,2019-08-27 19:30:00
1116464,1116464,5679,2019-08-27 19:45:00-05,0.006,0.465,11408,2019-08-27 19:45:00
1116465,1116465,5679,2019-08-27 20:00:00-05,0.006,0.511,11409,2019-08-27 20:00:00
1116466,1116466,5679,2019-08-27 20:15:00-05,0.006,0.522,11410,2019-08-27 20:15:00
1116467,1116467,5679,2019-08-27 20:30:00-05,0.006,0.538,11411,2019-08-27 20:30:00
1116468,1116468,5679,2019-08-27 20:45:00-05,0.006,0.508,11412,2019-08-27 20:45:00
1116469,1116469,5679,2019-08-27 21:00:00-05,0.006,0.552,11413,2019-08-27 21:00:00
1116470,1116470,5679,2019-08-27 21:15:00-05,0.006,0.418,11414,2019-08-27 21:15:00
1116471,1116471,5679,2019-08-27 21:30:00-05,0.006,0.371,11415,2019-08-27 21:30:00
1116472,1116472,5679,2019-08-27 21:45:00-05,0.006,0.306,11416,2019-08-27 21:45:00
1116473,1116473,5679,2019-08-27 22:00:00-05,0.006,0.368,11417,2019-08-27 22:00:00
1116474,1116474,5679,2019-08-27 22:15:00-05,0.006,0.305,11418,2019-08-27 22:15:00
1116475,1116475,5679,2019-08-27 22:30:00-05,0.006,0.449,11419,2019-08-27 22:30:00
1116476,1116476,5679,2019-08-27 22:45:00-05,0.006,0.415,11420,2019-08-27 22:45:00
1116477,1116477,5679,2019-08-27 23:00:00-05,0.006,0.537,11421,2019-08-27 23:00:00
1116478,1116478,5679,2019-08-27 23:15:00-05,0.006,0.645,11422,2019-08-27 23:15:00
1116479,1116479,5679,2019-08-27 23:30:00-05,0.006,0.411,11423,2019-08-27 23:30:00
1116480,1116480,5679,2019-08-27 23:45:00-05,0.006,0.418,11424,2019-08-27 23:45:00
1116481,1116481,5679,2019-08-28 00:00:00-05,0.006,0.301,11425,2019-08-28 00:00:00
1116482,1116482,5679,2019-08-28 00:15:00-05,0.006,0.354,11426,2019-08-28 00:15:00
1116483,1116483,5679,2019-08-28 00:30:00-05,0.006,0.334,11427,2019-08-28 00:30:00
1116484,1116484,5679,2019-08-28 00:45:00-05,0.006,0.348,11428,2019-08-28 00:45:00
1116485,1116485,5679,2019-08-28 01:00:00-05,0.006,0.47,11429,2019-08-28 01:00:00
1116486,1116486,5679,2019-08-28 01:15:00-05,0.006,0.437,11430,2019-08-28 01:15:00
1116487,1116487,5679,2019-08-28 01:30:00-05,0.006,0.438,11431,2019-08-28 01:30:00
1116488,1116488,5679,2019-08-28 01:45:00-05,0.006,0.448,11432,2019-08-28 01:45:00
1116489,1116489,5679,2019-08-28 02:00:00-05,0.006,0.385,11433,2019-08-28 02:00:00
1116490,1116490,5679,2019-08-28 02:15:00-05,0.006,0.345,11434,2019-08-28 02:15:00
1116491,1116491,5679,2019-08-28 02:30:00-05,0.006,0.312,11435,2019-08-28 02:30:00
1116492,1116492,5679,2019-08-28 02:45:00-05,0.006,0.37,11436,2019-08-28 02:45:00
1116493,1116493,5679,2019-08-28 03:00:00-05,0.006,0.312,11437,2019-08-28 03:00:00
1116494,1116494,5679,2019-08-28 03:15:00-05,0.006,0.402,11438,2019-08-28 03:15:00
1116495,1116495,5679,2019-08-28 03:30:00-05,0.006,0.41,11439,2019-08-28 03:30:00
1116496,1116496,5679,2019-08-28 03:45:00-05,0.006,0.553,11440,2019-08-28 03:45:00
1116497,1116497,5679,2019-08-28 04:00:00-05,0.006,0.593,11441,2019-08-28 04:00:00
1116498,1116498,5679,2019-08-28 04:15:00-05,0.006,0.414,11442,2019-08-28 04:15:00
1116499,1116499,5679,2019-08-28 04:30:00-05,0.006,0.401,11443,2019-08-28 04:30:00
1116500,1116500,5679,2019-08-28 04:45:00-05,0.006,0.378,11444,2019-08-28 04:45:00
1116501,1116501,5679,2019-08-28 05:00:00-05,0.006,0.704,11445,2019-08-28 05:00:00
1116502,1116502,5679,2019-08-28 05:15:00-05,0.006,0.381,11446,2019-08-28 05:15:00
1116503,1116503,5679,2019-08-28 05:30:00-05,0.006,0.312,11447,2019-08-28 05:30:00
1116504,1116504,5679,2019-08-28 05:45:00-05,0.01,0.36,11448,2019-08-28 05:45:00
1116505,1116505,5679,2019-08-28 06:00:00-05,0.022,0.416,11449,2019-08-28 06:00:00
1116506,1116506,5679,2019-08-28 06:15:00-05,0.033,0.856,11450,2019-08-28 06:15:00
1116507,1116507,5679,2019-08-28 06:30:00-05,0.052,1.13,11451,2019-08-28 06:30:00
1116508,1116508,5679,2019-08-28 06:45:00-05,0.076,0.531,11452,2019-08-28 06:45:00
1116509,1116509,5679,2019-08-28 07:00:00-05,0.088,0.525,11453,2019-08-28 07:00:00
1116510,1116510,5679,2019-08-28 07:15:00-05,0.176,0.788,11454,2019-08-28 07:15:00
1116511,1116511,5679,2019-08-28 07:30:00-05,0.488,5.236,11455,2019-08-28 07:30:00
1116512,1116512,5679,2019-08-28 07:45:00-05,0.43,4.857,11456,2019-08-28 07:45:00
1116513,1116513,5679,2019-08-28 08:00:00-05,0.318,3.584,11457,2019-08-28 08:00:00
1116514,1116514,5679,2019-08-28 08:15:00-05,0.324,1.569,11458,2019-08-28 08:15:00
1116515,1116515,5679,2019-08-28 08:30:00-05,0.466,3.454,11459,2019-08-28 08:30:00
1116516,1116516,5679,2019-08-28 08:45:00-05,0.327,4.71,11460,2019-08-28 08:45:00
1116517,1116517,5679,2019-08-28 09:00:00-05,0.329,3.019,11461,2019-08-28 09:00:00
1116518,1116518,5679,2019-08-28 09:15:00-05,0.396,0.692,11462,2019-08-28 09:15:00
1116519,1116519,5679,2019-08-28 09:30:00-05,0.349,0.116,11463,2019-08-28 09:30:00
1116520,1116520,5679,2019-08-28 09:45:00-05,0.438,0.011,11464,2019-08-28 09:45:00
1116521,1116521,5679,2019-08-28 10:00:00-05,0.245,0.429,11465,2019-08-28 10:00:00
1116522,1116522,5679,2019-08-28 10:15:00-05,0.32,0.176,11466,2019-08-28 10:15:00
1116523,1116523,5679,2019-08-28 10:30:00-05,0.241,0.098,11467,2019-08-28 10:30:00
1116524,1116524,5679,2019-08-28 10:45:00-05,0.202,0.208,11468,2019-08-28 10:45:00
1116525,1116525,5679,2019-08-28 11:00:00-05,0.217,0.412,11469,2019-08-28 11:00:00
1116526,1116526,5679,2019-08-28 11:15:00-05,0.152,0.217,11470,2019-08-28 11:15:00
1116527,1116527,5679,2019-08-28 11:30:00-05,0.253,0.11,11471,2019-08-28 11:30:00
1116528,1116528,5679,2019-08-28 11:45:00-05,0.21,0.091,11472,2019-08-28 11:45:00
1116529,1116529,5679,2019-08-28 12:00:00-05,0.383,0.184,11473,2019-08-28 12:00:00
1116530,1116530,5679,2019-08-28 12:15:00-05,0.653,-0.16,11474,2019-08-28 12:15:00
1116531,1116531,5679,2019-08-28 12:30:00-05,0.574,-0.369,11475,2019-08-28 12:30:00
1116532,1116532,5679,2019-08-28 12:45:00-05,0.503,-0.162,11476,2019-08-28 12:45:00
1116533,1116533,5679,2019-08-28 13:00:00-05,0.451,0.108,11477,2019-08-28 13:00:00
1116534,1116534,5679,2019-08-28 13:15:00-05,0.562,0.553,11478,2019-08-28 13:15:00
1116535,1116535,5679,2019-08-28 13:30:00-05,0.413,0.103,11479,2019-08-28 13:30:00
1116536,1116536,5679,2019-08-28 13:45:00-05,0.424,0.609,11480,2019-08-28 13:45:00
1116537,1116537,5679,2019-08-28 14:00:00-05,0.37,0.261,11481,2019-08-28 14:00:00
1116538,1116538,5679,2019-08-28 14:15:00-05,0.38,0.146,11482,2019-08-28 14:15:00
1116539,1116539,5679,2019-08-28 14:30:00-05,0.556,-0.049,11483,2019-08-28 14:30:00
1116540,1116540,5679,2019-08-28 14:45:00-05,0.606,4.306,11484,2019-08-28 14:45:00
1116541,1116541,5679,2019-08-28 15:00:00-05,0.509,6.782,11485,2019-08-28 15:00:00
1116542,1116542,5679,2019-08-28 15:15:00-05,0.586,7.182,11486,2019-08-28 15:15:00
1116543,1116543,5679,2019-08-28 15:30:00-05,0.526,7.257,11487,2019-08-28 15:30:00
1116544,1116544,5679,2019-08-28 15:45:00-05,0.744,6.954,11488,2019-08-28 15:45:00
1116545,1116545,5679,2019-08-28 16:00:00-05,0.73,4.973,11489,2019-08-28 16:00:00
1116546,1116546,5679,2019-08-28 16:15:00-05,0.66,0.58,11490,2019-08-28 16:15:00
1116547,1116547,5679,2019-08-28 16:30:00-05,0.571,0.762,11491,2019-08-28 16:30:00
1116548,1116548,5679,2019-08-28 16:45:00-05,0.552,0.585,11492,2019-08-28 16:45:00
1116549,1116549,5679,2019-08-28 17:00:00-05,0.546,0.403,11493,2019-08-28 17:00:00
1116550,1116550,5679,2019-08-28 17:15:00-05,0.568,0.413,11494,2019-08-28 17:15:00
1116551,1116551,5679,2019-08-28 17:30:00-05,0.546,0.328,11495,2019-08-28 17:30:00
1116552,1116552,5679,2019-08-28 17:45:00-05,0.386,0.484,11496,2019-08-28 17:45:00
1116553,1116553,5679,2019-08-28 18:00:00-05,0.196,0.654,11497,2019-08-28 18:00:00
1116554,1116554,5679,2019-08-28 18:15:00-05,0.072,0.799,11498,2019-08-28 18:15:00
1116555,1116555,5679,2019-08-28 18:30:00-05,0.022,0.59,11499,2019-08-28 18:30:00
1116556,1116556,5679,2019-08-28 18:45:00-05,0.006,0.973,11500,2019-08-28 18:45:00
1116557,1116557,5679,2019-08-28 19:00:00-05,0.006,0.577,11501,2019-08-28 19:00:00
1116558,1116558,5679,2019-08-28 19:15:00-05,0.006,0.508,11502,2019-08-28 19:15:00
1116559,1116559,5679,2019-08-28 19:30:00-05,0.006,0.383,11503,2019-08-28 19:30:00
1116560,1116560,5679,2019-08-28 19:45:00-05,0.006,0.411,11504,2019-08-28 19:45:00
1116561,1116561,5679,2019-08-28 20:00:00-05,0.006,0.513,11505,2019-08-28 20:00:00
1116562,1116562,5679,2019-08-28 20:15:00-05,0.006,0.448,11506,2019-08-28 20:15:00
1116563,1116563,5679,2019-08-28 20:30:00-05,0.006,0.411,11507,2019-08-28 20:30:00
1116564,1116564,5679,2019-08-28 20:45:00-05,0.006,0.54,11508,2019-08-28 20:45:00
1116565,1116565,5679,2019-08-28 21:00:00-05,0.006,0.536,11509,2019-08-28 21:00:00
1116566,1116566,5679,2019-08-28 21:15:00-05,0.006,0.435,11510,2019-08-28 21:15:00
1116567,1116567,5679,2019-08-28 21:30:00-05,0.006,0.467,11511,2019-08-28 21:30:00
1116568,1116568,5679,2019-08-28 21:45:00-05,0.006,0.452,11512,2019-08-28 21:45:00
1116569,1116569,5679,2019-08-28 22:00:00-05,0.006,0.346,11513,2019-08-28 22:00:00
1116570,1116570,5679,2019-08-28 22:15:00-05,0.006,0.361,11514,2019-08-28 22:15:00
1116571,1116571,5679,2019-08-28 22:30:00-05,0.007,0.359,11515,2019-08-28 22:30:00
1116572,1116572,5679,2019-08-28 22:45:00-05,0.007,0.32,11516,2019-08-28 22:45:00
1116573,1116573,5679,2019-08-28 23:00:00-05,0.007,0.314,11517,2019-08-28 23:00:00
1116574,1116574,5679,2019-08-28 23:15:00-05,0.007,0.363,11518,2019-08-28 23:15:00
1116575,1116575,5679,2019-08-28 23:30:00-05,0.007,0.414,11519,2019-08-28 23:30:00
1116576,1116576,5679,2019-08-28 23:45:00-05,0.007,0.443,11520,2019-08-28 23:45:00
1116577,1116577,5679,2019-08-29 00:00:00-05,0.006,0.445,11521,2019-08-29 00:00:00
1116578,1116578,5679,2019-08-29 00:15:00-05,0.007,0.383,11522,2019-08-29 00:15:00
1116579,1116579,5679,2019-08-29 00:30:00-05,0.007,0.41,11523,2019-08-29 00:30:00
1116580,1116580,5679,2019-08-29 00:45:00-05,0.007,0.258,11524,2019-08-29 00:45:00
1116581,1116581,5679,2019-08-29 01:00:00-05,0.007,0.196,11525,2019-08-29 01:00:00
1116582,1116582,5679,2019-08-29 01:15:00-05,0.007,0.229,11526,2019-08-29 01:15:00
1116583,1116583,5679,2019-08-29 01:30:00-05,0.007,0.168,11527,2019-08-29 01:30:00
1116584,1116584,5679,2019-08-29 01:45:00-05,0.007,0.238,11528,2019-08-29 01:45:00
1116585,1116585,5679,2019-08-29 02:00:00-05,0.007,0.284,11529,2019-08-29 02:00:00
1116586,1116586,5679,2019-08-29 02:15:00-05,0.007,0.337,11530,2019-08-29 02:15:00
1116587,1116587,5679,2019-08-29 02:30:00-05,0.007,0.304,11531,2019-08-29 02:30:00
1116588,1116588,5679,2019-08-29 02:45:00-05,0.007,0.312,11532,2019-08-29 02:45:00
1116589,1116589,5679,2019-08-29 03:00:00-05,0.007,0.325,11533,2019-08-29 03:00:00
1116590,1116590,5679,2019-08-29 03:15:00-05,0.007,0.284,11534,2019-08-29 03:15:00
1116591,1116591,5679,2019-08-29 03:30:00-05,0.007,0.344,11535,2019-08-29 03:30:00
1116592,1116592,5679,2019-08-29 03:45:00-05,0.007,0.191,11536,2019-08-29 03:45:00
1116593,1116593,5679,2019-08-29 04:00:00-05,0.007,0.228,11537,2019-08-29 04:00:00
1116594,1116594,5679,2019-08-29 04:15:00-05,0.007,0.169,11538,2019-08-29 04:15:00
1116595,1116595,5679,2019-08-29 04:30:00-05,0.006,0.808,11539,2019-08-29 04:30:00
1116596,1116596,5679,2019-08-29 04:45:00-05,0.007,0.555,11540,2019-08-29 04:45:00
1116597,1116597,5679,2019-08-29 05:00:00-05,0.007,0.43,11541,2019-08-29 05:00:00
1116598,1116598,5679,2019-08-29 05:15:00-05,0.008,0.337,11542,2019-08-29 05:15:00
1116599,1116599,5679,2019-08-29 05:30:00-05,0.024,0.604,11543,2019-08-29 05:30:00
1116600,1116600,5679,2019-08-29 05:45:00-05,0.049,0.4,11544,2019-08-29 05:45:00
1116601,1116601,5679,2019-08-29 06:00:00-05,0.074,0.295,11545,2019-08-29 06:00:00
1116602,1116602,5679,2019-08-29 06:15:00-05,0.102,0.204,11546,2019-08-29 06:15:00
1116603,1116603,5679,2019-08-29 06:30:00-05,0.127,0.231,11547,2019-08-29 06:30:00
1116604,1116604,5679,2019-08-29 06:45:00-05,0.157,0.163,11548,2019-08-29 06:45:00
1116605,1116605,5679,2019-08-29 07:00:00-05,0.193,0.196,11549,2019-08-29 07:00:00
1116606,1116606,5679,2019-08-29 07:15:00-05,0.233,0.216,11550,2019-08-29 07:15:00
1116607,1116607,5679,2019-08-29 07:30:00-05,0.289,0.503,11551,2019-08-29 07:30:00
1116608,1116608,5679,2019-08-29 07:45:00-05,0.395,0.443,11552,2019-08-29 07:45:00
1116609,1116609,5679,2019-08-29 08:00:00-05,0.97,-0.178,11553,2019-08-29 08:00:00
1116610,1116610,5679,2019-08-29 08:15:00-05,1.405,-1.003,11554,2019-08-29 08:15:00
1116611,1116611,5679,2019-08-29 08:30:00-05,1.766,-1.321,11555,2019-08-29 08:30:00
1116612,1116612,5679,2019-08-29 08:45:00-05,2.06,-1.658,11556,2019-08-29 08:45:00
1116613,1116613,5679,2019-08-29 09:00:00-05,2.354,-1.886,11557,2019-08-29 09:00:00
1116614,1116614,5679,2019-08-29 09:15:00-05,2.565,-2.172,11558,2019-08-29 09:15:00
1116615,1116615,5679,2019-08-29 09:30:00-05,1.772,-1.309,11559,2019-08-29 09:30:00
1116616,1116616,5679,2019-08-29 09:45:00-05,1.563,-1.174,11560,2019-08-29 09:45:00
1116617,1116617,5679,2019-08-29 10:00:00-05,2.708,-2.267,11561,2019-08-29 10:00:00
1116618,1116618,5679,2019-08-29 10:15:00-05,2.551,-2.154,11562,2019-08-29 10:15:00
1116619,1116619,5679,2019-08-29 10:30:00-05,3.493,-3.134,11563,2019-08-29 10:30:00
1116620,1116620,5679,2019-08-29 10:45:00-05,3.586,-3.299,11564,2019-08-29 10:45:00
1116621,1116621,5679,2019-08-29 11:00:00-05,3.088,-2.75,11565,2019-08-29 11:00:00
1116622,1116622,5679,2019-08-29 11:15:00-05,2.907,-2.634,11566,2019-08-29 11:15:00
1116623,1116623,5679,2019-08-29 11:30:00-05,2.291,-1.951,11567,2019-08-29 11:30:00
1116624,1116624,5679,2019-08-29 11:45:00-05,1.894,-1.714,11568,2019-08-29 11:45:00
1116625,1116625,5679,2019-08-29 12:00:00-05,3.819,-3.479,11569,2019-08-29 12:00:00
1116626,1116626,5679,2019-08-29 12:15:00-05,3.028,-2.757,11570,2019-08-29 12:15:00
1116627,1116627,5679,2019-08-29 12:30:00-05,3.94,-3.609,11571,2019-08-29 12:30:00
1116628,1116628,5679,2019-08-29 12:45:00-05,1.79,-1.515,11572,2019-08-29 12:45:00
1116629,1116629,5679,2019-08-29 13:00:00-05,1.02,-0.694,11573,2019-08-29 13:00:00
1116630,1116630,5679,2019-08-29 13:15:00-05,3.209,-3.05,11574,2019-08-29 13:15:00
1116631,1116631,5679,2019-08-29 13:30:00-05,2.345,-2.115,11575,2019-08-29 13:30:00
1116632,1116632,5679,2019-08-29 13:45:00-05,1.296,-1.126,11576,2019-08-29 13:45:00
1116633,1116633,5679,2019-08-29 14:00:00-05,1.397,1.79,11577,2019-08-29 14:00:00
1116634,1116634,5679,2019-08-29 14:15:00-05,1.396,5.982,11578,2019-08-29 14:15:00
1116635,1116635,5679,2019-08-29 14:30:00-05,0.737,6.349,11579,2019-08-29 14:30:00
1116636,1116636,5679,2019-08-29 14:45:00-05,1.535,5.549,11580,2019-08-29 14:45:00
1116637,1116637,5679,2019-08-29 15:00:00-05,1.41,1.831,11581,2019-08-29 15:00:00
1116638,1116638,5679,2019-08-29 15:15:00-05,0.939,-0.639,11582,2019-08-29 15:15:00
1116639,1116639,5679,2019-08-29 15:30:00-05,1.071,-0.662,11583,2019-08-29 15:30:00
1116640,1116640,5679,2019-08-29 15:45:00-05,0.869,-0.375,11584,2019-08-29 15:45:00
1116641,1116641,5679,2019-08-29 16:00:00-05,0.594,0.185,11585,2019-08-29 16:00:00
1116642,1116642,5679,2019-08-29 16:15:00-05,0.483,0.132,11586,2019-08-29 16:15:00
1116643,1116643,5679,2019-08-29 16:30:00-05,0.368,-0.129,11587,2019-08-29 16:30:00
1116644,1116644,5679,2019-08-29 16:45:00-05,0.248,0.088,11588,2019-08-29 16:45:00
1116645,1116645,5679,2019-08-29 17:00:00-05,0.24,0.074,11589,2019-08-29 17:00:00
1116646,1116646,5679,2019-08-29 17:15:00-05,0.206,0.204,11590,2019-08-29 17:15:00
1116647,1116647,5679,2019-08-29 17:30:00-05,0.153,0.258,11591,2019-08-29 17:30:00
1116648,1116648,5679,2019-08-29 17:45:00-05,0.115,0.458,11592,2019-08-29 17:45:00
1116649,1116649,5679,2019-08-29 18:00:00-05,0.08,0.722,11593,2019-08-29 18:00:00
1116650,1116650,5679,2019-08-29 18:15:00-05,0.042,1.447,11594,2019-08-29 18:15:00
1116651,1116651,5679,2019-08-29 18:30:00-05,0.017,1.366,11595,2019-08-29 18:30:00
1116652,1116652,5679,2019-08-29 18:45:00-05,0.005,1.093,11596,2019-08-29 18:45:00
1116653,1116653,5679,2019-08-29 19:00:00-05,0.005,1.4,11597,2019-08-29 19:00:00
1116654,1116654,5679,2019-08-29 19:15:00-05,0.006,0.649,11598,2019-08-29 19:15:00
1116655,1116655,5679,2019-08-29 19:30:00-05,0.006,0.368,11599,2019-08-29 19:30:00
1116656,1116656,5679,2019-08-29 19:45:00-05,0.006,0.431,11600,2019-08-29 19:45:00
1116657,1116657,5679,2019-08-29 20:00:00-05,0.006,0.494,11601,2019-08-29 20:00:00
1116658,1116658,5679,2019-08-29 20:15:00-05,0.006,0.526,11602,2019-08-29 20:15:00
1116659,1116659,5679,2019-08-29 20:30:00-05,0.006,0.44,11603,2019-08-29 20:30:00
1116660,1116660,5679,2019-08-29 20:45:00-05,0.006,0.54,11604,2019-08-29 20:45:00
1116661,1116661,5679,2019-08-29 21:00:00-05,0.006,0.504,11605,2019-08-29 21:00:00
1116662,1116662,5679,2019-08-29 21:15:00-05,0.006,0.585,11606,2019-08-29 21:15:00
1116663,1116663,5679,2019-08-29 21:30:00-05,0.006,0.4,11607,2019-08-29 21:30:00
1116664,1116664,5679,2019-08-29 21:45:00-05,0.006,0.379,11608,2019-08-29 21:45:00
1116665,1116665,5679,2019-08-29 22:00:00-05,0.006,0.176,11609,2019-08-29 22:00:00
1116666,1116666,5679,2019-08-29 22:15:00-05,0.006,0.235,11610,2019-08-29 22:15:00
1116667,1116667,5679,2019-08-29 22:30:00-05,0.007,0.28,11611,2019-08-29 22:30:00
1116668,1116668,5679,2019-08-29 22:45:00-05,0.006,0.347,11612,2019-08-29 22:45:00
1116669,1116669,5679,2019-08-29 23:00:00-05,0.006,0.177,11613,2019-08-29 23:00:00
1116670,1116670,5679,2019-08-29 23:15:00-05,0.006,0.278,11614,2019-08-29 23:15:00
1116671,1116671,5679,2019-08-29 23:30:00-05,0.006,0.281,11615,2019-08-29 23:30:00
1116672,1116672,5679,2019-08-29 23:45:00-05,0.006,0.339,11616,2019-08-29 23:45:00
1116673,1116673,5679,2019-08-30 00:00:00-05,0.006,0.275,11617,2019-08-30 00:00:00
1116674,1116674,5679,2019-08-30 00:15:00-05,0.006,0.339,11618,2019-08-30 00:15:00
1116675,1116675,5679,2019-08-30 00:30:00-05,0.007,0.252,11619,2019-08-30 00:30:00
1116676,1116676,5679,2019-08-30 00:45:00-05,0.007,0.23,11620,2019-08-30 00:45:00
1116677,1116677,5679,2019-08-30 01:00:00-05,0.007,0.167,11621,2019-08-30 01:00:00
1116678,1116678,5679,2019-08-30 01:15:00-05,0.007,0.229,11622,2019-08-30 01:15:00
1116679,1116679,5679,2019-08-30 01:30:00-05,0.007,0.169,11623,2019-08-30 01:30:00
1116680,1116680,5679,2019-08-30 01:45:00-05,0.007,0.226,11624,2019-08-30 01:45:00
1116681,1116681,5679,2019-08-30 02:00:00-05,0.007,0.259,11625,2019-08-30 02:00:00
1116682,1116682,5679,2019-08-30 02:15:00-05,0.007,0.329,11626,2019-08-30 02:15:00
1116683,1116683,5679,2019-08-30 02:30:00-05,0.007,0.286,11627,2019-08-30 02:30:00
1116684,1116684,5679,2019-08-30 02:45:00-05,0.007,0.328,11628,2019-08-30 02:45:00
1116685,1116685,5679,2019-08-30 03:00:00-05,0.007,0.286,11629,2019-08-30 03:00:00
1116686,1116686,5679,2019-08-30 03:15:00-05,0.007,0.217,11630,2019-08-30 03:15:00
1116687,1116687,5679,2019-08-30 03:30:00-05,0.007,0.186,11631,2019-08-30 03:30:00
1116688,1116688,5679,2019-08-30 03:45:00-05,0.007,0.206,11632,2019-08-30 03:45:00
1116689,1116689,5679,2019-08-30 04:00:00-05,0.007,0.19,11633,2019-08-30 04:00:00
1116690,1116690,5679,2019-08-30 04:15:00-05,0.007,0.199,11634,2019-08-30 04:15:00
1116691,1116691,5679,2019-08-30 04:30:00-05,0.006,0.499,11635,2019-08-30 04:30:00
1116692,1116692,5679,2019-08-30 04:45:00-05,0.006,0.65,11636,2019-08-30 04:45:00
1116693,1116693,5679,2019-08-30 05:00:00-05,0.007,0.546,11637,2019-08-30 05:00:00
1116694,1116694,5679,2019-08-30 05:15:00-05,0.008,0.578,11638,2019-08-30 05:15:00
1116695,1116695,5679,2019-08-30 05:30:00-05,0.022,0.752,11639,2019-08-30 05:30:00
1116696,1116696,5679,2019-08-30 05:45:00-05,0.061,0.749,11640,2019-08-30 05:45:00
1116697,1116697,5679,2019-08-30 06:00:00-05,0.102,0.486,11641,2019-08-30 06:00:00
1116698,1116698,5679,2019-08-30 06:15:00-05,0.152,0.097,11642,2019-08-30 06:15:00
1116699,1116699,5679,2019-08-30 06:30:00-05,0.228,0.174,11643,2019-08-30 06:30:00
1116700,1116700,5679,2019-08-30 06:45:00-05,0.205,0.244,11644,2019-08-30 06:45:00
1116701,1116701,5679,2019-08-30 07:00:00-05,0.321,0.175,11645,2019-08-30 07:00:00
1116702,1116702,5679,2019-08-30 07:15:00-05,0.166,0.305,11646,2019-08-30 07:15:00
1116703,1116703,5679,2019-08-30 07:30:00-05,0.214,0.311,11647,2019-08-30 07:30:00
1116704,1116704,5679,2019-08-30 07:45:00-05,0.399,0.176,11648,2019-08-30 07:45:00
1116705,1116705,5679,2019-08-30 08:00:00-05,0.541,0.123,11649,2019-08-30 08:00:00
1116706,1116706,5679,2019-08-30 08:15:00-05,1.023,-0.601,11650,2019-08-30 08:15:00
1116707,1116707,5679,2019-08-30 08:30:00-05,1.297,-0.391,11651,2019-08-30 08:30:00
1116708,1116708,5679,2019-08-30 08:45:00-05,1.714,-1.302,11652,2019-08-30 08:45:00
1116709,1116709,5679,2019-08-30 09:00:00-05,2.277,-1.829,11653,2019-08-30 09:00:00
1116710,1116710,5679,2019-08-30 09:15:00-05,2.142,-1.718,11654,2019-08-30 09:15:00
1116711,1116711,5679,2019-08-30 09:30:00-05,2.004,-1.572,11655,2019-08-30 09:30:00
1116712,1116712,5679,2019-08-30 09:45:00-05,1.735,-1.248,11656,2019-08-30 09:45:00
1116713,1116713,5679,2019-08-30 10:00:00-05,2.16,-1.731,11657,2019-08-30 10:00:00
1116714,1116714,5679,2019-08-30 10:15:00-05,2.47,-2.084,11658,2019-08-30 10:15:00
1116715,1116715,5679,2019-08-30 10:30:00-05,1.345,-1.041,11659,2019-08-30 10:30:00
1116716,1116716,5679,2019-08-30 10:45:00-05,0.774,-0.421,11660,2019-08-30 10:45:00
1116717,1116717,5679,2019-08-30 11:00:00-05,0.712,-0.424,11661,2019-08-30 11:00:00
1116718,1116718,5679,2019-08-30 11:15:00-05,1.791,-1.46,11662,2019-08-30 11:15:00
1116719,1116719,5679,2019-08-30 11:30:00-05,2.759,-2.423,11663,2019-08-30 11:30:00
1116720,1116720,5679,2019-08-30 11:45:00-05,3.537,-3.036,11664,2019-08-30 11:45:00
1116721,1116721,5679,2019-08-30 12:00:00-05,3.326,-2.911,11665,2019-08-30 12:00:00
1116722,1116722,5679,2019-08-30 12:15:00-05,3.372,-2.888,11666,2019-08-30 12:15:00
1116723,1116723,5679,2019-08-30 12:30:00-05,2.875,-2.431,11667,2019-08-30 12:30:00
1116724,1116724,5679,2019-08-30 12:45:00-05,3.704,-2.734,11668,2019-08-30 12:45:00
1116725,1116725,5679,2019-08-30 13:00:00-05,3.672,-3.227,11669,2019-08-30 13:00:00
1116726,1116726,5679,2019-08-30 13:15:00-05,1.975,-1.538,11670,2019-08-30 13:15:00
1116727,1116727,5679,2019-08-30 13:30:00-05,2.069,-1.549,11671,2019-08-30 13:30:00
1116728,1116728,5679,2019-08-30 13:45:00-05,2.335,-1.946,11672,2019-08-30 13:45:00
1116729,1116729,5679,2019-08-30 14:00:00-05,2.282,-1.815,11673,2019-08-30 14:00:00
1116730,1116730,5679,2019-08-30 14:15:00-05,1.981,-1.587,11674,2019-08-30 14:15:00
1116731,1116731,5679,2019-08-30 14:30:00-05,1.548,-1.09,11675,2019-08-30 14:30:00
1116732,1116732,5679,2019-08-30 14:45:00-05,1.421,-0.705,11676,2019-08-30 14:45:00
1116733,1116733,5679,2019-08-30 15:00:00-05,1.092,-0.66,11677,2019-08-30 15:00:00
1116734,1116734,5679,2019-08-30 15:15:00-05,0.974,-0.462,11678,2019-08-30 15:15:00
1116735,1116735,5679,2019-08-30 15:30:00-05,0.71,0.249,11679,2019-08-30 15:30:00
1116736,1116736,5679,2019-08-30 15:45:00-05,0.598,0.587,11680,2019-08-30 15:45:00
1116737,1116737,5679,2019-08-30 16:00:00-05,0.518,0.671,11681,2019-08-30 16:00:00
1116738,1116738,5679,2019-08-30 16:15:00-05,0.407,0.616,11682,2019-08-30 16:15:00
1116739,1116739,5679,2019-08-30 16:30:00-05,0.313,0.753,11683,2019-08-30 16:30:00
1116740,1116740,5679,2019-08-30 16:45:00-05,0.241,0.588,11684,2019-08-30 16:45:00
1116741,1116741,5679,2019-08-30 17:00:00-05,0.226,0.914,11685,2019-08-30 17:00:00
1116742,1116742,5679,2019-08-30 17:15:00-05,0.224,0.216,11686,2019-08-30 17:15:00
1116743,1116743,5679,2019-08-30 17:30:00-05,0.167,0.316,11687,2019-08-30 17:30:00
1116744,1116744,5679,2019-08-30 17:45:00-05,0.11,0.434,11688,2019-08-30 17:45:00
1116745,1116745,5679,2019-08-30 18:00:00-05,0.074,0.399,11689,2019-08-30 18:00:00
1116746,1116746,5679,2019-08-30 18:15:00-05,0.046,0.509,11690,2019-08-30 18:15:00
1116747,1116747,5679,2019-08-30 18:30:00-05,0.017,0.475,11691,2019-08-30 18:30:00
1116748,1116748,5679,2019-08-30 18:45:00-05,0.005,0.58,11692,2019-08-30 18:45:00
1116749,1116749,5679,2019-08-30 19:00:00-05,0.005,0.488,11693,2019-08-30 19:00:00
1116750,1116750,5679,2019-08-30 19:15:00-05,0.005,0.523,11694,2019-08-30 19:15:00
1116751,1116751,5679,2019-08-30 19:30:00-05,0.005,0.528,11695,2019-08-30 19:30:00
1116752,1116752,5679,2019-08-30 19:45:00-05,0.005,0.476,11696,2019-08-30 19:45:00
1116753,1116753,5679,2019-08-30 20:00:00-05,0.005,0.743,11697,2019-08-30 20:00:00
1116754,1116754,5679,2019-08-30 20:15:00-05,0.005,0.689,11698,2019-08-30 20:15:00
1116755,1116755,5679,2019-08-30 20:30:00-05,0.006,0.532,11699,2019-08-30 20:30:00
1116756,1116756,5679,2019-08-30 20:45:00-05,0.006,0.633,11700,2019-08-30 20:45:00
1116757,1116757,5679,2019-08-30 21:00:00-05,0.006,0.565,11701,2019-08-30 21:00:00
1116758,1116758,5679,2019-08-30 21:15:00-05,0.006,0.471,11702,2019-08-30 21:15:00
1116759,1116759,5679,2019-08-30 21:30:00-05,0.006,0.488,11703,2019-08-30 21:30:00
1116760,1116760,5679,2019-08-30 21:45:00-05,0.006,0.177,11704,2019-08-30 21:45:00
1116761,1116761,5679,2019-08-30 22:00:00-05,0.006,0.327,11705,2019-08-30 22:00:00
1116762,1116762,5679,2019-08-30 22:15:00-05,0.006,0.324,11706,2019-08-30 22:15:00
1116763,1116763,5679,2019-08-30 22:30:00-05,0.006,0.291,11707,2019-08-30 22:30:00
1116764,1116764,5679,2019-08-30 22:45:00-05,0.006,0.343,11708,2019-08-30 22:45:00
1116765,1116765,5679,2019-08-30 23:00:00-05,0.006,0.318,11709,2019-08-30 23:00:00
1116766,1116766,5679,2019-08-30 23:15:00-05,0.006,0.307,11710,2019-08-30 23:15:00
1116767,1116767,5679,2019-08-30 23:30:00-05,0.006,0.348,11711,2019-08-30 23:30:00
1116768,1116768,5679,2019-08-30 23:45:00-05,0.006,0.29,11712,2019-08-30 23:45:00
1116769,1116769,5679,2019-08-31 00:00:00-05,0.006,0.364,11713,2019-08-31 00:00:00
1116770,1116770,5679,2019-08-31 00:15:00-05,0.006,0.288,11714,2019-08-31 00:15:00
1116771,1116771,5679,2019-08-31 00:30:00-05,0.006,0.361,11715,2019-08-31 00:30:00
1116772,1116772,5679,2019-08-31 00:45:00-05,0.006,0.286,11716,2019-08-31 00:45:00
1116773,1116773,5679,2019-08-31 01:00:00-05,0.006,0.35,11717,2019-08-31 01:00:00
1116774,1116774,5679,2019-08-31 01:15:00-05,0.006,0.301,11718,2019-08-31 01:15:00
1116775,1116775,5679,2019-08-31 01:30:00-05,0.006,0.326,11719,2019-08-31 01:30:00
1116776,1116776,5679,2019-08-31 01:45:00-05,0.006,0.32,11720,2019-08-31 01:45:00
1116777,1116777,5679,2019-08-31 02:00:00-05,0.007,0.378,11721,2019-08-31 02:00:00
1116778,1116778,5679,2019-08-31 02:15:00-05,0.006,0.345,11722,2019-08-31 02:15:00
1116779,1116779,5679,2019-08-31 02:30:00-05,0.006,0.402,11723,2019-08-31 02:30:00
1116780,1116780,5679,2019-08-31 02:45:00-05,0.006,0.479,11724,2019-08-31 02:45:00
1116781,1116781,5679,2019-08-31 03:00:00-05,0.007,0.301,11725,2019-08-31 03:00:00
1116782,1116782,5679,2019-08-31 03:15:00-05,0.007,0.361,11726,2019-08-31 03:15:00
1116783,1116783,5679,2019-08-31 03:30:00-05,0.007,0.288,11727,2019-08-31 03:30:00
1116784,1116784,5679,2019-08-31 03:45:00-05,0.007,0.348,11728,2019-08-31 03:45:00
1116785,1116785,5679,2019-08-31 04:00:00-05,0.007,0.213,11729,2019-08-31 04:00:00
1116786,1116786,5679,2019-08-31 04:15:00-05,0.007,0.213,11730,2019-08-31 04:15:00
1116787,1116787,5679,2019-08-31 04:30:00-05,0.007,0.212,11731,2019-08-31 04:30:00
1116788,1116788,5679,2019-08-31 04:45:00-05,0.007,0.183,11732,2019-08-31 04:45:00
1116789,1116789,5679,2019-08-31 05:00:00-05,0.007,0.258,11733,2019-08-31 05:00:00
1116790,1116790,5679,2019-08-31 05:15:00-05,0.007,0.322,11734,2019-08-31 05:15:00
1116791,1116791,5679,2019-08-31 05:30:00-05,0.017,0.486,11735,2019-08-31 05:30:00
1116792,1116792,5679,2019-08-31 05:45:00-05,0.039,1.009,11736,2019-08-31 05:45:00
1116793,1116793,5679,2019-08-31 06:00:00-05,0.065,0.424,11737,2019-08-31 06:00:00
1116794,1116794,5679,2019-08-31 06:15:00-05,0.099,0.359,11738,2019-08-31 06:15:00
1116795,1116795,5679,2019-08-31 06:30:00-05,0.127,0.348,11739,2019-08-31 06:30:00
1116796,1116796,5679,2019-08-31 06:45:00-05,0.172,1.036,11740,2019-08-31 06:45:00
1116797,1116797,5679,2019-08-31 07:00:00-05,0.216,0.336,11741,2019-08-31 07:00:00
1116798,1116798,5679,2019-08-31 07:15:00-05,0.229,0.256,11742,2019-08-31 07:15:00
1116799,1116799,5679,2019-08-31 07:30:00-05,0.282,0.032,11743,2019-08-31 07:30:00
1116800,1116800,5679,2019-08-31 07:45:00-05,0.386,-0.014,11744,2019-08-31 07:45:00
1116801,1116801,5679,2019-08-31 08:00:00-05,0.937,-0.639,11745,2019-08-31 08:00:00
1116802,1116802,5679,2019-08-31 08:15:00-05,1.368,-1.043,11746,2019-08-31 08:15:00
1116803,1116803,5679,2019-08-31 08:30:00-05,1.661,-1.322,11747,2019-08-31 08:30:00
1116804,1116804,5679,2019-08-31 08:45:00-05,2.056,-1.657,11748,2019-08-31 08:45:00
1116805,1116805,5679,2019-08-31 09:00:00-05,2.327,-1.87,11749,2019-08-31 09:00:00
1116806,1116806,5679,2019-08-31 09:15:00-05,2.688,-2.28,11750,2019-08-31 09:15:00
1116807,1116807,5679,2019-08-31 09:30:00-05,2.924,-2.443,11751,2019-08-31 09:30:00
1116808,1116808,5679,2019-08-31 09:45:00-05,3.103,-2.702,11752,2019-08-31 09:45:00
1116809,1116809,5679,2019-08-31 10:00:00-05,3.367,-2.744,11753,2019-08-31 10:00:00
1116810,1116810,5679,2019-08-31 10:15:00-05,3.517,-3.128,11754,2019-08-31 10:15:00
1116811,1116811,5679,2019-08-31 10:30:00-05,3.62,-3.256,11755,2019-08-31 10:30:00
1116812,1116812,5679,2019-08-31 10:45:00-05,3.764,-3.421,11756,2019-08-31 10:45:00
1116813,1116813,5679,2019-08-31 11:00:00-05,3.887,-3.554,11757,2019-08-31 11:00:00
1116814,1116814,5679,2019-08-31 11:15:00-05,3.731,-3.415,11758,2019-08-31 11:15:00
1116815,1116815,5679,2019-08-31 11:30:00-05,3.632,-3.254,11759,2019-08-31 11:30:00
1116816,1116816,5679,2019-08-31 11:45:00-05,3.907,-3.596,11760,2019-08-31 11:45:00
1116817,1116817,5679,2019-08-31 12:00:00-05,3.505,-3.142,11761,2019-08-31 12:00:00
1116818,1116818,5679,2019-08-31 12:15:00-05,3.914,-3.481,11762,2019-08-31 12:15:00
1116819,1116819,5679,2019-08-31 12:30:00-05,3.039,-1.965,11763,2019-08-31 12:30:00
1116820,1116820,5679,2019-08-31 12:45:00-05,2.997,-2.359,11764,2019-08-31 12:45:00
1116821,1116821,5679,2019-08-31 13:00:00-05,2.843,-2.339,11765,2019-08-31 13:00:00
1116822,1116822,5679,2019-08-31 13:15:00-05,3.359,-2.926,11766,2019-08-31 13:15:00
1116823,1116823,5679,2019-08-31 13:30:00-05,2.837,-2.372,11767,2019-08-31 13:30:00
1116824,1116824,5679,2019-08-31 13:45:00-05,2.09,-1.761,11768,2019-08-31 13:45:00
1116825,1116825,5679,2019-08-31 14:00:00-05,2.201,-1.818,11769,2019-08-31 14:00:00
1116826,1116826,5679,2019-08-31 14:15:00-05,2.189,-1.549,11770,2019-08-31 14:15:00
1116827,1116827,5679,2019-08-31 14:30:00-05,1.72,-1.468,11771,2019-08-31 14:30:00
1116828,1116828,5679,2019-08-31 14:45:00-05,1.337,-1.152,11772,2019-08-31 14:45:00
1116829,1116829,5679,2019-08-31 15:00:00-05,1.335,-0.956,11773,2019-08-31 15:00:00
1116830,1116830,5679,2019-08-31 15:15:00-05,1.206,-0.788,11774,2019-08-31 15:15:00
1116831,1116831,5679,2019-08-31 15:30:00-05,1.198,-0.752,11775,2019-08-31 15:30:00
1116832,1116832,5679,2019-08-31 15:45:00-05,0.982,-0.34,11776,2019-08-31 15:45:00
1116833,1116833,5679,2019-08-31 16:00:00-05,0.682,-0.158,11777,2019-08-31 16:00:00
1116834,1116834,5679,2019-08-31 16:15:00-05,0.485,0.253,11778,2019-08-31 16:15:00
1116835,1116835,5679,2019-08-31 16:30:00-05,0.319,0.388,11779,2019-08-31 16:30:00
1116836,1116836,5679,2019-08-31 16:45:00-05,0.262,0.444,11780,2019-08-31 16:45:00
1116837,1116837,5679,2019-08-31 17:00:00-05,0.234,0.448,11781,2019-08-31 17:00:00
1116838,1116838,5679,2019-08-31 17:15:00-05,0.223,0.477,11782,2019-08-31 17:15:00
1116839,1116839,5679,2019-08-31 17:30:00-05,0.191,0.355,11783,2019-08-31 17:30:00
1116840,1116840,5679,2019-08-31 17:45:00-05,0.123,0.4,11784,2019-08-31 17:45:00
1116841,1116841,5679,2019-08-31 18:00:00-05,0.077,0.36,11785,2019-08-31 18:00:00
1116842,1116842,5679,2019-08-31 18:15:00-05,0.036,0.424,11786,2019-08-31 18:15:00
1116843,1116843,5679,2019-08-31 18:30:00-05,0.01,0.297,11787,2019-08-31 18:30:00
1116844,1116844,5679,2019-08-31 18:45:00-05,0.006,0.368,11788,2019-08-31 18:45:00
1116845,1116845,5679,2019-08-31 19:00:00-05,0.006,0.3,11789,2019-08-31 19:00:00
1116846,1116846,5679,2019-08-31 19:15:00-05,0.006,0.368,11790,2019-08-31 19:15:00
1116847,1116847,5679,2019-08-31 19:30:00-05,0.006,0.302,11791,2019-08-31 19:30:00
1116848,1116848,5679,2019-08-31 19:45:00-05,0.006,0.408,11792,2019-08-31 19:45:00
1116849,1116849,5679,2019-08-31 20:00:00-05,0.006,0.446,11793,2019-08-31 20:00:00
1116850,1116850,5679,2019-08-31 20:15:00-05,0.006,0.409,11794,2019-08-31 20:15:00
1116851,1116851,5679,2019-08-31 20:30:00-05,0.006,0.475,11795,2019-08-31 20:30:00
1116852,1116852,5679,2019-08-31 20:45:00-05,0.006,0.628,11796,2019-08-31 20:45:00
1116853,1116853,5679,2019-08-31 21:00:00-05,0.006,0.413,11797,2019-08-31 21:00:00
1116854,1116854,5679,2019-08-31 21:15:00-05,0.006,0.533,11798,2019-08-31 21:15:00
1116855,1116855,5679,2019-08-31 21:30:00-05,0.006,0.584,11799,2019-08-31 21:30:00
1116856,1116856,5679,2019-08-31 21:45:00-05,0.006,0.463,11800,2019-08-31 21:45:00
1116857,1116857,5679,2019-08-31 22:00:00-05,0.006,0.449,11801,2019-08-31 22:00:00
1116858,1116858,5679,2019-08-31 22:15:00-05,0.006,0.474,11802,2019-08-31 22:15:00
1116859,1116859,5679,2019-08-31 22:30:00-05,0.006,0.49,11803,2019-08-31 22:30:00
1116860,1116860,5679,2019-08-31 22:45:00-05,0.007,0.434,11804,2019-08-31 22:45:00
1116861,1116861,5679,2019-08-31 23:00:00-05,0.006,0.456,11805,2019-08-31 23:00:00
1116862,1116862,5679,2019-08-31 23:15:00-05,0.006,0.526,11806,2019-08-31 23:15:00
1116863,1116863,5679,2019-08-31 23:30:00-05,0.006,0.454,11807,2019-08-31 23:30:00
1116864,1116864,5679,2019-08-31 23:45:00-05,0.006,0.469,11808,2019-08-31 23:45:00
1116865,1116865,5679,2019-09-01 00:00:00-05,0.007,0.331,11809,2019-09-01 00:00:00
1116866,1116866,5679,2019-09-01 00:15:00-05,0.007,0.325,11810,2019-09-01 00:15:00
1116867,1116867,5679,2019-09-01 00:30:00-05,0.007,0.227,11811,2019-09-01 00:30:00
1116868,1116868,5679,2019-09-01 00:45:00-05,0.007,0.288,11812,2019-09-01 00:45:00
1116869,1116869,5679,2019-09-01 01:00:00-05,0.007,0.228,11813,2019-09-01 01:00:00
1116870,1116870,5679,2019-09-01 01:15:00-05,0.007,0.247,11814,2019-09-01 01:15:00
1116871,1116871,5679,2019-09-01 01:30:00-05,0.007,0.342,11815,2019-09-01 01:30:00
1116872,1116872,5679,2019-09-01 01:45:00-05,0.007,0.324,11816,2019-09-01 01:45:00
1116873,1116873,5679,2019-09-01 02:00:00-05,0.007,0.401,11817,2019-09-01 02:00:00
1116874,1116874,5679,2019-09-01 02:15:00-05,0.007,0.333,11818,2019-09-01 02:15:00
1116875,1116875,5679,2019-09-01 02:30:00-05,0.007,0.403,11819,2019-09-01 02:30:00
1116876,1116876,5679,2019-09-01 02:45:00-05,0.007,0.334,11820,2019-09-01 02:45:00
1116877,1116877,5679,2019-09-01 03:00:00-05,0.007,0.389,11821,2019-09-01 03:00:00
1116878,1116878,5679,2019-09-01 03:15:00-05,0.007,0.223,11822,2019-09-01 03:15:00
1116879,1116879,5679,2019-09-01 03:30:00-05,0.007,0.21,11823,2019-09-01 03:30:00
1116880,1116880,5679,2019-09-01 03:45:00-05,0.007,0.272,11824,2019-09-01 03:45:00
1116881,1116881,5679,2019-09-01 04:00:00-05,0.007,0.301,11825,2019-09-01 04:00:00
1116882,1116882,5679,2019-09-01 04:15:00-05,0.007,0.243,11826,2019-09-01 04:15:00
1116883,1116883,5679,2019-09-01 04:30:00-05,0.007,0.166,11827,2019-09-01 04:30:00
1116884,1116884,5679,2019-09-01 04:45:00-05,0.007,0.333,11828,2019-09-01 04:45:00
1116885,1116885,5679,2019-09-01 05:00:00-05,0.007,0.277,11829,2019-09-01 05:00:00
1116886,1116886,5679,2019-09-01 05:15:00-05,0.007,0.323,11830,2019-09-01 05:15:00
1116887,1116887,5679,2019-09-01 05:30:00-05,0.011,0.302,11831,2019-09-01 05:30:00
1116888,1116888,5679,2019-09-01 05:45:00-05,0.06,0.267,11832,2019-09-01 05:45:00
1116889,1116889,5679,2019-09-01 06:00:00-05,0.092,0.18,11833,2019-09-01 06:00:00
1116890,1116890,5679,2019-09-01 06:15:00-05,0.126,0.091,11834,2019-09-01 06:15:00
1116891,1116891,5679,2019-09-01 06:30:00-05,0.144,0.658,11835,2019-09-01 06:30:00
1116892,1116892,5679,2019-09-01 06:45:00-05,0.13,0.345,11836,2019-09-01 06:45:00
1116893,1116893,5679,2019-09-01 07:00:00-05,0.238,0.171,11837,2019-09-01 07:00:00
1116894,1116894,5679,2019-09-01 07:15:00-05,0.485,-0.18,11838,2019-09-01 07:15:00
1116895,1116895,5679,2019-09-01 07:30:00-05,0.502,0.334,11839,2019-09-01 07:30:00
1116896,1116896,5679,2019-09-01 07:45:00-05,0.495,-0.073,11840,2019-09-01 07:45:00
1116897,1116897,5679,2019-09-01 08:00:00-05,0.558,-0.136,11841,2019-09-01 08:00:00
1116898,1116898,5679,2019-09-01 08:15:00-05,0.508,-0.033,11842,2019-09-01 08:15:00
1116899,1116899,5679,2019-09-01 08:30:00-05,0.509,-0.057,11843,2019-09-01 08:30:00
1116900,1116900,5679,2019-09-01 08:45:00-05,0.418,0.143,11844,2019-09-01 08:45:00
1116901,1116901,5679,2019-09-01 09:00:00-05,0.778,-0.361,11845,2019-09-01 09:00:00
1116902,1116902,5679,2019-09-01 09:15:00-05,1.145,-0.775,11846,2019-09-01 09:15:00
1116903,1116903,5679,2019-09-01 09:30:00-05,0.944,-0.649,11847,2019-09-01 09:30:00
1116904,1116904,5679,2019-09-01 09:45:00-05,1.298,-0.772,11848,2019-09-01 09:45:00
1116905,1116905,5679,2019-09-01 10:00:00-05,1.144,-0.732,11849,2019-09-01 10:00:00
1116906,1116906,5679,2019-09-01 10:15:00-05,0.729,-0.342,11850,2019-09-01 10:15:00
1116907,1116907,5679,2019-09-01 10:30:00-05,0.898,-0.427,11851,2019-09-01 10:30:00
1116908,1116908,5679,2019-09-01 10:45:00-05,1.238,-0.794,11852,2019-09-01 10:45:00
1116909,1116909,5679,2019-09-01 11:00:00-05,0.96,-0.432,11853,2019-09-01 11:00:00
1116910,1116910,5679,2019-09-01 11:15:00-05,2.434,-2.046,11854,2019-09-01 11:15:00
1116911,1116911,5679,2019-09-01 11:30:00-05,3.288,-0.65,11855,2019-09-01 11:30:00
1116912,1116912,5679,2019-09-01 11:45:00-05,1.916,5.388,11856,2019-09-01 11:45:00
1116913,1116913,5679,2019-09-01 12:00:00-05,2.448,5.038,11857,2019-09-01 12:00:00
1116914,1116914,5679,2019-09-01 12:15:00-05,1.037,6.434,11858,2019-09-01 12:15:00
1116915,1116915,5679,2019-09-01 12:30:00-05,1.483,3.161,11859,2019-09-01 12:30:00
1116916,1116916,5679,2019-09-01 12:45:00-05,1.98,-1.651,11860,2019-09-01 12:45:00
1116917,1116917,5679,2019-09-01 13:00:00-05,2.267,-1.868,11861,2019-09-01 13:00:00
1116918,1116918,5679,2019-09-01 13:15:00-05,1.555,-1.137,11862,2019-09-01 13:15:00
1116919,1116919,5679,2019-09-01 13:30:00-05,2.572,-2.113,11863,2019-09-01 13:30:00
1116920,1116920,5679,2019-09-01 13:45:00-05,2.247,-1.965,11864,2019-09-01 13:45:00
1116921,1116921,5679,2019-09-01 14:00:00-05,1.579,-1.229,11865,2019-09-01 14:00:00
1116922,1116922,5679,2019-09-01 14:15:00-05,1.376,-1.074,11866,2019-09-01 14:15:00
1116923,1116923,5679,2019-09-01 14:30:00-05,1.171,-0.674,11867,2019-09-01 14:30:00
1116924,1116924,5679,2019-09-01 14:45:00-05,0.659,-0.043,11868,2019-09-01 14:45:00
1116925,1116925,5679,2019-09-01 15:00:00-05,0.914,-0.272,11869,2019-09-01 15:00:00
1116926,1116926,5679,2019-09-01 15:15:00-05,1.221,-0.645,11870,2019-09-01 15:15:00
1116927,1116927,5679,2019-09-01 15:30:00-05,0.966,-0.563,11871,2019-09-01 15:30:00
1116928,1116928,5679,2019-09-01 15:45:00-05,0.811,-0.372,11872,2019-09-01 15:45:00
1116929,1116929,5679,2019-09-01 16:00:00-05,0.504,0.062,11873,2019-09-01 16:00:00
1116930,1116930,5679,2019-09-01 16:15:00-05,0.279,0.332,11874,2019-09-01 16:15:00
1116931,1116931,5679,2019-09-01 16:30:00-05,0.241,0.81,11875,2019-09-01 16:30:00
1116932,1116932,5679,2019-09-01 16:45:00-05,0.201,0.543,11876,2019-09-01 16:45:00
1116933,1116933,5679,2019-09-01 17:00:00-05,0.16,1.023,11877,2019-09-01 17:00:00
1116934,1116934,5679,2019-09-01 17:15:00-05,0.142,0.441,11878,2019-09-01 17:15:00
1116935,1116935,5679,2019-09-01 17:30:00-05,0.133,0.237,11879,2019-09-01 17:30:00
1116936,1116936,5679,2019-09-01 17:45:00-05,0.095,0.34,11880,2019-09-01 17:45:00
1116937,1116937,5679,2019-09-01 18:00:00-05,0.034,0.39,11881,2019-09-01 18:00:00
1116938,1116938,5679,2019-09-01 18:15:00-05,0.009,0.518,11882,2019-09-01 18:15:00
1116939,1116939,5679,2019-09-01 18:30:00-05,0.006,0.514,11883,2019-09-01 18:30:00
1116940,1116940,5679,2019-09-01 18:45:00-05,0.006,0.536,11884,2019-09-01 18:45:00
1116941,1116941,5679,2019-09-01 19:00:00-05,0.006,0.462,11885,2019-09-01 19:00:00
1116942,1116942,5679,2019-09-01 19:15:00-05,0.006,0.546,11886,2019-09-01 19:15:00
1116943,1116943,5679,2019-09-01 19:30:00-05,0.006,0.478,11887,2019-09-01 19:30:00
1116944,1116944,5679,2019-09-01 19:45:00-05,0.006,0.514,11888,2019-09-01 19:45:00
1116945,1116945,5679,2019-09-01 20:00:00-05,0.006,0.378,11889,2019-09-01 20:00:00
1116946,1116946,5679,2019-09-01 20:15:00-05,0.006,0.406,11890,2019-09-01 20:15:00
1116947,1116947,5679,2019-09-01 20:30:00-05,0.006,0.393,11891,2019-09-01 20:30:00
1116948,1116948,5679,2019-09-01 20:45:00-05,0.006,0.465,11892,2019-09-01 20:45:00
1116949,1116949,5679,2019-09-01 21:00:00-05,0.006,0.511,11893,2019-09-01 21:00:00
1116950,1116950,5679,2019-09-01 21:15:00-05,0.006,0.416,11894,2019-09-01 21:15:00
1116951,1116951,5679,2019-09-01 21:30:00-05,0.006,0.348,11895,2019-09-01 21:30:00
1116952,1116952,5679,2019-09-01 21:45:00-05,0.006,0.286,11896,2019-09-01 21:45:00
1116953,1116953,5679,2019-09-01 22:00:00-05,0.007,0.353,11897,2019-09-01 22:00:00
1116954,1116954,5679,2019-09-01 22:15:00-05,0.007,0.202,11898,2019-09-01 22:15:00
1116955,1116955,5679,2019-09-01 22:30:00-05,0.007,0.294,11899,2019-09-01 22:30:00
1116956,1116956,5679,2019-09-01 22:45:00-05,0.007,0.291,11900,2019-09-01 22:45:00
1116957,1116957,5679,2019-09-01 23:00:00-05,0.007,0.31,11901,2019-09-01 23:00:00
1116958,1116958,5679,2019-09-01 23:15:00-05,0.007,0.178,11902,2019-09-01 23:15:00
1116959,1116959,5679,2019-09-01 23:30:00-05,0.007,0.258,11903,2019-09-01 23:30:00
1116960,1116960,5679,2019-09-01 23:45:00-05,0.007,0.29,11904,2019-09-01 23:45:00
1116961,1116961,5679,2019-09-02 00:00:00-05,0.007,0.348,11905,2019-09-02 00:00:00
1116962,1116962,5679,2019-09-02 00:15:00-05,0.007,0.293,11906,2019-09-02 00:15:00
1116963,1116963,5679,2019-09-02 00:30:00-05,0.007,0.331,11907,2019-09-02 00:30:00
1116964,1116964,5679,2019-09-02 00:45:00-05,0.007,0.304,11908,2019-09-02 00:45:00
1116965,1116965,5679,2019-09-02 01:00:00-05,0.007,0.286,11909,2019-09-02 01:00:00
1116966,1116966,5679,2019-09-02 01:15:00-05,0.007,0.218,11910,2019-09-02 01:15:00
1116967,1116967,5679,2019-09-02 01:30:00-05,0.007,0.201,11911,2019-09-02 01:30:00
1116968,1116968,5679,2019-09-02 01:45:00-05,0.007,0.219,11912,2019-09-02 01:45:00
1116969,1116969,5679,2019-09-02 02:00:00-05,0.007,0.192,11913,2019-09-02 02:00:00
1116970,1116970,5679,2019-09-02 02:15:00-05,0.007,0.226,11914,2019-09-02 02:15:00
1116971,1116971,5679,2019-09-02 02:30:00-05,0.007,0.221,11915,2019-09-02 02:30:00
1116972,1116972,5679,2019-09-02 02:45:00-05,0.007,0.353,11916,2019-09-02 02:45:00
1116973,1116973,5679,2019-09-02 03:00:00-05,0.007,0.286,11917,2019-09-02 03:00:00
1116974,1116974,5679,2019-09-02 03:15:00-05,0.007,0.348,11918,2019-09-02 03:15:00
1116975,1116975,5679,2019-09-02 03:30:00-05,0.007,0.285,11919,2019-09-02 03:30:00
1116976,1116976,5679,2019-09-02 03:45:00-05,0.007,0.351,11920,2019-09-02 03:45:00
1116977,1116977,5679,2019-09-02 04:00:00-05,0.007,0.408,11921,2019-09-02 04:00:00
1116978,1116978,5679,2019-09-02 04:15:00-05,0.006,0.834,11922,2019-09-02 04:15:00
1116979,1116979,5679,2019-09-02 04:30:00-05,0.007,0.538,11923,2019-09-02 04:30:00
1116980,1116980,5679,2019-09-02 04:45:00-05,0.006,0.533,11924,2019-09-02 04:45:00
1116981,1116981,5679,2019-09-02 05:00:00-05,0.006,0.704,11925,2019-09-02 05:00:00
1116982,1116982,5679,2019-09-02 05:15:00-05,0.006,1.114,11926,2019-09-02 05:15:00
1116983,1116983,5679,2019-09-02 05:30:00-05,0.001,5.102,11927,2019-09-02 05:30:00
1116984,1116984,5679,2019-09-02 05:45:00-05,0.011,4.64,11928,2019-09-02 05:45:00
1116985,1116985,5679,2019-09-02 06:00:00-05,0.029,2.667,11929,2019-09-02 06:00:00
1116986,1116986,5679,2019-09-02 06:15:00-05,0.121,0.516,11930,2019-09-02 06:15:00
1116987,1116987,5679,2019-09-02 06:30:00-05,0.315,0.16,11931,2019-09-02 06:30:00
1116988,1116988,5679,2019-09-02 06:45:00-05,0.558,-0.064,11932,2019-09-02 06:45:00
1116989,1116989,5679,2019-09-02 07:00:00-05,0.306,0.221,11933,2019-09-02 07:00:00
1116990,1116990,5679,2019-09-02 07:15:00-05,0.28,0.053,11934,2019-09-02 07:15:00
1116991,1116991,5679,2019-09-02 07:30:00-05,0.122,0.252,11935,2019-09-02 07:30:00
1116992,1116992,5679,2019-09-02 07:45:00-05,0.151,0.222,11936,2019-09-02 07:45:00
1116993,1116993,5679,2019-09-02 08:00:00-05,0.282,0.149,11937,2019-09-02 08:00:00
1116994,1116994,5679,2019-09-02 08:15:00-05,0.483,0.017,11938,2019-09-02 08:15:00
1116995,1116995,5679,2019-09-02 08:30:00-05,0.81,-0.366,11939,2019-09-02 08:30:00
1116996,1116996,5679,2019-09-02 08:45:00-05,1.349,-0.915,11940,2019-09-02 08:45:00
1116997,1116997,5679,2019-09-02 09:00:00-05,1.476,-0.93,11941,2019-09-02 09:00:00
1116998,1116998,5679,2019-09-02 09:15:00-05,1.987,-1.559,11942,2019-09-02 09:15:00
1116999,1116999,5679,2019-09-02 09:30:00-05,2.026,-1.209,11943,2019-09-02 09:30:00
1117000,1117000,5679,2019-09-02 09:45:00-05,1.481,-0.537,11944,2019-09-02 09:45:00
1117001,1117001,5679,2019-09-02 10:00:00-05,0.232,0.682,11945,2019-09-02 10:00:00
1117002,1117002,5679,2019-09-02 10:15:00-05,0.483,0.389,11946,2019-09-02 10:15:00
1117003,1117003,5679,2019-09-02 10:30:00-05,0.52,0.371,11947,2019-09-02 10:30:00
1117004,1117004,5679,2019-09-02 10:45:00-05,0.493,0.379,11948,2019-09-02 10:45:00
1117005,1117005,5679,2019-09-02 11:00:00-05,0.576,0.313,11949,2019-09-02 11:00:00
1117006,1117006,5679,2019-09-02 11:15:00-05,0.369,0.608,11950,2019-09-02 11:15:00
1117007,1117007,5679,2019-09-02 11:30:00-05,0.584,0.383,11951,2019-09-02 11:30:00
1117008,1117008,5679,2019-09-02 11:45:00-05,1.468,-0.474,11952,2019-09-02 11:45:00
1117009,1117009,5679,2019-09-02 12:00:00-05,1.763,-0.861,11953,2019-09-02 12:00:00
1117010,1117010,5679,2019-09-02 12:15:00-05,2.546,-1.639,11954,2019-09-02 12:15:00
1117011,1117011,5679,2019-09-02 12:30:00-05,1.103,-0.266,11955,2019-09-02 12:30:00
1117012,1117012,5679,2019-09-02 12:45:00-05,1.318,-0.471,11956,2019-09-02 12:45:00
1117013,1117013,5679,2019-09-02 13:00:00-05,1.922,-1.197,11957,2019-09-02 13:00:00
1117014,1117014,5679,2019-09-02 13:15:00-05,2.155,-1.391,11958,2019-09-02 13:15:00
1117015,1117015,5679,2019-09-02 13:30:00-05,2.35,-1.598,11959,2019-09-02 13:30:00
1117016,1117016,5679,2019-09-02 13:45:00-05,1.145,-0.419,11960,2019-09-02 13:45:00
1117017,1117017,5679,2019-09-02 14:00:00-05,1.627,-0.795,11961,2019-09-02 14:00:00
1117018,1117018,5679,2019-09-02 14:15:00-05,1.165,-0.292,11962,2019-09-02 14:15:00
1117019,1117019,5679,2019-09-02 14:30:00-05,1.448,-0.646,11963,2019-09-02 14:30:00
1117020,1117020,5679,2019-09-02 14:45:00-05,1.37,-0.528,11964,2019-09-02 14:45:00
1117021,1117021,5679,2019-09-02 15:00:00-05,1.557,-0.7,11965,2019-09-02 15:00:00
1117022,1117022,5679,2019-09-02 15:15:00-05,1.234,-0.348,11966,2019-09-02 15:15:00
1117023,1117023,5679,2019-09-02 15:30:00-05,1.162,-0.323,11967,2019-09-02 15:30:00
1117024,1117024,5679,2019-09-02 15:45:00-05,1.021,-0.109,11968,2019-09-02 15:45:00
1117025,1117025,5679,2019-09-02 16:00:00-05,0.783,0.053,11969,2019-09-02 16:00:00
1117026,1117026,5679,2019-09-02 16:15:00-05,0.638,0.262,11970,2019-09-02 16:15:00
1117027,1117027,5679,2019-09-02 16:30:00-05,0.468,4.598,11971,2019-09-02 16:30:00
1117028,1117028,5679,2019-09-02 16:45:00-05,0.359,8.025,11972,2019-09-02 16:45:00
1117029,1117029,5679,2019-09-02 17:00:00-05,0.322,7.2,11973,2019-09-02 17:00:00
1117030,1117030,5679,2019-09-02 17:15:00-05,0.129,7.126,11974,2019-09-02 17:15:00
1117031,1117031,5679,2019-09-02 17:30:00-05,0.137,1.481,11975,2019-09-02 17:30:00
1117032,1117032,5679,2019-09-02 17:45:00-05,0.144,0.212,11976,2019-09-02 17:45:00
1117033,1117033,5679,2019-09-02 18:00:00-05,0.102,0.379,11977,2019-09-02 18:00:00
1117034,1117034,5679,2019-09-02 18:15:00-05,0.034,0.381,11978,2019-09-02 18:15:00
1117035,1117035,5679,2019-09-02 18:30:00-05,0.009,0.434,11979,2019-09-02 18:30:00
1117036,1117036,5679,2019-09-02 18:45:00-05,0.006,0.447,11980,2019-09-02 18:45:00
1117037,1117037,5679,2019-09-02 19:00:00-05,0.006,0.477,11981,2019-09-02 19:00:00
1117038,1117038,5679,2019-09-02 19:15:00-05,0.006,0.549,11982,2019-09-02 19:15:00
1117039,1117039,5679,2019-09-02 19:30:00-05,0.006,0.481,11983,2019-09-02 19:30:00
1117040,1117040,5679,2019-09-02 19:45:00-05,0.006,0.532,11984,2019-09-02 19:45:00
1117041,1117041,5679,2019-09-02 20:00:00-05,0.006,0.63,11985,2019-09-02 20:00:00
1117042,1117042,5679,2019-09-02 20:15:00-05,0.006,0.636,11986,2019-09-02 20:15:00
1117043,1117043,5679,2019-09-02 20:30:00-05,0.006,0.459,11987,2019-09-02 20:30:00
1117044,1117044,5679,2019-09-02 20:45:00-05,0.006,0.364,11988,2019-09-02 20:45:00
1117045,1117045,5679,2019-09-02 21:00:00-05,0.006,0.413,11989,2019-09-02 21:00:00
1117046,1117046,5679,2019-09-02 21:15:00-05,0.006,0.233,11990,2019-09-02 21:15:00
1117047,1117047,5679,2019-09-02 21:30:00-05,0.006,0.239,11991,2019-09-02 21:30:00
1117048,1117048,5679,2019-09-02 21:45:00-05,0.006,0.245,11992,2019-09-02 21:45:00
1117049,1117049,5679,2019-09-02 22:00:00-05,0.006,0.307,11993,2019-09-02 22:00:00
1117050,1117050,5679,2019-09-02 22:15:00-05,0.006,0.34,11994,2019-09-02 22:15:00
1117051,1117051,5679,2019-09-02 22:30:00-05,0.006,0.288,11995,2019-09-02 22:30:00
1117052,1117052,5679,2019-09-02 22:45:00-05,0.006,0.48,11996,2019-09-02 22:45:00
1117053,1117053,5679,2019-09-02 23:00:00-05,0.006,0.489,11997,2019-09-02 23:00:00
1117054,1117054,5679,2019-09-02 23:15:00-05,0.006,0.342,11998,2019-09-02 23:15:00
1117055,1117055,5679,2019-09-02 23:30:00-05,0.006,0.308,11999,2019-09-02 23:30:00
1117056,1117056,5679,2019-09-02 23:45:00-05,0.007,0.178,12000,2019-09-02 23:45:00
1117057,1117057,5679,2019-09-03 00:00:00-05,0.006,0.238,12001,2019-09-03 00:00:00
1117058,1117058,5679,2019-09-03 00:15:00-05,0.007,0.204,12002,2019-09-03 00:15:00
1117059,1117059,5679,2019-09-03 00:30:00-05,0.007,0.169,12003,2019-09-03 00:30:00
1117060,1117060,5679,2019-09-03 00:45:00-05,0.007,0.244,12004,2019-09-03 00:45:00
1117061,1117061,5679,2019-09-03 01:00:00-05,0.007,0.279,12005,2019-09-03 01:00:00
1117062,1117062,5679,2019-09-03 01:15:00-05,0.007,0.279,12006,2019-09-03 01:15:00
1117063,1117063,5679,2019-09-03 01:30:00-05,0.007,0.362,12007,2019-09-03 01:30:00
1117064,1117064,5679,2019-09-03 01:45:00-05,0.007,0.398,12008,2019-09-03 01:45:00
1117065,1117065,5679,2019-09-03 02:00:00-05,0.007,0.427,12009,2019-09-03 02:00:00
1117066,1117066,5679,2019-09-03 02:15:00-05,0.007,0.286,12010,2019-09-03 02:15:00
1117067,1117067,5679,2019-09-03 02:30:00-05,0.007,0.188,12011,2019-09-03 02:30:00
1117068,1117068,5679,2019-09-03 02:45:00-05,0.007,0.224,12012,2019-09-03 02:45:00
1117069,1117069,5679,2019-09-03 03:00:00-05,0.007,0.176,12013,2019-09-03 03:00:00
1117070,1117070,5679,2019-09-03 03:15:00-05,0.007,0.231,12014,2019-09-03 03:15:00
1117071,1117071,5679,2019-09-03 03:30:00-05,0.007,0.17,12015,2019-09-03 03:30:00
1117072,1117072,5679,2019-09-03 03:45:00-05,0.007,0.288,12016,2019-09-03 03:45:00
1117073,1117073,5679,2019-09-03 04:00:00-05,0.007,0.28,12017,2019-09-03 04:00:00
1117074,1117074,5679,2019-09-03 04:15:00-05,0.007,0.341,12018,2019-09-03 04:15:00
1117075,1117075,5679,2019-09-03 04:30:00-05,0.007,0.283,12019,2019-09-03 04:30:00
1117076,1117076,5679,2019-09-03 04:45:00-05,0.007,0.322,12020,2019-09-03 04:45:00
1117077,1117077,5679,2019-09-03 05:00:00-05,0.007,0.3,12021,2019-09-03 05:00:00
1117078,1117078,5679,2019-09-03 05:15:00-05,0.006,0.81,12022,2019-09-03 05:15:00
1117079,1117079,5679,2019-09-03 05:30:00-05,0.012,0.476,12023,2019-09-03 05:30:00
1117080,1117080,5679,2019-09-03 05:45:00-05,0.049,0.54,12024,2019-09-03 05:45:00
1117081,1117081,5679,2019-09-03 06:00:00-05,0.081,0.273,12025,2019-09-03 06:00:00
1117082,1117082,5679,2019-09-03 06:15:00-05,0.096,0.216,12026,2019-09-03 06:15:00
1117083,1117083,5679,2019-09-03 06:30:00-05,0.143,0.639,12027,2019-09-03 06:30:00
1117084,1117084,5679,2019-09-03 06:45:00-05,0.201,0.243,12028,2019-09-03 06:45:00
1117085,1117085,5679,2019-09-03 07:00:00-05,0.277,0.225,12029,2019-09-03 07:00:00
1117086,1117086,5679,2019-09-03 07:15:00-05,0.336,0.36,12030,2019-09-03 07:15:00
1117087,1117087,5679,2019-09-03 07:30:00-05,0.408,0.11,12031,2019-09-03 07:30:00
1117088,1117088,5679,2019-09-03 07:45:00-05,0.464,0.039,12032,2019-09-03 07:45:00
1117089,1117089,5679,2019-09-03 08:00:00-05,0.429,0.065,12033,2019-09-03 08:00:00
1117090,1117090,5679,2019-09-03 08:15:00-05,0.505,-0.19,12034,2019-09-03 08:15:00
1117091,1117091,5679,2019-09-03 08:30:00-05,0.687,-0.332,12035,2019-09-03 08:30:00
1117092,1117092,5679,2019-09-03 08:45:00-05,0.886,-0.539,12036,2019-09-03 08:45:00
1117093,1117093,5679,2019-09-03 09:00:00-05,1.028,-0.693,12037,2019-09-03 09:00:00
1117094,1117094,5679,2019-09-03 09:15:00-05,1.145,-0.825,12038,2019-09-03 09:15:00
1117095,1117095,5679,2019-09-03 09:30:00-05,1.21,-0.906,12039,2019-09-03 09:30:00
1117096,1117096,5679,2019-09-03 09:45:00-05,1.123,-0.674,12040,2019-09-03 09:45:00
1117097,1117097,5679,2019-09-03 10:00:00-05,2.137,-1.743,12041,2019-09-03 10:00:00
1117098,1117098,5679,2019-09-03 10:15:00-05,3.11,-2.656,12042,2019-09-03 10:15:00
1117099,1117099,5679,2019-09-03 10:30:00-05,3.424,-3.039,12043,2019-09-03 10:30:00
1117100,1117100,5679,2019-09-03 10:45:00-05,3.711,-2.875,12044,2019-09-03 10:45:00
1117101,1117101,5679,2019-09-03 11:00:00-05,4.101,-3.672,12045,2019-09-03 11:00:00
1117102,1117102,5679,2019-09-03 11:15:00-05,2.878,-2.495,12046,2019-09-03 11:15:00
1117103,1117103,5679,2019-09-03 11:30:00-05,4.165,-3.207,12047,2019-09-03 11:30:00
1117104,1117104,5679,2019-09-03 11:45:00-05,2.752,-1.875,12048,2019-09-03 11:45:00
1117105,1117105,5679,2019-09-03 12:00:00-05,3.365,-3.051,12049,2019-09-03 12:00:00
1117106,1117106,5679,2019-09-03 12:15:00-05,3.563,-2.573,12050,2019-09-03 12:15:00
1117107,1117107,5679,2019-09-03 12:30:00-05,3.702,-2.74,12051,2019-09-03 12:30:00
1117108,1117108,5679,2019-09-03 12:45:00-05,3.773,-2.613,12052,2019-09-03 12:45:00
1117109,1117109,5679,2019-09-03 13:00:00-05,2.882,-1.851,12053,2019-09-03 13:00:00
1117110,1117110,5679,2019-09-03 13:15:00-05,3.407,-2.148,12054,2019-09-03 13:15:00
1117111,1117111,5679,2019-09-03 13:30:00-05,2.743,-2.266,12055,2019-09-03 13:30:00
1117112,1117112,5679,2019-09-03 13:45:00-05,2.153,-1.441,12056,2019-09-03 13:45:00
1117113,1117113,5679,2019-09-03 14:00:00-05,1.916,-0.788,12057,2019-09-03 14:00:00
1117114,1117114,5679,2019-09-03 14:15:00-05,1.805,-0.636,12058,2019-09-03 14:15:00
1117115,1117115,5679,2019-09-03 14:30:00-05,1.577,-0.451,12059,2019-09-03 14:30:00
1117116,1117116,5679,2019-09-03 14:45:00-05,1.382,0.156,12060,2019-09-03 14:45:00
1117117,1117117,5679,2019-09-03 15:00:00-05,1.289,0.374,12061,2019-09-03 15:00:00
1117118,1117118,5679,2019-09-03 15:15:00-05,0.982,1.27,12062,2019-09-03 15:15:00
1117119,1117119,5679,2019-09-03 15:30:00-05,0.72,1.628,12063,2019-09-03 15:30:00
1117120,1117120,5679,2019-09-03 15:45:00-05,0.717,1.79,12064,2019-09-03 15:45:00
1117121,1117121,5679,2019-09-03 16:00:00-05,0.669,1.961,12065,2019-09-03 16:00:00
1117122,1117122,5679,2019-09-03 16:15:00-05,0.519,0.023,12066,2019-09-03 16:15:00
1117123,1117123,5679,2019-09-03 16:30:00-05,0.632,0.13,12067,2019-09-03 16:30:00
1117124,1117124,5679,2019-09-03 16:45:00-05,0.457,0.612,12068,2019-09-03 16:45:00
1117125,1117125,5679,2019-09-03 17:00:00-05,0.249,0.776,12069,2019-09-03 17:00:00
1117126,1117126,5679,2019-09-03 17:15:00-05,0.322,0.746,12070,2019-09-03 17:15:00
1117127,1117127,5679,2019-09-03 17:30:00-05,0.211,0.448,12071,2019-09-03 17:30:00
1117128,1117128,5679,2019-09-03 17:45:00-05,0.129,0.575,12072,2019-09-03 17:45:00
1117129,1117129,5679,2019-09-03 18:00:00-05,0.061,0.644,12073,2019-09-03 18:00:00
1117130,1117130,5679,2019-09-03 18:15:00-05,0.025,2.122,12074,2019-09-03 18:15:00
1117131,1117131,5679,2019-09-03 18:30:00-05,0.005,2.036,12075,2019-09-03 18:30:00
1117132,1117132,5679,2019-09-03 18:45:00-05,0.004,1.619,12076,2019-09-03 18:45:00
1117133,1117133,5679,2019-09-03 19:00:00-05,0.004,2.014,12077,2019-09-03 19:00:00
1117134,1117134,5679,2019-09-03 19:15:00-05,0.005,1.42,12078,2019-09-03 19:15:00
1117135,1117135,5679,2019-09-03 19:30:00-05,0.005,1.132,12079,2019-09-03 19:30:00
1117136,1117136,5679,2019-09-03 19:45:00-05,0.005,1.058,12080,2019-09-03 19:45:00
1117137,1117137,5679,2019-09-03 20:00:00-05,0.005,0.634,12081,2019-09-03 20:00:00
1117138,1117138,5679,2019-09-03 20:15:00-05,0.006,0.48,12082,2019-09-03 20:15:00
1117139,1117139,5679,2019-09-03 20:30:00-05,0.005,1.179,12083,2019-09-03 20:30:00
1117140,1117140,5679,2019-09-03 20:45:00-05,0.005,0.662,12084,2019-09-03 20:45:00
1117141,1117141,5679,2019-09-03 21:00:00-05,0.006,0.514,12085,2019-09-03 21:00:00
1117142,1117142,5679,2019-09-03 21:15:00-05,0.005,0.927,12086,2019-09-03 21:15:00
1117143,1117143,5679,2019-09-03 21:30:00-05,0.006,0.351,12087,2019-09-03 21:30:00
1117144,1117144,5679,2019-09-03 21:45:00-05,0.006,0.379,12088,2019-09-03 21:45:00
1117145,1117145,5679,2019-09-03 22:00:00-05,0.006,0.283,12089,2019-09-03 22:00:00
1117146,1117146,5679,2019-09-03 22:15:00-05,0.006,0.367,12090,2019-09-03 22:15:00
1117147,1117147,5679,2019-09-03 22:30:00-05,0.006,0.284,12091,2019-09-03 22:30:00
1117148,1117148,5679,2019-09-03 22:45:00-05,0.006,0.334,12092,2019-09-03 22:45:00
1117149,1117149,5679,2019-09-03 23:00:00-05,0.006,0.317,12093,2019-09-03 23:00:00
1117150,1117150,5679,2019-09-03 23:15:00-05,0.006,0.309,12094,2019-09-03 23:15:00
1117151,1117151,5679,2019-09-03 23:30:00-05,0.006,0.284,12095,2019-09-03 23:30:00
1117152,1117152,5679,2019-09-03 23:45:00-05,0.006,0.177,12096,2019-09-03 23:45:00
1117153,1117153,5679,2019-09-04 00:00:00-05,0.006,0.257,12097,2019-09-04 00:00:00
1117154,1117154,5679,2019-09-04 00:15:00-05,0.006,0.177,12098,2019-09-04 00:15:00
1117155,1117155,5679,2019-09-04 00:30:00-05,0.006,0.254,12099,2019-09-04 00:30:00
1117156,1117156,5679,2019-09-04 00:45:00-05,0.006,0.177,12100,2019-09-04 00:45:00
1117157,1117157,5679,2019-09-04 01:00:00-05,0.006,0.224,12101,2019-09-04 01:00:00
1117158,1117158,5679,2019-09-04 01:15:00-05,0.006,0.322,12102,2019-09-04 01:15:00
1117159,1117159,5679,2019-09-04 01:30:00-05,0.006,0.31,12103,2019-09-04 01:30:00
1117160,1117160,5679,2019-09-04 01:45:00-05,0.006,0.343,12104,2019-09-04 01:45:00
1117161,1117161,5679,2019-09-04 02:00:00-05,0.006,0.286,12105,2019-09-04 02:00:00
1117162,1117162,5679,2019-09-04 02:15:00-05,0.006,0.366,12106,2019-09-04 02:15:00
1117163,1117163,5679,2019-09-04 02:30:00-05,0.006,0.285,12107,2019-09-04 02:30:00
1117164,1117164,5679,2019-09-04 02:45:00-05,0.006,0.365,12108,2019-09-04 02:45:00
1117165,1117165,5679,2019-09-04 03:00:00-05,0.006,0.385,12109,2019-09-04 03:00:00
1117166,1117166,5679,2019-09-04 03:15:00-05,0.006,0.223,12110,2019-09-04 03:15:00
1117167,1117167,5679,2019-09-04 03:30:00-05,0.006,0.352,12111,2019-09-04 03:30:00
1117168,1117168,5679,2019-09-04 03:45:00-05,0.006,0.433,12112,2019-09-04 03:45:00
1117169,1117169,5679,2019-09-04 04:00:00-05,0.006,0.474,12113,2019-09-04 04:00:00
1117170,1117170,5679,2019-09-04 04:15:00-05,0.006,0.408,12114,2019-09-04 04:15:00
1117171,1117171,5679,2019-09-04 04:30:00-05,0.006,0.486,12115,2019-09-04 04:30:00
1117172,1117172,5679,2019-09-04 04:45:00-05,0.006,0.401,12116,2019-09-04 04:45:00
1117173,1117173,5679,2019-09-04 05:00:00-05,0.006,0.471,12117,2019-09-04 05:00:00
1117174,1117174,5679,2019-09-04 05:15:00-05,0.006,0.434,12118,2019-09-04 05:15:00
1117175,1117175,5679,2019-09-04 05:30:00-05,0.03,0.95,12119,2019-09-04 05:30:00
1117176,1117176,5679,2019-09-04 05:45:00-05,0.173,0.291,12120,2019-09-04 05:45:00
1117177,1117177,5679,2019-09-04 06:00:00-05,0.18,0.118,12121,2019-09-04 06:00:00
1117178,1117178,5679,2019-09-04 06:15:00-05,0.051,0.327,12122,2019-09-04 06:15:00
1117179,1117179,5679,2019-09-04 06:30:00-05,0.119,0.184,12123,2019-09-04 06:30:00
1117180,1117180,5679,2019-09-04 06:45:00-05,0.227,0.641,12124,2019-09-04 06:45:00
1117181,1117181,5679,2019-09-04 07:00:00-05,0.234,0.113,12125,2019-09-04 07:00:00
1117182,1117182,5679,2019-09-04 07:15:00-05,0.261,0.404,12126,2019-09-04 07:15:00
1117183,1117183,5679,2019-09-04 07:30:00-05,0.359,0.244,12127,2019-09-04 07:30:00
1117184,1117184,5679,2019-09-04 07:45:00-05,0.402,0.065,12128,2019-09-04 07:45:00
1117185,1117185,5679,2019-09-04 08:00:00-05,0.696,-0.216,12129,2019-09-04 08:00:00
1117186,1117186,5679,2019-09-04 08:15:00-05,0.758,-0.304,12130,2019-09-04 08:15:00
1117187,1117187,5679,2019-09-04 08:30:00-05,0.7,-0.063,12131,2019-09-04 08:30:00
1117188,1117188,5679,2019-09-04 08:45:00-05,0.753,-0.091,12132,2019-09-04 08:45:00
1117189,1117189,5679,2019-09-04 09:00:00-05,1.542,-1.273,12133,2019-09-04 09:00:00
1117190,1117190,5679,2019-09-04 09:15:00-05,2.252,-2.069,12134,2019-09-04 09:15:00
1117191,1117191,5679,2019-09-04 09:30:00-05,2.059,-1.856,12135,2019-09-04 09:30:00
1117192,1117192,5679,2019-09-04 09:45:00-05,0.005,0.005,12136,2019-09-04 09:45:00
1117193,1117193,5679,2019-09-04 10:00:00-05,0.0,0.0,12137,2019-09-04 10:00:00
1117194,1117194,5679,2019-09-04 10:15:00-05,0.0,0.0,12138,2019-09-04 10:15:00
1117195,1117195,5679,2019-09-04 10:30:00-05,0.002,0.17,12139,2019-09-04 10:30:00
1117196,1117196,5679,2019-09-04 10:45:00-05,3.266,-2.715,12140,2019-09-04 10:45:00
1117197,1117197,5679,2019-09-04 11:00:00-05,3.868,-3.554,12141,2019-09-04 11:00:00
1117198,1117198,5679,2019-09-04 11:15:00-05,2.117,-1.626,12142,2019-09-04 11:15:00
1117199,1117199,5679,2019-09-04 11:30:00-05,4.407,-3.634,12143,2019-09-04 11:30:00
1117200,1117200,5679,2019-09-04 11:45:00-05,4.249,-3.316,12144,2019-09-04 11:45:00
1117201,1117201,5679,2019-09-04 12:00:00-05,4.175,-3.05,12145,2019-09-04 12:00:00
1117202,1117202,5679,2019-09-04 12:15:00-05,4.124,-3.057,12146,2019-09-04 12:15:00
1117203,1117203,5679,2019-09-04 12:30:00-05,3.965,-2.801,12147,2019-09-04 12:30:00
1117204,1117204,5679,2019-09-04 12:45:00-05,3.669,-2.606,12148,2019-09-04 12:45:00
1117205,1117205,5679,2019-09-04 13:00:00-05,3.548,-2.617,12149,2019-09-04 13:00:00
1117206,1117206,5679,2019-09-04 13:15:00-05,3.38,-2.395,12150,2019-09-04 13:15:00
1117207,1117207,5679,2019-09-04 13:30:00-05,2.581,-1.457,12151,2019-09-04 13:30:00
1117208,1117208,5679,2019-09-04 13:45:00-05,2.26,-0.906,12152,2019-09-04 13:45:00
1117209,1117209,5679,2019-09-04 14:00:00-05,2.306,-0.289,12153,2019-09-04 14:00:00
1117210,1117210,5679,2019-09-04 14:15:00-05,1.598,0.507,12154,2019-09-04 14:15:00
1117211,1117211,5679,2019-09-04 14:30:00-05,1.697,5.131,12155,2019-09-04 14:30:00
1117212,1117212,5679,2019-09-04 14:45:00-05,1.491,7.405,12156,2019-09-04 14:45:00
1117213,1117213,5679,2019-09-04 15:00:00-05,1.179,7.851,12157,2019-09-04 15:00:00
1117214,1117214,5679,2019-09-04 15:15:00-05,0.874,7.667,12158,2019-09-04 15:15:00
1117215,1117215,5679,2019-09-04 15:30:00-05,0.827,7.736,12159,2019-09-04 15:30:00
1117216,1117216,5679,2019-09-04 15:45:00-05,0.665,6.549,12160,2019-09-04 15:45:00
1117217,1117217,5679,2019-09-04 16:00:00-05,0.635,1.271,12161,2019-09-04 16:00:00
1117218,1117218,5679,2019-09-04 16:15:00-05,0.451,0.843,12162,2019-09-04 16:15:00
1117219,1117219,5679,2019-09-04 16:30:00-05,0.293,1.14,12163,2019-09-04 16:30:00
1117220,1117220,5679,2019-09-04 16:45:00-05,0.296,0.313,12164,2019-09-04 16:45:00
1117221,1117221,5679,2019-09-04 17:00:00-05,0.374,0.375,12165,2019-09-04 17:00:00
1117222,1117222,5679,2019-09-04 17:15:00-05,0.146,0.613,12166,2019-09-04 17:15:00
1117223,1117223,5679,2019-09-04 17:30:00-05,0.154,3.634,12167,2019-09-04 17:30:00
1117224,1117224,5679,2019-09-04 17:45:00-05,0.095,4.642,12168,2019-09-04 17:45:00
1117225,1117225,5679,2019-09-04 18:00:00-05,0.068,4.374,12169,2019-09-04 18:00:00
1117226,1117226,5679,2019-09-04 18:15:00-05,0.025,3.756,12170,2019-09-04 18:15:00
1117227,1117227,5679,2019-09-04 18:30:00-05,0.003,2.732,12171,2019-09-04 18:30:00
1117228,1117228,5679,2019-09-04 18:45:00-05,0.003,2.071,12172,2019-09-04 18:45:00
1117229,1117229,5679,2019-09-04 19:00:00-05,0.005,0.602,12173,2019-09-04 19:00:00
1117230,1117230,5679,2019-09-04 19:15:00-05,0.005,0.557,12174,2019-09-04 19:15:00
1117231,1117231,5679,2019-09-04 19:30:00-05,0.005,0.503,12175,2019-09-04 19:30:00
1117232,1117232,5679,2019-09-04 19:45:00-05,0.005,0.629,12176,2019-09-04 19:45:00
1117233,1117233,5679,2019-09-04 20:00:00-05,0.005,0.621,12177,2019-09-04 20:00:00
1117234,1117234,5679,2019-09-04 20:15:00-05,0.005,0.599,12178,2019-09-04 20:15:00
1117235,1117235,5679,2019-09-04 20:30:00-05,0.005,0.459,12179,2019-09-04 20:30:00
1117236,1117236,5679,2019-09-04 20:45:00-05,0.006,0.392,12180,2019-09-04 20:45:00
1117237,1117237,5679,2019-09-04 21:00:00-05,0.006,0.454,12181,2019-09-04 21:00:00
1117238,1117238,5679,2019-09-04 21:15:00-05,0.006,0.374,12182,2019-09-04 21:15:00
1117239,1117239,5679,2019-09-04 21:30:00-05,0.006,0.518,12183,2019-09-04 21:30:00
1117240,1117240,5679,2019-09-04 21:45:00-05,0.006,0.369,12184,2019-09-04 21:45:00
1117241,1117241,5679,2019-09-04 22:00:00-05,0.006,0.514,12185,2019-09-04 22:00:00
1117242,1117242,5679,2019-09-04 22:15:00-05,0.006,0.46,12186,2019-09-04 22:15:00
1117243,1117243,5679,2019-09-04 22:30:00-05,0.005,0.686,12187,2019-09-04 22:30:00
1117244,1117244,5679,2019-09-04 22:45:00-05,0.006,0.52,12188,2019-09-04 22:45:00
1117245,1117245,5679,2019-09-04 23:00:00-05,0.006,0.636,12189,2019-09-04 23:00:00
1117246,1117246,5679,2019-09-04 23:15:00-05,0.006,0.442,12190,2019-09-04 23:15:00
1117247,1117247,5679,2019-09-04 23:30:00-05,0.006,0.516,12191,2019-09-04 23:30:00
1117248,1117248,5679,2019-09-04 23:45:00-05,0.006,0.467,12192,2019-09-04 23:45:00
1117249,1117249,5679,2019-09-05 00:00:00-05,0.006,0.543,12193,2019-09-05 00:00:00
1117250,1117250,5679,2019-09-05 00:15:00-05,0.006,0.463,12194,2019-09-05 00:15:00
1117251,1117251,5679,2019-09-05 00:30:00-05,0.006,0.547,12195,2019-09-05 00:30:00
1117252,1117252,5679,2019-09-05 00:45:00-05,0.006,0.457,12196,2019-09-05 00:45:00
1117253,1117253,5679,2019-09-05 01:00:00-05,0.006,0.529,12197,2019-09-05 01:00:00
1117254,1117254,5679,2019-09-05 01:15:00-05,0.006,0.469,12198,2019-09-05 01:15:00
1117255,1117255,5679,2019-09-05 01:30:00-05,0.006,0.506,12199,2019-09-05 01:30:00
1117256,1117256,5679,2019-09-05 01:45:00-05,0.006,0.485,12200,2019-09-05 01:45:00
1117257,1117257,5679,2019-09-05 02:00:00-05,0.006,0.413,12201,2019-09-05 02:00:00
1117258,1117258,5679,2019-09-05 02:15:00-05,0.006,0.371,12202,2019-09-05 02:15:00
1117259,1117259,5679,2019-09-05 02:30:00-05,0.006,0.379,12203,2019-09-05 02:30:00
1117260,1117260,5679,2019-09-05 02:45:00-05,0.006,0.388,12204,2019-09-05 02:45:00
1117261,1117261,5679,2019-09-05 03:00:00-05,0.006,0.793,12205,2019-09-05 03:00:00
1117262,1117262,5679,2019-09-05 03:15:00-05,0.006,0.662,12206,2019-09-05 03:15:00
1117263,1117263,5679,2019-09-05 03:30:00-05,0.007,1.216,12207,2019-09-05 03:30:00
1117264,1117264,5679,2019-09-05 03:45:00-05,0.007,0.68,12208,2019-09-05 03:45:00
1117265,1117265,5679,2019-09-05 04:00:00-05,0.006,0.469,12209,2019-09-05 04:00:00
1117266,1117266,5679,2019-09-05 04:15:00-05,0.006,0.487,12210,2019-09-05 04:15:00
1117267,1117267,5679,2019-09-05 04:30:00-05,0.006,0.502,12211,2019-09-05 04:30:00
1117268,1117268,5679,2019-09-05 04:45:00-05,0.006,0.57,12212,2019-09-05 04:45:00
1117269,1117269,5679,2019-09-05 05:00:00-05,0.007,0.22,12213,2019-09-05 05:00:00
1117270,1117270,5679,2019-09-05 05:15:00-05,0.007,0.169,12214,2019-09-05 05:15:00
1117271,1117271,5679,2019-09-05 05:30:00-05,0.01,0.252,12215,2019-09-05 05:30:00
1117272,1117272,5679,2019-09-05 05:45:00-05,0.028,0.147,12216,2019-09-05 05:45:00
1117273,1117273,5679,2019-09-05 06:00:00-05,0.048,0.135,12217,2019-09-05 06:00:00
1117274,1117274,5679,2019-09-05 06:15:00-05,0.067,0.193,12218,2019-09-05 06:15:00
1117275,1117275,5679,2019-09-05 06:30:00-05,0.089,0.705,12219,2019-09-05 06:30:00
1117276,1117276,5679,2019-09-05 06:45:00-05,0.118,0.165,12220,2019-09-05 06:45:00
1117277,1117277,5679,2019-09-05 07:00:00-05,0.153,0.222,12221,2019-09-05 07:00:00
1117278,1117278,5679,2019-09-05 07:15:00-05,0.192,0.089,12222,2019-09-05 07:15:00
1117279,1117279,5679,2019-09-05 07:30:00-05,0.24,0.124,12223,2019-09-05 07:30:00
1117280,1117280,5679,2019-09-05 07:45:00-05,0.362,-0.085,12224,2019-09-05 07:45:00
1117281,1117281,5679,2019-09-05 08:00:00-05,0.864,-0.563,12225,2019-09-05 08:00:00
1117282,1117282,5679,2019-09-05 08:15:00-05,1.278,-1.063,12226,2019-09-05 08:15:00
1117283,1117283,5679,2019-09-05 08:30:00-05,1.597,-1.369,12227,2019-09-05 08:30:00
1117284,1117284,5679,2019-09-05 08:45:00-05,1.926,-1.583,12228,2019-09-05 08:45:00
1117285,1117285,5679,2019-09-05 09:00:00-05,2.249,-1.947,12229,2019-09-05 09:00:00
1117286,1117286,5679,2019-09-05 09:15:00-05,2.654,-2.311,12230,2019-09-05 09:15:00
1117287,1117287,5679,2019-09-05 09:30:00-05,2.929,-2.562,12231,2019-09-05 09:30:00
1117288,1117288,5679,2019-09-05 09:45:00-05,2.898,-2.501,12232,2019-09-05 09:45:00
1117289,1117289,5679,2019-09-05 10:00:00-05,3.289,-2.842,12233,2019-09-05 10:00:00
1117290,1117290,5679,2019-09-05 10:15:00-05,3.365,-2.957,12234,2019-09-05 10:15:00
1117291,1117291,5679,2019-09-05 10:30:00-05,3.546,-3.144,12235,2019-09-05 10:30:00
1117292,1117292,5679,2019-09-05 10:45:00-05,3.847,-3.398,12236,2019-09-05 10:45:00
1117293,1117293,5679,2019-09-05 11:00:00-05,4.257,-3.798,12237,2019-09-05 11:00:00
1117294,1117294,5679,2019-09-05 11:15:00-05,1.592,-0.848,12238,2019-09-05 11:15:00
1117295,1117295,5679,2019-09-05 11:30:00-05,4.15,-3.848,12239,2019-09-05 11:30:00
1117296,1117296,5679,2019-09-05 11:45:00-05,4.598,-4.338,12240,2019-09-05 11:45:00
1117297,1117297,5679,2019-09-05 12:00:00-05,4.229,-3.892,12241,2019-09-05 12:00:00
1117298,1117298,5679,2019-09-05 12:15:00-05,4.226,-3.868,12242,2019-09-05 12:15:00
1117299,1117299,5679,2019-09-05 12:30:00-05,4.21,-3.663,12243,2019-09-05 12:30:00
1117300,1117300,5679,2019-09-05 12:45:00-05,3.815,-3.484,12244,2019-09-05 12:45:00
1117301,1117301,5679,2019-09-05 13:00:00-05,3.56,-3.154,12245,2019-09-05 13:00:00
1117302,1117302,5679,2019-09-05 13:15:00-05,3.34,-2.591,12246,2019-09-05 13:15:00
1117303,1117303,5679,2019-09-05 13:30:00-05,2.943,-2.552,12247,2019-09-05 13:30:00
1117304,1117304,5679,2019-09-05 13:45:00-05,2.454,-1.935,12248,2019-09-05 13:45:00
1117305,1117305,5679,2019-09-05 14:00:00-05,2.153,-1.763,12249,2019-09-05 14:00:00
1117306,1117306,5679,2019-09-05 14:15:00-05,1.924,-1.627,12250,2019-09-05 14:15:00
1117307,1117307,5679,2019-09-05 14:30:00-05,1.617,-1.248,12251,2019-09-05 14:30:00
1117308,1117308,5679,2019-09-05 14:45:00-05,1.444,-1.277,12252,2019-09-05 14:45:00
1117309,1117309,5679,2019-09-05 15:00:00-05,1.171,-0.97,12253,2019-09-05 15:00:00
1117310,1117310,5679,2019-09-05 15:15:00-05,0.965,-0.743,12254,2019-09-05 15:15:00
1117311,1117311,5679,2019-09-05 15:30:00-05,0.754,-0.406,12255,2019-09-05 15:30:00
1117312,1117312,5679,2019-09-05 15:45:00-05,0.727,-0.337,12256,2019-09-05 15:45:00
1117313,1117313,5679,2019-09-05 16:00:00-05,0.594,-0.241,12257,2019-09-05 16:00:00
1117314,1117314,5679,2019-09-05 16:15:00-05,0.445,-0.075,12258,2019-09-05 16:15:00
1117315,1117315,5679,2019-09-05 16:30:00-05,0.274,0.023,12259,2019-09-05 16:30:00
1117316,1117316,5679,2019-09-05 16:45:00-05,0.273,0.058,12260,2019-09-05 16:45:00
1117317,1117317,5679,2019-09-05 17:00:00-05,0.192,0.092,12261,2019-09-05 17:00:00
1117318,1117318,5679,2019-09-05 17:15:00-05,0.16,0.02,12262,2019-09-05 17:15:00
1117319,1117319,5679,2019-09-05 17:30:00-05,0.125,0.119,12263,2019-09-05 17:30:00
1117320,1117320,5679,2019-09-05 17:45:00-05,0.088,0.086,12264,2019-09-05 17:45:00
1117321,1117321,5679,2019-09-05 18:00:00-05,0.055,0.191,12265,2019-09-05 18:00:00
1117322,1117322,5679,2019-09-05 18:15:00-05,0.024,0.15,12266,2019-09-05 18:15:00
1117323,1117323,5679,2019-09-05 18:30:00-05,0.007,0.333,12267,2019-09-05 18:30:00
1117324,1117324,5679,2019-09-05 18:45:00-05,0.006,0.276,12268,2019-09-05 18:45:00
1117325,1117325,5679,2019-09-05 19:00:00-05,0.006,0.344,12269,2019-09-05 19:00:00
1117326,1117326,5679,2019-09-05 19:15:00-05,0.006,0.386,12270,2019-09-05 19:15:00
1117327,1117327,5679,2019-09-05 19:30:00-05,0.006,0.417,12271,2019-09-05 19:30:00
1117328,1117328,5679,2019-09-05 19:45:00-05,0.006,0.284,12272,2019-09-05 19:45:00
1117329,1117329,5679,2019-09-05 20:00:00-05,0.006,0.296,12273,2019-09-05 20:00:00
1117330,1117330,5679,2019-09-05 20:15:00-05,0.006,0.282,12274,2019-09-05 20:15:00
1117331,1117331,5679,2019-09-05 20:30:00-05,0.006,0.317,12275,2019-09-05 20:30:00
1117332,1117332,5679,2019-09-05 20:45:00-05,0.006,0.373,12276,2019-09-05 20:45:00
1117333,1117333,5679,2019-09-05 21:00:00-05,0.006,0.388,12277,2019-09-05 21:00:00
1117334,1117334,5679,2019-09-05 21:15:00-05,0.006,0.483,12278,2019-09-05 21:15:00
1117335,1117335,5679,2019-09-05 21:30:00-05,0.006,0.325,12279,2019-09-05 21:30:00
1117336,1117336,5679,2019-09-05 21:45:00-05,0.006,0.341,12280,2019-09-05 21:45:00
1117337,1117337,5679,2019-09-05 22:00:00-05,0.006,0.351,12281,2019-09-05 22:00:00
1117338,1117338,5679,2019-09-05 22:15:00-05,0.006,0.42,12282,2019-09-05 22:15:00
1117339,1117339,5679,2019-09-05 22:30:00-05,0.006,0.355,12283,2019-09-05 22:30:00
1117340,1117340,5679,2019-09-05 22:45:00-05,0.006,0.351,12284,2019-09-05 22:45:00
1117341,1117341,5679,2019-09-05 23:00:00-05,0.006,0.307,12285,2019-09-05 23:00:00
1117342,1117342,5679,2019-09-05 23:15:00-05,0.007,0.307,12286,2019-09-05 23:15:00
1117343,1117343,5679,2019-09-05 23:30:00-05,0.006,0.317,12287,2019-09-05 23:30:00
1117344,1117344,5679,2019-09-05 23:45:00-05,0.007,0.281,12288,2019-09-05 23:45:00
1117345,1117345,5679,2019-09-06 00:00:00-05,0.007,0.342,12289,2019-09-06 00:00:00
1117346,1117346,5679,2019-09-06 00:15:00-05,0.007,0.26,12290,2019-09-06 00:15:00
1117347,1117347,5679,2019-09-06 00:30:00-05,0.007,0.366,12291,2019-09-06 00:30:00
1117348,1117348,5679,2019-09-06 00:45:00-05,0.007,0.29,12292,2019-09-06 00:45:00
1117349,1117349,5679,2019-09-06 01:00:00-05,0.007,0.359,12293,2019-09-06 01:00:00
1117350,1117350,5679,2019-09-06 01:15:00-05,0.007,0.287,12294,2019-09-06 01:15:00
1117351,1117351,5679,2019-09-06 01:30:00-05,0.007,0.369,12295,2019-09-06 01:30:00
1117352,1117352,5679,2019-09-06 01:45:00-05,0.007,0.416,12296,2019-09-06 01:45:00
1117353,1117353,5679,2019-09-06 02:00:00-05,0.007,0.498,12297,2019-09-06 02:00:00
1117354,1117354,5679,2019-09-06 02:15:00-05,0.007,0.545,12298,2019-09-06 02:15:00
1117355,1117355,5679,2019-09-06 02:30:00-05,0.007,0.434,12299,2019-09-06 02:30:00
1117356,1117356,5679,2019-09-06 02:45:00-05,0.007,0.445,12300,2019-09-06 02:45:00
1117357,1117357,5679,2019-09-06 03:00:00-05,0.007,0.278,12301,2019-09-06 03:00:00
1117358,1117358,5679,2019-09-06 03:15:00-05,0.007,0.351,12302,2019-09-06 03:15:00
1117359,1117359,5679,2019-09-06 03:30:00-05,0.007,0.277,12303,2019-09-06 03:30:00
1117360,1117360,5679,2019-09-06 03:45:00-05,0.007,0.344,12304,2019-09-06 03:45:00
1117361,1117361,5679,2019-09-06 04:00:00-05,0.007,0.233,12305,2019-09-06 04:00:00
1117362,1117362,5679,2019-09-06 04:15:00-05,0.007,0.299,12306,2019-09-06 04:15:00
1117363,1117363,5679,2019-09-06 04:30:00-05,0.007,0.297,12307,2019-09-06 04:30:00
1117364,1117364,5679,2019-09-06 04:45:00-05,0.007,0.275,12308,2019-09-06 04:45:00
1117365,1117365,5679,2019-09-06 05:00:00-05,0.007,0.345,12309,2019-09-06 05:00:00
1117366,1117366,5679,2019-09-06 05:15:00-05,0.007,0.254,12310,2019-09-06 05:15:00
1117367,1117367,5679,2019-09-06 05:30:00-05,0.009,0.235,12311,2019-09-06 05:30:00
1117368,1117368,5679,2019-09-06 05:45:00-05,0.028,0.15,12312,2019-09-06 05:45:00
1117369,1117369,5679,2019-09-06 06:00:00-05,0.05,0.745,12313,2019-09-06 06:00:00
1117370,1117370,5679,2019-09-06 06:15:00-05,0.071,0.133,12314,2019-09-06 06:15:00
1117371,1117371,5679,2019-09-06 06:30:00-05,0.095,0.085,12315,2019-09-06 06:30:00
1117372,1117372,5679,2019-09-06 06:45:00-05,0.124,0.206,12316,2019-09-06 06:45:00
1117373,1117373,5679,2019-09-06 07:00:00-05,0.16,0.131,12317,2019-09-06 07:00:00
1117374,1117374,5679,2019-09-06 07:15:00-05,0.199,0.269,12318,2019-09-06 07:15:00
1117375,1117375,5679,2019-09-06 07:30:00-05,0.249,0.148,12319,2019-09-06 07:30:00
1117376,1117376,5679,2019-09-06 07:45:00-05,0.373,-0.031,12320,2019-09-06 07:45:00
1117377,1117377,5679,2019-09-06 08:00:00-05,0.848,-0.587,12321,2019-09-06 08:00:00
1117378,1117378,5679,2019-09-06 08:15:00-05,1.258,-1.076,12322,2019-09-06 08:15:00
1117379,1117379,5679,2019-09-06 08:30:00-05,1.566,-1.326,12323,2019-09-06 08:30:00
1117380,1117380,5679,2019-09-06 08:45:00-05,1.891,-1.698,12324,2019-09-06 08:45:00
1117381,1117381,5679,2019-09-06 09:00:00-05,2.21,-1.948,12325,2019-09-06 09:00:00
1117382,1117382,5679,2019-09-06 09:15:00-05,2.405,-2.148,12326,2019-09-06 09:15:00
1117383,1117383,5679,2019-09-06 09:30:00-05,2.821,-2.412,12327,2019-09-06 09:30:00
1117384,1117384,5679,2019-09-06 09:45:00-05,2.954,-2.503,12328,2019-09-06 09:45:00
1117385,1117385,5679,2019-09-06 10:00:00-05,3.155,-2.773,12329,2019-09-06 10:00:00
1117386,1117386,5679,2019-09-06 10:15:00-05,2.631,-2.178,12330,2019-09-06 10:15:00
1117387,1117387,5679,2019-09-06 10:30:00-05,2.176,-1.55,12331,2019-09-06 10:30:00
1117388,1117388,5679,2019-09-06 10:45:00-05,2.863,-2.123,12332,2019-09-06 10:45:00
1117389,1117389,5679,2019-09-06 11:00:00-05,3.568,-3.22,12333,2019-09-06 11:00:00
1117390,1117390,5679,2019-09-06 11:15:00-05,4.334,-3.948,12334,2019-09-06 11:15:00
1117391,1117391,5679,2019-09-06 11:30:00-05,3.926,-3.599,12335,2019-09-06 11:30:00
1117392,1117392,5679,2019-09-06 11:45:00-05,2.746,-2.438,12336,2019-09-06 11:45:00
1117393,1117393,5679,2019-09-06 12:00:00-05,3.144,-2.764,12337,2019-09-06 12:00:00
1117394,1117394,5679,2019-09-06 12:15:00-05,4.193,-3.79,12338,2019-09-06 12:15:00
1117395,1117395,5679,2019-09-06 12:30:00-05,4.261,-3.811,12339,2019-09-06 12:30:00
1117396,1117396,5679,2019-09-06 12:45:00-05,3.883,-3.506,12340,2019-09-06 12:45:00
1117397,1117397,5679,2019-09-06 13:00:00-05,3.336,-2.884,12341,2019-09-06 13:00:00
1117398,1117398,5679,2019-09-06 13:15:00-05,3.323,-2.707,12342,2019-09-06 13:15:00
1117399,1117399,5679,2019-09-06 13:30:00-05,2.97,-2.755,12343,2019-09-06 13:30:00
1117400,1117400,5679,2019-09-06 13:45:00-05,2.449,-2.109,12344,2019-09-06 13:45:00
1117401,1117401,5679,2019-09-06 14:00:00-05,2.24,-1.926,12345,2019-09-06 14:00:00
1117402,1117402,5679,2019-09-06 14:15:00-05,1.97,-1.58,12346,2019-09-06 14:15:00
1117403,1117403,5679,2019-09-06 14:30:00-05,1.721,-1.408,12347,2019-09-06 14:30:00
1117404,1117404,5679,2019-09-06 14:45:00-05,1.644,-1.222,12348,2019-09-06 14:45:00
1117405,1117405,5679,2019-09-06 15:00:00-05,1.374,-0.978,12349,2019-09-06 15:00:00
1117406,1117406,5679,2019-09-06 15:15:00-05,1.562,-1.087,12350,2019-09-06 15:15:00
1117407,1117407,5679,2019-09-06 15:30:00-05,1.045,-0.585,12351,2019-09-06 15:30:00
1117408,1117408,5679,2019-09-06 15:45:00-05,0.768,-0.282,12352,2019-09-06 15:45:00
1117409,1117409,5679,2019-09-06 16:00:00-05,0.368,0.061,12353,2019-09-06 16:00:00
1117410,1117410,5679,2019-09-06 16:15:00-05,0.389,-0.038,12354,2019-09-06 16:15:00
1117411,1117411,5679,2019-09-06 16:30:00-05,0.391,0.011,12355,2019-09-06 16:30:00
1117412,1117412,5679,2019-09-06 16:45:00-05,0.23,0.111,12356,2019-09-06 16:45:00
1117413,1117413,5679,2019-09-06 17:00:00-05,0.318,0.086,12357,2019-09-06 17:00:00
1117414,1117414,5679,2019-09-06 17:15:00-05,0.189,0.188,12358,2019-09-06 17:15:00
1117415,1117415,5679,2019-09-06 17:30:00-05,0.075,0.457,12359,2019-09-06 17:30:00
1117416,1117416,5679,2019-09-06 17:45:00-05,0.044,0.416,12360,2019-09-06 17:45:00
1117417,1117417,5679,2019-09-06 18:00:00-05,0.01,0.755,12361,2019-09-06 18:00:00
1117418,1117418,5679,2019-09-06 18:15:00-05,0.006,0.524,12362,2019-09-06 18:15:00
1117419,1117419,5679,2019-09-06 18:30:00-05,0.006,0.463,12363,2019-09-06 18:30:00
1117420,1117420,5679,2019-09-06 18:45:00-05,0.006,0.409,12364,2019-09-06 18:45:00
1117421,1117421,5679,2019-09-06 19:00:00-05,0.006,0.406,12365,2019-09-06 19:00:00
1117422,1117422,5679,2019-09-06 19:15:00-05,0.006,0.391,12366,2019-09-06 19:15:00
1117423,1117423,5679,2019-09-06 19:30:00-05,0.006,0.401,12367,2019-09-06 19:30:00
1117424,1117424,5679,2019-09-06 19:45:00-05,0.006,0.339,12368,2019-09-06 19:45:00
1117425,1117425,5679,2019-09-06 20:00:00-05,0.006,0.466,12369,2019-09-06 20:00:00
1117426,1117426,5679,2019-09-06 20:15:00-05,0.006,0.545,12370,2019-09-06 20:15:00
1117427,1117427,5679,2019-09-06 20:30:00-05,0.006,0.568,12371,2019-09-06 20:30:00
1117428,1117428,5679,2019-09-06 20:45:00-05,0.006,0.422,12372,2019-09-06 20:45:00
1117429,1117429,5679,2019-09-06 21:00:00-05,0.006,0.44,12373,2019-09-06 21:00:00
1117430,1117430,5679,2019-09-06 21:15:00-05,0.006,0.467,12374,2019-09-06 21:15:00
1117431,1117431,5679,2019-09-06 21:30:00-05,0.006,0.536,12375,2019-09-06 21:30:00
1117432,1117432,5679,2019-09-06 21:45:00-05,0.006,0.458,12376,2019-09-06 21:45:00
1117433,1117433,5679,2019-09-06 22:00:00-05,0.006,0.494,12377,2019-09-06 22:00:00
1117434,1117434,5679,2019-09-06 22:15:00-05,0.006,0.491,12378,2019-09-06 22:15:00
1117435,1117435,5679,2019-09-06 22:30:00-05,0.006,0.538,12379,2019-09-06 22:30:00
1117436,1117436,5679,2019-09-06 22:45:00-05,0.006,0.444,12380,2019-09-06 22:45:00
1117437,1117437,5679,2019-09-06 23:00:00-05,0.006,0.382,12381,2019-09-06 23:00:00
1117438,1117438,5679,2019-09-06 23:15:00-05,0.006,0.373,12382,2019-09-06 23:15:00
1117439,1117439,5679,2019-09-06 23:30:00-05,0.007,0.185,12383,2019-09-06 23:30:00
1117440,1117440,5679,2019-09-06 23:45:00-05,0.007,0.239,12384,2019-09-06 23:45:00
1117441,1117441,5679,2019-09-07 00:00:00-05,0.007,0.17,12385,2019-09-07 00:00:00
1117442,1117442,5679,2019-09-07 00:15:00-05,0.007,0.222,12386,2019-09-07 00:15:00
1117443,1117443,5679,2019-09-07 00:30:00-05,0.007,0.18,12387,2019-09-07 00:30:00
1117444,1117444,5679,2019-09-07 00:45:00-05,0.007,0.258,12388,2019-09-07 00:45:00
1117445,1117445,5679,2019-09-07 01:00:00-05,0.007,0.326,12389,2019-09-07 01:00:00
1117446,1117446,5679,2019-09-07 01:15:00-05,0.006,0.509,12390,2019-09-07 01:15:00
1117447,1117447,5679,2019-09-07 01:30:00-05,0.006,0.451,12391,2019-09-07 01:30:00
1117448,1117448,5679,2019-09-07 01:45:00-05,0.007,0.37,12392,2019-09-07 01:45:00
1117449,1117449,5679,2019-09-07 02:00:00-05,0.007,0.43,12393,2019-09-07 02:00:00
1117450,1117450,5679,2019-09-07 02:15:00-05,0.007,0.289,12394,2019-09-07 02:15:00
1117451,1117451,5679,2019-09-07 02:30:00-05,0.007,0.359,12395,2019-09-07 02:30:00
1117452,1117452,5679,2019-09-07 02:45:00-05,0.006,0.587,12396,2019-09-07 02:45:00
1117453,1117453,5679,2019-09-07 03:00:00-05,0.007,0.306,12397,2019-09-07 03:00:00
1117454,1117454,5679,2019-09-07 03:15:00-05,0.007,0.406,12398,2019-09-07 03:15:00
1117455,1117455,5679,2019-09-07 03:30:00-05,0.007,0.387,12399,2019-09-07 03:30:00
1117456,1117456,5679,2019-09-07 03:45:00-05,0.007,0.415,12400,2019-09-07 03:45:00
1117457,1117457,5679,2019-09-07 04:00:00-05,0.006,0.455,12401,2019-09-07 04:00:00
1117458,1117458,5679,2019-09-07 04:15:00-05,0.007,0.385,12402,2019-09-07 04:15:00
1117459,1117459,5679,2019-09-07 04:30:00-05,0.007,0.4,12403,2019-09-07 04:30:00
1117460,1117460,5679,2019-09-07 04:45:00-05,0.007,0.366,12404,2019-09-07 04:45:00
1117461,1117461,5679,2019-09-07 05:00:00-05,0.007,0.279,12405,2019-09-07 05:00:00
1117462,1117462,5679,2019-09-07 05:15:00-05,0.007,0.278,12406,2019-09-07 05:15:00
1117463,1117463,5679,2019-09-07 05:30:00-05,0.008,0.333,12407,2019-09-07 05:30:00
1117464,1117464,5679,2019-09-07 05:45:00-05,0.018,0.742,12408,2019-09-07 05:45:00
1117465,1117465,5679,2019-09-07 06:00:00-05,0.038,0.224,12409,2019-09-07 06:00:00
1117466,1117466,5679,2019-09-07 06:15:00-05,0.07,0.223,12410,2019-09-07 06:15:00
1117467,1117467,5679,2019-09-07 06:30:00-05,0.157,0.322,12411,2019-09-07 06:30:00
1117468,1117468,5679,2019-09-07 06:45:00-05,0.411,-0.024,12412,2019-09-07 06:45:00
1117469,1117469,5679,2019-09-07 07:00:00-05,0.205,0.153,12413,2019-09-07 07:00:00
1117470,1117470,5679,2019-09-07 07:15:00-05,0.352,-0.164,12414,2019-09-07 07:15:00
1117471,1117471,5679,2019-09-07 07:30:00-05,0.325,-0.1,12415,2019-09-07 07:30:00
1117472,1117472,5679,2019-09-07 07:45:00-05,0.525,-0.299,12416,2019-09-07 07:45:00
1117473,1117473,5679,2019-09-07 08:00:00-05,0.429,-0.111,12417,2019-09-07 08:00:00
1117474,1117474,5679,2019-09-07 08:15:00-05,0.665,-0.342,12418,2019-09-07 08:15:00
1117475,1117475,5679,2019-09-07 08:30:00-05,1.283,-0.889,12419,2019-09-07 08:30:00
1117476,1117476,5679,2019-09-07 08:45:00-05,1.363,-0.815,12420,2019-09-07 08:45:00
1117477,1117477,5679,2019-09-07 09:00:00-05,1.88,-1.422,12421,2019-09-07 09:00:00
1117478,1117478,5679,2019-09-07 09:15:00-05,2.598,-2.119,12422,2019-09-07 09:15:00
1117479,1117479,5679,2019-09-07 09:30:00-05,2.963,-2.548,12423,2019-09-07 09:30:00
1117480,1117480,5679,2019-09-07 09:45:00-05,3.079,-2.739,12424,2019-09-07 09:45:00
1117481,1117481,5679,2019-09-07 10:00:00-05,3.237,-2.911,12425,2019-09-07 10:00:00
1117482,1117482,5679,2019-09-07 10:15:00-05,3.251,-2.962,12426,2019-09-07 10:15:00
1117483,1117483,5679,2019-09-07 10:30:00-05,2.406,-2.061,12427,2019-09-07 10:30:00
1117484,1117484,5679,2019-09-07 10:45:00-05,3.062,-2.786,12428,2019-09-07 10:45:00
1117485,1117485,5679,2019-09-07 11:00:00-05,1.768,-1.344,12429,2019-09-07 11:00:00
1117486,1117486,5679,2019-09-07 11:15:00-05,1.971,-1.58,12430,2019-09-07 11:15:00
1117487,1117487,5679,2019-09-07 11:30:00-05,2.002,-0.989,12431,2019-09-07 11:30:00
1117488,1117488,5679,2019-09-07 11:45:00-05,1.559,-1.157,12432,2019-09-07 11:45:00
1117489,1117489,5679,2019-09-07 12:00:00-05,1.778,-1.365,12433,2019-09-07 12:00:00
1117490,1117490,5679,2019-09-07 12:15:00-05,1.127,-0.767,12434,2019-09-07 12:15:00
1117491,1117491,5679,2019-09-07 12:30:00-05,0.845,-0.567,12435,2019-09-07 12:30:00
1117492,1117492,5679,2019-09-07 12:45:00-05,0.951,-0.576,12436,2019-09-07 12:45:00
1117493,1117493,5679,2019-09-07 13:00:00-05,1.067,-0.782,12437,2019-09-07 13:00:00
1117494,1117494,5679,2019-09-07 13:15:00-05,0.839,-0.467,12438,2019-09-07 13:15:00
1117495,1117495,5679,2019-09-07 13:30:00-05,1.017,-0.437,12439,2019-09-07 13:30:00
1117496,1117496,5679,2019-09-07 13:45:00-05,0.71,-0.33,12440,2019-09-07 13:45:00
1117497,1117497,5679,2019-09-07 14:00:00-05,1.143,-0.629,12441,2019-09-07 14:00:00
1117498,1117498,5679,2019-09-07 14:15:00-05,1.669,-1.259,12442,2019-09-07 14:15:00
1117499,1117499,5679,2019-09-07 14:30:00-05,1.248,-0.801,12443,2019-09-07 14:30:00
1117500,1117500,5679,2019-09-07 14:45:00-05,0.997,-0.722,12444,2019-09-07 14:45:00
1117501,1117501,5679,2019-09-07 15:00:00-05,0.799,-0.518,12445,2019-09-07 15:00:00
1117502,1117502,5679,2019-09-07 15:15:00-05,1.058,-0.836,12446,2019-09-07 15:15:00
1117503,1117503,5679,2019-09-07 15:30:00-05,0.814,-0.519,12447,2019-09-07 15:30:00
1117504,1117504,5679,2019-09-07 15:45:00-05,0.895,-0.671,12448,2019-09-07 15:45:00
1117505,1117505,5679,2019-09-07 16:00:00-05,0.857,-0.626,12449,2019-09-07 16:00:00
1117506,1117506,5679,2019-09-07 16:15:00-05,0.583,-0.276,12450,2019-09-07 16:15:00
1117507,1117507,5679,2019-09-07 16:30:00-05,0.409,-0.087,12451,2019-09-07 16:30:00
1117508,1117508,5679,2019-09-07 16:45:00-05,0.283,0.112,12452,2019-09-07 16:45:00
1117509,1117509,5679,2019-09-07 17:00:00-05,0.383,-0.062,12453,2019-09-07 17:00:00
1117510,1117510,5679,2019-09-07 17:15:00-05,0.265,0.12,12454,2019-09-07 17:15:00
1117511,1117511,5679,2019-09-07 17:30:00-05,0.147,0.16,12455,2019-09-07 17:30:00
1117512,1117512,5679,2019-09-07 17:45:00-05,0.14,0.131,12456,2019-09-07 17:45:00
1117513,1117513,5679,2019-09-07 18:00:00-05,0.06,0.494,12457,2019-09-07 18:00:00
1117514,1117514,5679,2019-09-07 18:15:00-05,0.014,1.269,12458,2019-09-07 18:15:00
1117515,1117515,5679,2019-09-07 18:30:00-05,0.006,0.418,12459,2019-09-07 18:30:00
1117516,1117516,5679,2019-09-07 18:45:00-05,0.006,0.351,12460,2019-09-07 18:45:00
1117517,1117517,5679,2019-09-07 19:00:00-05,0.006,0.503,12461,2019-09-07 19:00:00
1117518,1117518,5679,2019-09-07 19:15:00-05,0.006,0.486,12462,2019-09-07 19:15:00
1117519,1117519,5679,2019-09-07 19:30:00-05,0.006,0.608,12463,2019-09-07 19:30:00
1117520,1117520,5679,2019-09-07 19:45:00-05,0.006,0.494,12464,2019-09-07 19:45:00
1117521,1117521,5679,2019-09-07 20:00:00-05,0.006,0.392,12465,2019-09-07 20:00:00
1117522,1117522,5679,2019-09-07 20:15:00-05,0.006,0.443,12466,2019-09-07 20:15:00
1117523,1117523,5679,2019-09-07 20:30:00-05,0.006,0.406,12467,2019-09-07 20:30:00
1117524,1117524,5679,2019-09-07 20:45:00-05,0.006,0.535,12468,2019-09-07 20:45:00
1117525,1117525,5679,2019-09-07 21:00:00-05,0.007,0.401,12469,2019-09-07 21:00:00
1117526,1117526,5679,2019-09-07 21:15:00-05,0.007,0.37,12470,2019-09-07 21:15:00
1117527,1117527,5679,2019-09-07 21:30:00-05,0.007,0.391,12471,2019-09-07 21:30:00
1117528,1117528,5679,2019-09-07 21:45:00-05,0.007,0.387,12472,2019-09-07 21:45:00
1117529,1117529,5679,2019-09-07 22:00:00-05,0.007,0.395,12473,2019-09-07 22:00:00
1117530,1117530,5679,2019-09-07 22:15:00-05,0.007,0.235,12474,2019-09-07 22:15:00
1117531,1117531,5679,2019-09-07 22:30:00-05,0.007,0.237,12475,2019-09-07 22:30:00
1117532,1117532,5679,2019-09-07 22:45:00-05,0.007,0.17,12476,2019-09-07 22:45:00
1117533,1117533,5679,2019-09-07 23:00:00-05,0.007,0.167,12477,2019-09-07 23:00:00
1117534,1117534,5679,2019-09-07 23:15:00-05,0.007,0.238,12478,2019-09-07 23:15:00
1117535,1117535,5679,2019-09-07 23:30:00-05,0.007,0.214,12479,2019-09-07 23:30:00
1117536,1117536,5679,2019-09-07 23:45:00-05,0.007,0.345,12480,2019-09-07 23:45:00
1117537,1117537,5679,2019-09-08 00:00:00-05,0.007,0.277,12481,2019-09-08 00:00:00
1117538,1117538,5679,2019-09-08 00:15:00-05,0.007,0.344,12482,2019-09-08 00:15:00
1117539,1117539,5679,2019-09-08 00:30:00-05,0.007,0.276,12483,2019-09-08 00:30:00
1117540,1117540,5679,2019-09-08 00:45:00-05,0.007,0.32,12484,2019-09-08 00:45:00
1117541,1117541,5679,2019-09-08 01:00:00-05,0.007,0.197,12485,2019-09-08 01:00:00
1117542,1117542,5679,2019-09-08 01:15:00-05,0.007,0.167,12486,2019-09-08 01:15:00
1117543,1117543,5679,2019-09-08 01:30:00-05,0.007,0.238,12487,2019-09-08 01:30:00
1117544,1117544,5679,2019-09-08 01:45:00-05,0.007,0.166,12488,2019-09-08 01:45:00
1117545,1117545,5679,2019-09-08 02:00:00-05,0.007,0.233,12489,2019-09-08 02:00:00
1117546,1117546,5679,2019-09-08 02:15:00-05,0.007,0.242,12490,2019-09-08 02:15:00
1117547,1117547,5679,2019-09-08 02:30:00-05,0.007,0.278,12491,2019-09-08 02:30:00
1117548,1117548,5679,2019-09-08 02:45:00-05,0.007,0.345,12492,2019-09-08 02:45:00
1117549,1117549,5679,2019-09-08 03:00:00-05,0.007,0.275,12493,2019-09-08 03:00:00
1117550,1117550,5679,2019-09-08 03:15:00-05,0.007,0.336,12494,2019-09-08 03:15:00
1117551,1117551,5679,2019-09-08 03:30:00-05,0.007,0.309,12495,2019-09-08 03:30:00
1117552,1117552,5679,2019-09-08 03:45:00-05,0.007,0.282,12496,2019-09-08 03:45:00
1117553,1117553,5679,2019-09-08 04:00:00-05,0.007,0.249,12497,2019-09-08 04:00:00
1117554,1117554,5679,2019-09-08 04:15:00-05,0.007,0.166,12498,2019-09-08 04:15:00
1117555,1117555,5679,2019-09-08 04:30:00-05,0.007,0.215,12499,2019-09-08 04:30:00
1117556,1117556,5679,2019-09-08 04:45:00-05,0.007,0.241,12500,2019-09-08 04:45:00
1117557,1117557,5679,2019-09-08 05:00:00-05,0.007,0.278,12501,2019-09-08 05:00:00
1117558,1117558,5679,2019-09-08 05:15:00-05,0.007,0.348,12502,2019-09-08 05:15:00
1117559,1117559,5679,2019-09-08 05:30:00-05,0.008,0.274,12503,2019-09-08 05:30:00
1117560,1117560,5679,2019-09-08 05:45:00-05,0.023,0.805,12504,2019-09-08 05:45:00
1117561,1117561,5679,2019-09-08 06:00:00-05,0.082,0.26,12505,2019-09-08 06:00:00
1117562,1117562,5679,2019-09-08 06:15:00-05,0.137,0.06,12506,2019-09-08 06:15:00
1117563,1117563,5679,2019-09-08 06:30:00-05,0.185,0.036,12507,2019-09-08 06:30:00
1117564,1117564,5679,2019-09-08 06:45:00-05,0.229,-0.057,12508,2019-09-08 06:45:00
1117565,1117565,5679,2019-09-08 07:00:00-05,0.36,-0.136,12509,2019-09-08 07:00:00
1117566,1117566,5679,2019-09-08 07:15:00-05,0.475,-0.266,12510,2019-09-08 07:15:00
1117567,1117567,5679,2019-09-08 07:30:00-05,0.423,0.008,12511,2019-09-08 07:30:00
1117568,1117568,5679,2019-09-08 07:45:00-05,0.503,0.006,12512,2019-09-08 07:45:00
1117569,1117569,5679,2019-09-08 08:00:00-05,0.604,-0.173,12513,2019-09-08 08:00:00
1117570,1117570,5679,2019-09-08 08:15:00-05,0.993,-0.506,12514,2019-09-08 08:15:00
1117571,1117571,5679,2019-09-08 08:30:00-05,0.98,-0.552,12515,2019-09-08 08:30:00
1117572,1117572,5679,2019-09-08 08:45:00-05,1.661,-1.329,12516,2019-09-08 08:45:00
1117573,1117573,5679,2019-09-08 09:00:00-05,1.638,-1.286,12517,2019-09-08 09:00:00
1117574,1117574,5679,2019-09-08 09:15:00-05,1.212,-0.921,12518,2019-09-08 09:15:00
1117575,1117575,5679,2019-09-08 09:30:00-05,2.316,-1.914,12519,2019-09-08 09:30:00
1117576,1117576,5679,2019-09-08 09:45:00-05,2.06,-1.716,12520,2019-09-08 09:45:00
1117577,1117577,5679,2019-09-08 10:00:00-05,1.79,-1.379,12521,2019-09-08 10:00:00
1117578,1117578,5679,2019-09-08 10:15:00-05,2.201,-1.759,12522,2019-09-08 10:15:00
1117579,1117579,5679,2019-09-08 10:30:00-05,1.855,-1.459,12523,2019-09-08 10:30:00
1117580,1117580,5679,2019-09-08 10:45:00-05,2.902,-2.434,12524,2019-09-08 10:45:00
1117581,1117581,5679,2019-09-08 11:00:00-05,3.232,-2.826,12525,2019-09-08 11:00:00
1117582,1117582,5679,2019-09-08 11:15:00-05,0.839,-0.407,12526,2019-09-08 11:15:00
1117583,1117583,5679,2019-09-08 11:30:00-05,3.952,-3.622,12527,2019-09-08 11:30:00
1117584,1117584,5679,2019-09-08 11:45:00-05,3.169,-2.883,12528,2019-09-08 11:45:00
1117585,1117585,5679,2019-09-08 12:00:00-05,3.332,-2.973,12529,2019-09-08 12:00:00
1117586,1117586,5679,2019-09-08 12:15:00-05,4.01,-3.73,12530,2019-09-08 12:15:00
1117587,1117587,5679,2019-09-08 12:30:00-05,1.603,-1.32,12531,2019-09-08 12:30:00
1117588,1117588,5679,2019-09-08 12:45:00-05,1.348,-0.899,12532,2019-09-08 12:45:00
1117589,1117589,5679,2019-09-08 13:00:00-05,3.079,-2.617,12533,2019-09-08 13:00:00
1117590,1117590,5679,2019-09-08 13:15:00-05,2.905,-2.378,12534,2019-09-08 13:15:00
1117591,1117591,5679,2019-09-08 13:30:00-05,2.896,-2.021,12535,2019-09-08 13:30:00
1117592,1117592,5679,2019-09-08 13:45:00-05,2.486,-2.086,12536,2019-09-08 13:45:00
1117593,1117593,5679,2019-09-08 14:00:00-05,1.57,-1.083,12537,2019-09-08 14:00:00
1117594,1117594,5679,2019-09-08 14:15:00-05,1.839,-1.437,12538,2019-09-08 14:15:00
1117595,1117595,5679,2019-09-08 14:30:00-05,1.509,-1.194,12539,2019-09-08 14:30:00
1117596,1117596,5679,2019-09-08 14:45:00-05,1.552,-1.199,12540,2019-09-08 14:45:00
1117597,1117597,5679,2019-09-08 15:00:00-05,1.404,-1.064,12541,2019-09-08 15:00:00
1117598,1117598,5679,2019-09-08 15:15:00-05,1.141,-0.733,12542,2019-09-08 15:15:00
1117599,1117599,5679,2019-09-08 15:30:00-05,1.014,-0.625,12543,2019-09-08 15:30:00
1117600,1117600,5679,2019-09-08 15:45:00-05,0.815,-0.497,12544,2019-09-08 15:45:00
1117601,1117601,5679,2019-09-08 16:00:00-05,0.801,-0.477,12545,2019-09-08 16:00:00
1117602,1117602,5679,2019-09-08 16:15:00-05,0.626,-0.291,12546,2019-09-08 16:15:00
1117603,1117603,5679,2019-09-08 16:30:00-05,0.569,-0.158,12547,2019-09-08 16:30:00
1117604,1117604,5679,2019-09-08 16:45:00-05,0.495,-0.162,12548,2019-09-08 16:45:00
1117605,1117605,5679,2019-09-08 17:00:00-05,0.347,-0.115,12549,2019-09-08 17:00:00
1117606,1117606,5679,2019-09-08 17:15:00-05,0.274,0.033,12550,2019-09-08 17:15:00
1117607,1117607,5679,2019-09-08 17:30:00-05,0.172,0.058,12551,2019-09-08 17:30:00
1117608,1117608,5679,2019-09-08 17:45:00-05,0.104,0.179,12552,2019-09-08 17:45:00
1117609,1117609,5679,2019-09-08 18:00:00-05,0.05,0.676,12553,2019-09-08 18:00:00
1117610,1117610,5679,2019-09-08 18:15:00-05,0.011,0.952,12554,2019-09-08 18:15:00
1117611,1117611,5679,2019-09-08 18:30:00-05,0.006,0.616,12555,2019-09-08 18:30:00
1117612,1117612,5679,2019-09-08 18:45:00-05,0.006,0.481,12556,2019-09-08 18:45:00
1117613,1117613,5679,2019-09-08 19:00:00-05,0.006,0.398,12557,2019-09-08 19:00:00
1117614,1117614,5679,2019-09-08 19:15:00-05,0.006,0.315,12558,2019-09-08 19:15:00
1117615,1117615,5679,2019-09-08 19:30:00-05,0.006,0.331,12559,2019-09-08 19:30:00
1117616,1117616,5679,2019-09-08 19:45:00-05,0.006,0.391,12560,2019-09-08 19:45:00
1117617,1117617,5679,2019-09-08 20:00:00-05,0.006,0.364,12561,2019-09-08 20:00:00
1117618,1117618,5679,2019-09-08 20:15:00-05,0.006,0.441,12562,2019-09-08 20:15:00
1117619,1117619,5679,2019-09-08 20:30:00-05,0.006,0.49,12563,2019-09-08 20:30:00
1117620,1117620,5679,2019-09-08 20:45:00-05,0.006,0.386,12564,2019-09-08 20:45:00
1117621,1117621,5679,2019-09-08 21:00:00-05,0.007,0.415,12565,2019-09-08 21:00:00
1117622,1117622,5679,2019-09-08 21:15:00-05,0.006,0.405,12566,2019-09-08 21:15:00
1117623,1117623,5679,2019-09-08 21:30:00-05,0.007,0.289,12567,2019-09-08 21:30:00
1117624,1117624,5679,2019-09-08 21:45:00-05,0.007,0.34,12568,2019-09-08 21:45:00
1117625,1117625,5679,2019-09-08 22:00:00-05,0.007,0.335,12569,2019-09-08 22:00:00
1117626,1117626,5679,2019-09-08 22:15:00-05,0.007,0.313,12570,2019-09-08 22:15:00
1117627,1117627,5679,2019-09-08 22:30:00-05,0.007,0.339,12571,2019-09-08 22:30:00
1117628,1117628,5679,2019-09-08 22:45:00-05,0.007,0.318,12572,2019-09-08 22:45:00
1117629,1117629,5679,2019-09-08 23:00:00-05,0.007,0.465,12573,2019-09-08 23:00:00
1117630,1117630,5679,2019-09-08 23:15:00-05,0.007,0.397,12574,2019-09-08 23:15:00
1117631,1117631,5679,2019-09-08 23:30:00-05,0.007,0.466,12575,2019-09-08 23:30:00
1117632,1117632,5679,2019-09-08 23:45:00-05,0.007,0.389,12576,2019-09-08 23:45:00
1117633,1117633,5679,2019-09-09 00:00:00-05,0.007,0.431,12577,2019-09-09 00:00:00
1117634,1117634,5679,2019-09-09 00:15:00-05,0.007,0.28,12578,2019-09-09 00:15:00
1117635,1117635,5679,2019-09-09 00:30:00-05,0.007,0.337,12579,2019-09-09 00:30:00
1117636,1117636,5679,2019-09-09 00:45:00-05,0.007,0.297,12580,2019-09-09 00:45:00
1117637,1117637,5679,2019-09-09 01:00:00-05,0.007,0.279,12581,2019-09-09 01:00:00
1117638,1117638,5679,2019-09-09 01:15:00-05,0.007,0.348,12582,2019-09-09 01:15:00
1117639,1117639,5679,2019-09-09 01:30:00-05,0.007,0.294,12583,2019-09-09 01:30:00
1117640,1117640,5679,2019-09-09 01:45:00-05,0.007,0.409,12584,2019-09-09 01:45:00
1117641,1117641,5679,2019-09-09 02:00:00-05,0.007,0.39,12585,2019-09-09 02:00:00
1117642,1117642,5679,2019-09-09 02:15:00-05,0.007,0.384,12586,2019-09-09 02:15:00
1117643,1117643,5679,2019-09-09 02:30:00-05,0.007,0.29,12587,2019-09-09 02:30:00
1117644,1117644,5679,2019-09-09 02:45:00-05,0.007,0.204,12588,2019-09-09 02:45:00
1117645,1117645,5679,2019-09-09 03:00:00-05,0.007,0.232,12589,2019-09-09 03:00:00
1117646,1117646,5679,2019-09-09 03:15:00-05,0.007,0.166,12590,2019-09-09 03:15:00
1117647,1117647,5679,2019-09-09 03:30:00-05,0.007,0.235,12591,2019-09-09 03:30:00
1117648,1117648,5679,2019-09-09 03:45:00-05,0.007,0.168,12592,2019-09-09 03:45:00
1117649,1117649,5679,2019-09-09 04:00:00-05,0.007,0.261,12593,2019-09-09 04:00:00
1117650,1117650,5679,2019-09-09 04:15:00-05,0.007,0.32,12594,2019-09-09 04:15:00
1117651,1117651,5679,2019-09-09 04:30:00-05,0.007,0.276,12595,2019-09-09 04:30:00
1117652,1117652,5679,2019-09-09 04:45:00-05,0.007,0.344,12596,2019-09-09 04:45:00
1117653,1117653,5679,2019-09-09 05:00:00-05,0.007,0.264,12597,2019-09-09 05:00:00
1117654,1117654,5679,2019-09-09 05:15:00-05,0.007,0.21,12598,2019-09-09 05:15:00
1117655,1117655,5679,2019-09-09 05:30:00-05,0.008,0.678,12599,2019-09-09 05:30:00
1117656,1117656,5679,2019-09-09 05:45:00-05,0.024,0.158,12600,2019-09-09 05:45:00
1117657,1117657,5679,2019-09-09 06:00:00-05,0.067,0.169,12601,2019-09-09 06:00:00
1117658,1117658,5679,2019-09-09 06:15:00-05,0.196,-0.024,12602,2019-09-09 06:15:00
1117659,1117659,5679,2019-09-09 06:30:00-05,0.113,0.197,12603,2019-09-09 06:30:00
1117660,1117660,5679,2019-09-09 06:45:00-05,0.282,0.015,12604,2019-09-09 06:45:00
1117661,1117661,5679,2019-09-09 07:00:00-05,0.344,-0.002,12605,2019-09-09 07:00:00
1117662,1117662,5679,2019-09-09 07:15:00-05,0.357,0.035,12606,2019-09-09 07:15:00
1117663,1117663,5679,2019-09-09 07:30:00-05,0.517,-0.094,12607,2019-09-09 07:30:00
1117664,1117664,5679,2019-09-09 07:45:00-05,0.715,-0.202,12608,2019-09-09 07:45:00
1117665,1117665,5679,2019-09-09 08:00:00-05,0.42,-0.134,12609,2019-09-09 08:00:00
1117666,1117666,5679,2019-09-09 08:15:00-05,0.453,-0.109,12610,2019-09-09 08:15:00
1117667,1117667,5679,2019-09-09 08:30:00-05,0.667,-0.336,12611,2019-09-09 08:30:00
1117668,1117668,5679,2019-09-09 08:45:00-05,1.156,-0.858,12612,2019-09-09 08:45:00
1117669,1117669,5679,2019-09-09 09:00:00-05,1.857,-1.5,12613,2019-09-09 09:00:00
1117670,1117670,5679,2019-09-09 09:15:00-05,1.432,-1.0,12614,2019-09-09 09:15:00
1117671,1117671,5679,2019-09-09 09:30:00-05,2.133,-1.632,12615,2019-09-09 09:30:00
1117672,1117672,5679,2019-09-09 09:45:00-05,1.793,-1.405,12616,2019-09-09 09:45:00
1117673,1117673,5679,2019-09-09 10:00:00-05,1.752,-1.336,12617,2019-09-09 10:00:00
1117674,1117674,5679,2019-09-09 10:15:00-05,2.458,-2.042,12618,2019-09-09 10:15:00
1117675,1117675,5679,2019-09-09 10:30:00-05,2.531,-2.257,12619,2019-09-09 10:30:00
1117676,1117676,5679,2019-09-09 10:45:00-05,2.932,-2.591,12620,2019-09-09 10:45:00
1117677,1117677,5679,2019-09-09 11:00:00-05,3.745,-3.478,12621,2019-09-09 11:00:00
1117678,1117678,5679,2019-09-09 11:15:00-05,2.568,-2.137,12622,2019-09-09 11:15:00
1117679,1117679,5679,2019-09-09 11:30:00-05,2.97,-2.53,12623,2019-09-09 11:30:00
1117680,1117680,5679,2019-09-09 11:45:00-05,2.929,-2.561,12624,2019-09-09 11:45:00
1117681,1117681,5679,2019-09-09 12:00:00-05,3.197,-2.69,12625,2019-09-09 12:00:00
1117682,1117682,5679,2019-09-09 12:15:00-05,3.54,-3.123,12626,2019-09-09 12:15:00
1117683,1117683,5679,2019-09-09 12:30:00-05,4.001,-3.555,12627,2019-09-09 12:30:00
1117684,1117684,5679,2019-09-09 12:45:00-05,3.573,-3.168,12628,2019-09-09 12:45:00
1117685,1117685,5679,2019-09-09 13:00:00-05,3.228,-2.639,12629,2019-09-09 13:00:00
1117686,1117686,5679,2019-09-09 13:15:00-05,1.406,-1.141,12630,2019-09-09 13:15:00
1117687,1117687,5679,2019-09-09 13:30:00-05,2.337,-2.042,12631,2019-09-09 13:30:00
1117688,1117688,5679,2019-09-09 13:45:00-05,1.926,-1.063,12632,2019-09-09 13:45:00
1117689,1117689,5679,2019-09-09 14:00:00-05,2.281,-1.974,12633,2019-09-09 14:00:00
1117690,1117690,5679,2019-09-09 14:15:00-05,1.906,-1.504,12634,2019-09-09 14:15:00
1117691,1117691,5679,2019-09-09 14:30:00-05,1.799,-1.361,12635,2019-09-09 14:30:00
1117692,1117692,5679,2019-09-09 14:45:00-05,1.809,-1.398,12636,2019-09-09 14:45:00
1117693,1117693,5679,2019-09-09 15:00:00-05,1.176,-0.713,12637,2019-09-09 15:00:00
1117694,1117694,5679,2019-09-09 15:15:00-05,0.996,-0.589,12638,2019-09-09 15:15:00
1117695,1117695,5679,2019-09-09 15:30:00-05,0.839,-0.366,12639,2019-09-09 15:30:00
1117696,1117696,5679,2019-09-09 15:45:00-05,0.754,-0.428,12640,2019-09-09 15:45:00
1117697,1117697,5679,2019-09-09 16:00:00-05,0.624,-0.319,12641,2019-09-09 16:00:00
1117698,1117698,5679,2019-09-09 16:15:00-05,0.419,-0.097,12642,2019-09-09 16:15:00
1117699,1117699,5679,2019-09-09 16:30:00-05,0.334,-0.122,12643,2019-09-09 16:30:00
1117700,1117700,5679,2019-09-09 16:45:00-05,0.276,-0.038,12644,2019-09-09 16:45:00
1117701,1117701,5679,2019-09-09 17:00:00-05,0.188,0.026,12645,2019-09-09 17:00:00
1117702,1117702,5679,2019-09-09 17:15:00-05,0.153,0.178,12646,2019-09-09 17:15:00
1117703,1117703,5679,2019-09-09 17:30:00-05,0.111,0.188,12647,2019-09-09 17:30:00
1117704,1117704,5679,2019-09-09 17:45:00-05,0.076,0.203,12648,2019-09-09 17:45:00
1117705,1117705,5679,2019-09-09 18:00:00-05,0.04,0.407,12649,2019-09-09 18:00:00
1117706,1117706,5679,2019-09-09 18:15:00-05,0.012,0.159,12650,2019-09-09 18:15:00
1117707,1117707,5679,2019-09-09 18:30:00-05,0.006,0.327,12651,2019-09-09 18:30:00
1117708,1117708,5679,2019-09-09 18:45:00-05,0.006,0.283,12652,2019-09-09 18:45:00
1117709,1117709,5679,2019-09-09 19:00:00-05,0.006,0.299,12653,2019-09-09 19:00:00
1117710,1117710,5679,2019-09-09 19:15:00-05,0.006,0.333,12654,2019-09-09 19:15:00
1117711,1117711,5679,2019-09-09 19:30:00-05,0.006,0.275,12655,2019-09-09 19:30:00
1117712,1117712,5679,2019-09-09 19:45:00-05,0.006,0.348,12656,2019-09-09 19:45:00
1117713,1117713,5679,2019-09-09 20:00:00-05,0.006,0.275,12657,2019-09-09 20:00:00
1117714,1117714,5679,2019-09-09 20:15:00-05,0.006,0.476,12658,2019-09-09 20:15:00
1117715,1117715,5679,2019-09-09 20:30:00-05,0.006,0.436,12659,2019-09-09 20:30:00
1117716,1117716,5679,2019-09-09 20:45:00-05,0.006,0.443,12660,2019-09-09 20:45:00
1117717,1117717,5679,2019-09-09 21:00:00-05,0.006,0.443,12661,2019-09-09 21:00:00
1117718,1117718,5679,2019-09-09 21:15:00-05,0.006,0.404,12662,2019-09-09 21:15:00
1117719,1117719,5679,2019-09-09 21:30:00-05,0.006,0.675,12663,2019-09-09 21:30:00
1117720,1117720,5679,2019-09-09 21:45:00-05,0.006,0.618,12664,2019-09-09 21:45:00
1117721,1117721,5679,2019-09-09 22:00:00-05,0.006,0.594,12665,2019-09-09 22:00:00
1117722,1117722,5679,2019-09-09 22:15:00-05,0.006,0.638,12666,2019-09-09 22:15:00
1117723,1117723,5679,2019-09-09 22:30:00-05,0.007,0.384,12667,2019-09-09 22:30:00
1117724,1117724,5679,2019-09-09 22:45:00-05,0.007,0.338,12668,2019-09-09 22:45:00
1117725,1117725,5679,2019-09-09 23:00:00-05,0.007,0.168,12669,2019-09-09 23:00:00
1117726,1117726,5679,2019-09-09 23:15:00-05,0.007,0.218,12670,2019-09-09 23:15:00
1117727,1117727,5679,2019-09-09 23:30:00-05,0.007,0.189,12671,2019-09-09 23:30:00
1117728,1117728,5679,2019-09-09 23:45:00-05,0.007,0.173,12672,2019-09-09 23:45:00
1117729,1117729,5679,2019-09-10 00:00:00-05,0.007,0.239,12673,2019-09-10 00:00:00
1117730,1117730,5679,2019-09-10 00:15:00-05,0.007,0.269,12674,2019-09-10 00:15:00
1117731,1117731,5679,2019-09-10 00:30:00-05,0.007,0.345,12675,2019-09-10 00:30:00
1117732,1117732,5679,2019-09-10 00:45:00-05,0.007,0.275,12676,2019-09-10 00:45:00
1117733,1117733,5679,2019-09-10 01:00:00-05,0.007,0.318,12677,2019-09-10 01:00:00
1117734,1117734,5679,2019-09-10 01:15:00-05,0.007,0.299,12678,2019-09-10 01:15:00
1117735,1117735,5679,2019-09-10 01:30:00-05,0.007,0.251,12679,2019-09-10 01:30:00
1117736,1117736,5679,2019-09-10 01:45:00-05,0.007,0.22,12680,2019-09-10 01:45:00
1117737,1117737,5679,2019-09-10 02:00:00-05,0.007,0.167,12681,2019-09-10 02:00:00
1117738,1117738,5679,2019-09-10 02:15:00-05,0.007,0.231,12682,2019-09-10 02:15:00
1117739,1117739,5679,2019-09-10 02:30:00-05,0.007,0.168,12683,2019-09-10 02:30:00
1117740,1117740,5679,2019-09-10 02:45:00-05,0.007,0.183,12684,2019-09-10 02:45:00
1117741,1117741,5679,2019-09-10 03:00:00-05,0.007,0.31,12685,2019-09-10 03:00:00
1117742,1117742,5679,2019-09-10 03:15:00-05,0.007,0.37,12686,2019-09-10 03:15:00
1117743,1117743,5679,2019-09-10 03:30:00-05,0.007,0.457,12687,2019-09-10 03:30:00
1117744,1117744,5679,2019-09-10 03:45:00-05,0.007,0.299,12688,2019-09-10 03:45:00
1117745,1117745,5679,2019-09-10 04:00:00-05,0.007,0.342,12689,2019-09-10 04:00:00
1117746,1117746,5679,2019-09-10 04:15:00-05,0.007,0.21,12690,2019-09-10 04:15:00
1117747,1117747,5679,2019-09-10 04:30:00-05,0.007,0.179,12691,2019-09-10 04:30:00
1117748,1117748,5679,2019-09-10 04:45:00-05,0.007,0.223,12692,2019-09-10 04:45:00
1117749,1117749,5679,2019-09-10 05:00:00-05,0.007,0.166,12693,2019-09-10 05:00:00
1117750,1117750,5679,2019-09-10 05:15:00-05,0.007,0.212,12694,2019-09-10 05:15:00
1117751,1117751,5679,2019-09-10 05:30:00-05,0.008,0.222,12695,2019-09-10 05:30:00
1117752,1117752,5679,2019-09-10 05:45:00-05,0.024,0.269,12696,2019-09-10 05:45:00
1117753,1117753,5679,2019-09-10 06:00:00-05,0.063,0.968,12697,2019-09-10 06:00:00
1117754,1117754,5679,2019-09-10 06:15:00-05,0.12,0.3,12698,2019-09-10 06:15:00
1117755,1117755,5679,2019-09-10 06:30:00-05,0.202,0.208,12699,2019-09-10 06:30:00
1117756,1117756,5679,2019-09-10 06:45:00-05,0.204,0.309,12700,2019-09-10 06:45:00
1117757,1117757,5679,2019-09-10 07:00:00-05,0.195,0.616,12701,2019-09-10 07:00:00
1117758,1117758,5679,2019-09-10 07:15:00-05,0.218,0.142,12702,2019-09-10 07:15:00
1117759,1117759,5679,2019-09-10 07:30:00-05,0.275,0.127,12703,2019-09-10 07:30:00
1117760,1117760,5679,2019-09-10 07:45:00-05,0.378,0.087,12704,2019-09-10 07:45:00
1117761,1117761,5679,2019-09-10 08:00:00-05,0.76,-0.323,12705,2019-09-10 08:00:00
1117762,1117762,5679,2019-09-10 08:15:00-05,1.088,-0.51,12706,2019-09-10 08:15:00
1117763,1117763,5679,2019-09-10 08:30:00-05,1.35,-0.678,12707,2019-09-10 08:30:00
1117764,1117764,5679,2019-09-10 08:45:00-05,1.689,-1.164,12708,2019-09-10 08:45:00
1117765,1117765,5679,2019-09-10 09:00:00-05,1.993,-1.474,12709,2019-09-10 09:00:00
1117766,1117766,5679,2019-09-10 09:15:00-05,2.414,-1.38,12710,2019-09-10 09:15:00
1117767,1117767,5679,2019-09-10 09:30:00-05,2.601,2.523,12711,2019-09-10 09:30:00
1117768,1117768,5679,2019-09-10 09:45:00-05,2.741,1.132,12712,2019-09-10 09:45:00
1117769,1117769,5679,2019-09-10 10:00:00-05,2.808,-0.89,12713,2019-09-10 10:00:00
1117770,1117770,5679,2019-09-10 10:15:00-05,2.902,-2.239,12714,2019-09-10 10:15:00
1117771,1117771,5679,2019-09-10 10:30:00-05,3.098,-1.472,12715,2019-09-10 10:30:00
1117772,1117772,5679,2019-09-10 10:45:00-05,3.381,1.782,12716,2019-09-10 10:45:00
1117773,1117773,5679,2019-09-10 11:00:00-05,3.668,0.94,12717,2019-09-10 11:00:00
1117774,1117774,5679,2019-09-10 11:15:00-05,3.781,0.3,12718,2019-09-10 11:15:00
1117775,1117775,5679,2019-09-10 11:30:00-05,3.669,-1.703,12719,2019-09-10 11:30:00
1117776,1117776,5679,2019-09-10 11:45:00-05,3.06,-0.699,12720,2019-09-10 11:45:00
1117777,1117777,5679,2019-09-10 12:00:00-05,3.929,3.576,12721,2019-09-10 12:00:00
1117778,1117778,5679,2019-09-10 12:15:00-05,3.673,3.578,12722,2019-09-10 12:15:00
1117779,1117779,5679,2019-09-10 12:30:00-05,3.281,3.864,12723,2019-09-10 12:30:00
1117780,1117780,5679,2019-09-10 12:45:00-05,3.212,4.007,12724,2019-09-10 12:45:00
1117781,1117781,5679,2019-09-10 13:00:00-05,2.789,4.373,12725,2019-09-10 13:00:00
1117782,1117782,5679,2019-09-10 13:15:00-05,3.04,4.231,12726,2019-09-10 13:15:00
1117783,1117783,5679,2019-09-10 13:30:00-05,2.563,1.154,12727,2019-09-10 13:30:00
1117784,1117784,5679,2019-09-10 13:45:00-05,2.312,-1.821,12728,2019-09-10 13:45:00
1117785,1117785,5679,2019-09-10 14:00:00-05,1.959,-0.768,12729,2019-09-10 14:00:00
1117786,1117786,5679,2019-09-10 14:15:00-05,1.803,-0.582,12730,2019-09-10 14:15:00
1117787,1117787,5679,2019-09-10 14:30:00-05,1.095,0.05,12731,2019-09-10 14:30:00
1117788,1117788,5679,2019-09-10 14:45:00-05,1.153,-0.226,12732,2019-09-10 14:45:00
1117789,1117789,5679,2019-09-10 15:00:00-05,1.233,-0.078,12733,2019-09-10 15:00:00
1117790,1117790,5679,2019-09-10 15:15:00-05,1.513,-0.035,12734,2019-09-10 15:15:00
1117791,1117791,5679,2019-09-10 15:30:00-05,1.089,0.061,12735,2019-09-10 15:30:00
1117792,1117792,5679,2019-09-10 15:45:00-05,0.973,0.255,12736,2019-09-10 15:45:00
1117793,1117793,5679,2019-09-10 16:00:00-05,0.702,0.626,12737,2019-09-10 16:00:00
1117794,1117794,5679,2019-09-10 16:15:00-05,0.375,1.049,12738,2019-09-10 16:15:00
1117795,1117795,5679,2019-09-10 16:30:00-05,0.369,1.052,12739,2019-09-10 16:30:00
1117796,1117796,5679,2019-09-10 16:45:00-05,0.535,0.456,12740,2019-09-10 16:45:00
1117797,1117797,5679,2019-09-10 17:00:00-05,0.237,0.242,12741,2019-09-10 17:00:00
1117798,1117798,5679,2019-09-10 17:15:00-05,0.152,0.393,12742,2019-09-10 17:15:00
1117799,1117799,5679,2019-09-10 17:30:00-05,0.2,0.287,12743,2019-09-10 17:30:00
1117800,1117800,5679,2019-09-10 17:45:00-05,0.095,0.349,12744,2019-09-10 17:45:00
1117801,1117801,5679,2019-09-10 18:00:00-05,0.033,0.282,12745,2019-09-10 18:00:00
1117802,1117802,5679,2019-09-10 18:15:00-05,0.008,0.365,12746,2019-09-10 18:15:00
1117803,1117803,5679,2019-09-10 18:30:00-05,0.005,0.265,12747,2019-09-10 18:30:00
1117804,1117804,5679,2019-09-10 18:45:00-05,0.006,0.243,12748,2019-09-10 18:45:00
1117805,1117805,5679,2019-09-10 19:00:00-05,0.006,0.471,12749,2019-09-10 19:00:00
1117806,1117806,5679,2019-09-10 19:15:00-05,0.005,0.59,12750,2019-09-10 19:15:00
1117807,1117807,5679,2019-09-10 19:30:00-05,0.005,0.668,12751,2019-09-10 19:30:00
1117808,1117808,5679,2019-09-10 19:45:00-05,0.006,0.235,12752,2019-09-10 19:45:00
1117809,1117809,5679,2019-09-10 20:00:00-05,0.006,0.377,12753,2019-09-10 20:00:00
1117810,1117810,5679,2019-09-10 20:15:00-05,0.006,0.342,12754,2019-09-10 20:15:00
1117811,1117811,5679,2019-09-10 20:30:00-05,0.006,0.441,12755,2019-09-10 20:30:00
1117812,1117812,5679,2019-09-10 20:45:00-05,0.005,0.852,12756,2019-09-10 20:45:00
1117813,1117813,5679,2019-09-10 21:00:00-05,0.005,1.485,12757,2019-09-10 21:00:00
1117814,1117814,5679,2019-09-10 21:15:00-05,0.005,1.331,12758,2019-09-10 21:15:00
1117815,1117815,5679,2019-09-10 21:30:00-05,0.005,1.106,12759,2019-09-10 21:30:00
1117816,1117816,5679,2019-09-10 21:45:00-05,0.005,0.967,12760,2019-09-10 21:45:00
1117817,1117817,5679,2019-09-10 22:00:00-05,0.006,0.799,12761,2019-09-10 22:00:00
1117818,1117818,5679,2019-09-10 22:15:00-05,0.006,0.607,12762,2019-09-10 22:15:00
1117819,1117819,5679,2019-09-10 22:30:00-05,0.006,0.627,12763,2019-09-10 22:30:00
1117820,1117820,5679,2019-09-10 22:45:00-05,0.006,0.204,12764,2019-09-10 22:45:00
1117821,1117821,5679,2019-09-10 23:00:00-05,0.006,0.357,12765,2019-09-10 23:00:00
1117822,1117822,5679,2019-09-10 23:15:00-05,0.006,0.649,12766,2019-09-10 23:15:00
1117823,1117823,5679,2019-09-10 23:30:00-05,0.006,0.353,12767,2019-09-10 23:30:00
1117824,1117824,5679,2019-09-10 23:45:00-05,0.006,0.287,12768,2019-09-10 23:45:00
1117825,1117825,5679,2019-09-11 00:00:00-05,0.006,0.35,12769,2019-09-11 00:00:00
1117826,1117826,5679,2019-09-11 00:15:00-05,0.006,0.27,12770,2019-09-11 00:15:00
1117827,1117827,5679,2019-09-11 00:30:00-05,0.006,0.219,12771,2019-09-11 00:30:00
1117828,1117828,5679,2019-09-11 00:45:00-05,0.006,0.202,12772,2019-09-11 00:45:00
1117829,1117829,5679,2019-09-11 01:00:00-05,0.006,0.188,12773,2019-09-11 01:00:00
1117830,1117830,5679,2019-09-11 01:15:00-05,0.006,0.231,12774,2019-09-11 01:15:00
1117831,1117831,5679,2019-09-11 01:30:00-05,0.006,0.495,12775,2019-09-11 01:30:00
1117832,1117832,5679,2019-09-11 01:45:00-05,0.006,0.365,12776,2019-09-11 01:45:00
1117833,1117833,5679,2019-09-11 02:00:00-05,0.006,0.291,12777,2019-09-11 02:00:00
1117834,1117834,5679,2019-09-11 02:15:00-05,0.006,0.459,12778,2019-09-11 02:15:00
1117835,1117835,5679,2019-09-11 02:30:00-05,0.006,0.421,12779,2019-09-11 02:30:00
1117836,1117836,5679,2019-09-11 02:45:00-05,0.006,0.426,12780,2019-09-11 02:45:00
1117837,1117837,5679,2019-09-11 03:00:00-05,0.006,0.68,12781,2019-09-11 03:00:00
1117838,1117838,5679,2019-09-11 03:15:00-05,0.006,0.567,12782,2019-09-11 03:15:00
1117839,1117839,5679,2019-09-11 03:30:00-05,0.006,0.36,12783,2019-09-11 03:30:00
1117840,1117840,5679,2019-09-11 03:45:00-05,0.006,0.288,12784,2019-09-11 03:45:00
1117841,1117841,5679,2019-09-11 04:00:00-05,0.006,0.352,12785,2019-09-11 04:00:00
1117842,1117842,5679,2019-09-11 04:15:00-05,0.006,0.286,12786,2019-09-11 04:15:00
1117843,1117843,5679,2019-09-11 04:30:00-05,0.006,0.479,12787,2019-09-11 04:30:00
1117844,1117844,5679,2019-09-11 04:45:00-05,0.005,0.841,12788,2019-09-11 04:45:00
1117845,1117845,5679,2019-09-11 05:00:00-05,0.006,0.398,12789,2019-09-11 05:00:00
1117846,1117846,5679,2019-09-11 05:15:00-05,0.005,0.988,12790,2019-09-11 05:15:00
1117847,1117847,5679,2019-09-11 05:30:00-05,0.005,0.957,12791,2019-09-11 05:30:00
1117848,1117848,5679,2019-09-11 05:45:00-05,0.012,0.976,12792,2019-09-11 05:45:00
1117849,1117849,5679,2019-09-11 06:00:00-05,0.069,0.483,12793,2019-09-11 06:00:00
1117850,1117850,5679,2019-09-11 06:15:00-05,0.16,0.428,12794,2019-09-11 06:15:00
1117851,1117851,5679,2019-09-11 06:30:00-05,0.128,0.551,12795,2019-09-11 06:30:00
1117852,1117852,5679,2019-09-11 06:45:00-05,0.18,0.79,12796,2019-09-11 06:45:00
1117853,1117853,5679,2019-09-11 07:00:00-05,0.243,1.684,12797,2019-09-11 07:00:00
1117854,1117854,5679,2019-09-11 07:15:00-05,0.298,5.588,12798,2019-09-11 07:15:00
1117855,1117855,5679,2019-09-11 07:30:00-05,0.338,4.54,12799,2019-09-11 07:30:00
1117856,1117856,5679,2019-09-11 07:45:00-05,0.461,3.309,12800,2019-09-11 07:45:00
1117857,1117857,5679,2019-09-11 08:00:00-05,0.721,1.493,12801,2019-09-11 08:00:00
1117858,1117858,5679,2019-09-11 08:15:00-05,0.911,0.997,12802,2019-09-11 08:15:00
1117859,1117859,5679,2019-09-11 08:30:00-05,1.164,0.396,12803,2019-09-11 08:30:00
1117860,1117860,5679,2019-09-11 08:45:00-05,1.511,-0.564,12804,2019-09-11 08:45:00
1117861,1117861,5679,2019-09-11 09:00:00-05,1.806,-0.926,12805,2019-09-11 09:00:00
1117862,1117862,5679,2019-09-11 09:15:00-05,2.218,-1.29,12806,2019-09-11 09:15:00
1117863,1117863,5679,2019-09-11 09:30:00-05,2.214,-1.357,12807,2019-09-11 09:30:00
1117864,1117864,5679,2019-09-11 09:45:00-05,1.807,-0.889,12808,2019-09-11 09:45:00
1117865,1117865,5679,2019-09-11 10:00:00-05,2.386,-0.891,12809,2019-09-11 10:00:00
1117866,1117866,5679,2019-09-11 10:15:00-05,2.097,-0.425,12810,2019-09-11 10:15:00
1117867,1117867,5679,2019-09-11 10:30:00-05,1.437,0.384,12811,2019-09-11 10:30:00
1117868,1117868,5679,2019-09-11 10:45:00-05,1.968,0.711,12812,2019-09-11 10:45:00
1117869,1117869,5679,2019-09-11 11:00:00-05,2.52,0.032,12813,2019-09-11 11:00:00
1117870,1117870,5679,2019-09-11 11:15:00-05,3.517,-0.653,12814,2019-09-11 11:15:00
1117871,1117871,5679,2019-09-11 11:30:00-05,2.876,-1.531,12815,2019-09-11 11:30:00
1117872,1117872,5679,2019-09-11 11:45:00-05,3.589,-1.958,12816,2019-09-11 11:45:00
1117873,1117873,5679,2019-09-11 12:00:00-05,3.595,-1.873,12817,2019-09-11 12:00:00
1117874,1117874,5679,2019-09-11 12:15:00-05,1.73,-0.193,12818,2019-09-11 12:15:00
1117875,1117875,5679,2019-09-11 12:30:00-05,2.388,-0.712,12819,2019-09-11 12:30:00
1117876,1117876,5679,2019-09-11 12:45:00-05,2.892,-1.198,12820,2019-09-11 12:45:00
1117877,1117877,5679,2019-09-11 13:00:00-05,1.35,0.369,12821,2019-09-11 13:00:00
1117878,1117878,5679,2019-09-11 13:15:00-05,2.206,-0.534,12822,2019-09-11 13:15:00
1117879,1117879,5679,2019-09-11 13:30:00-05,2.244,-0.523,12823,2019-09-11 13:30:00
1117880,1117880,5679,2019-09-11 13:45:00-05,2.364,-0.136,12824,2019-09-11 13:45:00
1117881,1117881,5679,2019-09-11 14:00:00-05,1.884,0.689,12825,2019-09-11 14:00:00
1117882,1117882,5679,2019-09-11 14:15:00-05,1.862,0.661,12826,2019-09-11 14:15:00
1117883,1117883,5679,2019-09-11 14:30:00-05,1.549,0.871,12827,2019-09-11 14:30:00
1117884,1117884,5679,2019-09-11 14:45:00-05,1.328,1.074,12828,2019-09-11 14:45:00
1117885,1117885,5679,2019-09-11 15:00:00-05,1.162,1.24,12829,2019-09-11 15:00:00
1117886,1117886,5679,2019-09-11 15:15:00-05,0.791,1.673,12830,2019-09-11 15:15:00
1117887,1117887,5679,2019-09-11 15:30:00-05,0.854,1.582,12831,2019-09-11 15:30:00
1117888,1117888,5679,2019-09-11 15:45:00-05,0.758,2.637,12832,2019-09-11 15:45:00
1117889,1117889,5679,2019-09-11 16:00:00-05,0.64,2.382,12833,2019-09-11 16:00:00
1117890,1117890,5679,2019-09-11 16:15:00-05,0.46,2.833,12834,2019-09-11 16:15:00
1117891,1117891,5679,2019-09-11 16:30:00-05,0.37,2.87,12835,2019-09-11 16:30:00
1117892,1117892,5679,2019-09-11 16:45:00-05,0.304,3.034,12836,2019-09-11 16:45:00
1117893,1117893,5679,2019-09-11 17:00:00-05,0.218,2.989,12837,2019-09-11 17:00:00
1117894,1117894,5679,2019-09-11 17:15:00-05,0.164,1.803,12838,2019-09-11 17:15:00
1117895,1117895,5679,2019-09-11 17:30:00-05,0.108,0.853,12839,2019-09-11 17:30:00
1117896,1117896,5679,2019-09-11 17:45:00-05,0.067,0.972,12840,2019-09-11 17:45:00
1117897,1117897,5679,2019-09-11 18:00:00-05,0.01,6.824,12841,2019-09-11 18:00:00
1117898,1117898,5679,2019-09-11 18:15:00-05,-0.002,8.092,12842,2019-09-11 18:15:00
1117899,1117899,5679,2019-09-11 18:30:00-05,-0.003,8.147,12843,2019-09-11 18:30:00
1117900,1117900,5679,2019-09-11 18:45:00-05,-0.003,8.475,12844,2019-09-11 18:45:00
1117901,1117901,5679,2019-09-11 19:00:00-05,-0.003,8.29,12845,2019-09-11 19:00:00
1117902,1117902,5679,2019-09-11 19:15:00-05,0.0,5.78,12846,2019-09-11 19:15:00
1117903,1117903,5679,2019-09-11 19:30:00-05,0.004,1.745,12847,2019-09-11 19:30:00
1117904,1117904,5679,2019-09-11 19:45:00-05,0.004,1.84,12848,2019-09-11 19:45:00
1117905,1117905,5679,2019-09-11 20:00:00-05,0.003,2.25,12849,2019-09-11 20:00:00
1117906,1117906,5679,2019-09-11 20:15:00-05,0.003,2.04,12850,2019-09-11 20:15:00
1117907,1117907,5679,2019-09-11 20:30:00-05,0.004,1.728,12851,2019-09-11 20:30:00
1117908,1117908,5679,2019-09-11 20:45:00-05,0.004,1.507,12852,2019-09-11 20:45:00
1117909,1117909,5679,2019-09-11 21:00:00-05,0.004,1.303,12853,2019-09-11 21:00:00
1117910,1117910,5679,2019-09-11 21:15:00-05,0.004,1.444,12854,2019-09-11 21:15:00
1117911,1117911,5679,2019-09-11 21:30:00-05,0.004,0.994,12855,2019-09-11 21:30:00
1117912,1117912,5679,2019-09-11 21:45:00-05,0.004,1.148,12856,2019-09-11 21:45:00
1117913,1117913,5679,2019-09-11 22:00:00-05,0.004,1.259,12857,2019-09-11 22:00:00
1117914,1117914,5679,2019-09-11 22:15:00-05,0.004,1.258,12858,2019-09-11 22:15:00
1117915,1117915,5679,2019-09-11 22:30:00-05,0.005,0.861,12859,2019-09-11 22:30:00
1117916,1117916,5679,2019-09-11 22:45:00-05,0.004,1.067,12860,2019-09-11 22:45:00
1117917,1117917,5679,2019-09-11 23:00:00-05,0.005,1.018,12861,2019-09-11 23:00:00
1117918,1117918,5679,2019-09-11 23:15:00-05,0.005,0.961,12862,2019-09-11 23:15:00
1117919,1117919,5679,2019-09-11 23:30:00-05,0.004,1.125,12863,2019-09-11 23:30:00
1117920,1117920,5679,2019-09-11 23:45:00-05,0.005,0.967,12864,2019-09-11 23:45:00
1117921,1117921,5679,2019-09-12 00:00:00-05,0.005,0.945,12865,2019-09-12 00:00:00
1117922,1117922,5679,2019-09-12 00:15:00-05,0.005,1.082,12866,2019-09-12 00:15:00
1117923,1117923,5679,2019-09-12 00:30:00-05,0.005,1.03,12867,2019-09-12 00:30:00
1117924,1117924,5679,2019-09-12 00:45:00-05,0.005,1.017,12868,2019-09-12 00:45:00
1117925,1117925,5679,2019-09-12 01:00:00-05,0.005,0.949,12869,2019-09-12 01:00:00
1117926,1117926,5679,2019-09-12 01:15:00-05,0.005,0.922,12870,2019-09-12 01:15:00
1117927,1117927,5679,2019-09-12 01:30:00-05,0.005,0.974,12871,2019-09-12 01:30:00
1117928,1117928,5679,2019-09-12 01:45:00-05,0.005,0.898,12872,2019-09-12 01:45:00
1117929,1117929,5679,2019-09-12 02:00:00-05,0.005,0.945,12873,2019-09-12 02:00:00
1117930,1117930,5679,2019-09-12 02:15:00-05,0.005,0.79,12874,2019-09-12 02:15:00
1117931,1117931,5679,2019-09-12 02:30:00-05,0.005,0.86,12875,2019-09-12 02:30:00
1117932,1117932,5679,2019-09-12 02:45:00-05,0.005,0.774,12876,2019-09-12 02:45:00
1117933,1117933,5679,2019-09-12 03:00:00-05,0.005,0.796,12877,2019-09-12 03:00:00
1117934,1117934,5679,2019-09-12 03:15:00-05,0.005,0.746,12878,2019-09-12 03:15:00
1117935,1117935,5679,2019-09-12 03:30:00-05,0.005,0.781,12879,2019-09-12 03:30:00
1117936,1117936,5679,2019-09-12 03:45:00-05,0.005,0.865,12880,2019-09-12 03:45:00
1117937,1117937,5679,2019-09-12 04:00:00-05,0.005,0.883,12881,2019-09-12 04:00:00
1117938,1117938,5679,2019-09-12 04:15:00-05,0.005,0.864,12882,2019-09-12 04:15:00
1117939,1117939,5679,2019-09-12 04:30:00-05,0.005,0.881,12883,2019-09-12 04:30:00
1117940,1117940,5679,2019-09-12 04:45:00-05,0.005,0.86,12884,2019-09-12 04:45:00
1117941,1117941,5679,2019-09-12 05:00:00-05,0.005,0.91,12885,2019-09-12 05:00:00
1117942,1117942,5679,2019-09-12 05:15:00-05,0.004,1.502,12886,2019-09-12 05:15:00
1117943,1117943,5679,2019-09-12 05:30:00-05,0.005,1.16,12887,2019-09-12 05:30:00
1117944,1117944,5679,2019-09-12 05:45:00-05,0.005,1.017,12888,2019-09-12 05:45:00
1117945,1117945,5679,2019-09-12 06:00:00-05,0.006,1.569,12889,2019-09-12 06:00:00
1117946,1117946,5679,2019-09-12 06:15:00-05,0.007,1.006,12890,2019-09-12 06:15:00
1117947,1117947,5679,2019-09-12 06:30:00-05,0.031,1.054,12891,2019-09-12 06:30:00
1117948,1117948,5679,2019-09-12 06:45:00-05,0.064,0.891,12892,2019-09-12 06:45:00
1117949,1117949,5679,2019-09-12 07:00:00-05,0.079,0.948,12893,2019-09-12 07:00:00
1117950,1117950,5679,2019-09-12 07:15:00-05,0.091,0.86,12894,2019-09-12 07:15:00
1117951,1117951,5679,2019-09-12 07:30:00-05,0.103,1.008,12895,2019-09-12 07:30:00
1117952,1117952,5679,2019-09-12 07:45:00-05,0.127,1.017,12896,2019-09-12 07:45:00
1117953,1117953,5679,2019-09-12 08:00:00-05,0.105,0.949,12897,2019-09-12 08:00:00
1117954,1117954,5679,2019-09-12 08:15:00-05,0.084,0.835,12898,2019-09-12 08:15:00
1117955,1117955,5679,2019-09-12 08:30:00-05,0.075,0.961,12899,2019-09-12 08:30:00
1117956,1117956,5679,2019-09-12 08:45:00-05,0.126,0.88,12900,2019-09-12 08:45:00
1117957,1117957,5679,2019-09-12 09:00:00-05,0.21,0.665,12901,2019-09-12 09:00:00
1117958,1117958,5679,2019-09-12 09:15:00-05,0.168,0.754,12902,2019-09-12 09:15:00
1117959,1117959,5679,2019-09-12 09:30:00-05,0.199,0.76,12903,2019-09-12 09:30:00
1117960,1117960,5679,2019-09-12 09:45:00-05,0.212,0.728,12904,2019-09-12 09:45:00
1117961,1117961,5679,2019-09-12 10:00:00-05,0.251,0.781,12905,2019-09-12 10:00:00
1117962,1117962,5679,2019-09-12 10:15:00-05,0.22,0.877,12906,2019-09-12 10:15:00
1117963,1117963,5679,2019-09-12 10:30:00-05,0.255,0.696,12907,2019-09-12 10:30:00
1117964,1117964,5679,2019-09-12 10:45:00-05,0.473,0.568,12908,2019-09-12 10:45:00
1117965,1117965,5679,2019-09-12 11:00:00-05,0.618,1.004,12909,2019-09-12 11:00:00
1117966,1117966,5679,2019-09-12 11:15:00-05,0.525,1.025,12910,2019-09-12 11:15:00
1117967,1117967,5679,2019-09-12 11:30:00-05,0.725,0.299,12911,2019-09-12 11:30:00
1117968,1117968,5679,2019-09-12 11:45:00-05,0.607,0.962,12912,2019-09-12 11:45:00
1117969,1117969,5679,2019-09-12 12:00:00-05,0.602,0.436,12913,2019-09-12 12:00:00
1117970,1117970,5679,2019-09-12 12:15:00-05,0.591,0.397,12914,2019-09-12 12:15:00
1117971,1117971,5679,2019-09-12 12:30:00-05,0.737,0.307,12915,2019-09-12 12:30:00
1117972,1117972,5679,2019-09-12 12:45:00-05,0.936,0.047,12916,2019-09-12 12:45:00
1117973,1117973,5679,2019-09-12 13:00:00-05,0.917,0.114,12917,2019-09-12 13:00:00
1117974,1117974,5679,2019-09-12 13:15:00-05,0.589,0.388,12918,2019-09-12 13:15:00
1117975,1117975,5679,2019-09-12 13:30:00-05,0.451,0.574,12919,2019-09-12 13:30:00
1117976,1117976,5679,2019-09-12 13:45:00-05,0.369,0.632,12920,2019-09-12 13:45:00
1117977,1117977,5679,2019-09-12 14:00:00-05,0.606,0.433,12921,2019-09-12 14:00:00
1117978,1117978,5679,2019-09-12 14:15:00-05,0.741,0.411,12922,2019-09-12 14:15:00
1117979,1117979,5679,2019-09-12 14:30:00-05,0.686,0.25,12923,2019-09-12 14:30:00
1117980,1117980,5679,2019-09-12 14:45:00-05,0.533,0.444,12924,2019-09-12 14:45:00
1117981,1117981,5679,2019-09-12 15:00:00-05,0.357,0.685,12925,2019-09-12 15:00:00
1117982,1117982,5679,2019-09-12 15:15:00-05,0.345,2.024,12926,2019-09-12 15:15:00
1117983,1117983,5679,2019-09-12 15:30:00-05,0.388,1.392,12927,2019-09-12 15:30:00
1117984,1117984,5679,2019-09-12 15:45:00-05,0.289,1.542,12928,2019-09-12 15:45:00
1117985,1117985,5679,2019-09-12 16:00:00-05,0.272,1.739,12929,2019-09-12 16:00:00
1117986,1117986,5679,2019-09-12 16:15:00-05,0.2,1.145,12930,2019-09-12 16:15:00
1117987,1117987,5679,2019-09-12 16:30:00-05,0.172,0.891,12931,2019-09-12 16:30:00
1117988,1117988,5679,2019-09-12 16:45:00-05,0.11,0.925,12932,2019-09-12 16:45:00
1117989,1117989,5679,2019-09-12 17:00:00-05,0.061,0.884,12933,2019-09-12 17:00:00
1117990,1117990,5679,2019-09-12 17:15:00-05,0.065,0.918,12934,2019-09-12 17:15:00
1117991,1117991,5679,2019-09-12 17:30:00-05,0.038,1.072,12935,2019-09-12 17:30:00
1117992,1117992,5679,2019-09-12 17:45:00-05,0.037,1.04,12936,2019-09-12 17:45:00
1117993,1117993,5679,2019-09-12 18:00:00-05,0.029,1.432,12937,2019-09-12 18:00:00
1117994,1117994,5679,2019-09-12 18:15:00-05,0.007,1.113,12938,2019-09-12 18:15:00
1117995,1117995,5679,2019-09-12 18:30:00-05,0.005,1.202,12939,2019-09-12 18:30:00
1117996,1117996,5679,2019-09-12 18:45:00-05,0.005,1.126,12940,2019-09-12 18:45:00
1117997,1117997,5679,2019-09-12 19:00:00-05,0.005,0.886,12941,2019-09-12 19:00:00
1117998,1117998,5679,2019-09-12 19:15:00-05,0.005,0.93,12942,2019-09-12 19:15:00
1117999,1117999,5679,2019-09-12 19:30:00-05,0.005,1.029,12943,2019-09-12 19:30:00
1118000,1118000,5679,2019-09-12 19:45:00-05,0.005,0.941,12944,2019-09-12 19:45:00
1118001,1118001,5679,2019-09-12 20:00:00-05,0.006,0.925,12945,2019-09-12 20:00:00
1118002,1118002,5679,2019-09-12 20:15:00-05,0.006,0.924,12946,2019-09-12 20:15:00
1118003,1118003,5679,2019-09-12 20:30:00-05,0.006,0.997,12947,2019-09-12 20:30:00
1118004,1118004,5679,2019-09-12 20:45:00-05,0.006,1.004,12948,2019-09-12 20:45:00
1118005,1118005,5679,2019-09-12 21:00:00-05,0.005,1.046,12949,2019-09-12 21:00:00
1118006,1118006,5679,2019-09-12 21:15:00-05,0.006,1.02,12950,2019-09-12 21:15:00
1118007,1118007,5679,2019-09-12 21:30:00-05,0.006,1.084,12951,2019-09-12 21:30:00
1118008,1118008,5679,2019-09-12 21:45:00-05,0.006,1.056,12952,2019-09-12 21:45:00
1118009,1118009,5679,2019-09-12 22:00:00-05,0.006,1.002,12953,2019-09-12 22:00:00
1118010,1118010,5679,2019-09-12 22:15:00-05,0.006,1.001,12954,2019-09-12 22:15:00
1118011,1118011,5679,2019-09-12 22:30:00-05,0.006,1.051,12955,2019-09-12 22:30:00
1118012,1118012,5679,2019-09-12 22:45:00-05,0.006,0.969,12956,2019-09-12 22:45:00
1118013,1118013,5679,2019-09-12 23:00:00-05,0.006,0.936,12957,2019-09-12 23:00:00
1118014,1118014,5679,2019-09-12 23:15:00-05,0.006,0.77,12958,2019-09-12 23:15:00
1118015,1118015,5679,2019-09-12 23:30:00-05,0.006,1.058,12959,2019-09-12 23:30:00
1118016,1118016,5679,2019-09-12 23:45:00-05,0.006,0.965,12960,2019-09-12 23:45:00
1118017,1118017,5679,2019-09-13 00:00:00-05,0.006,0.881,12961,2019-09-13 00:00:00
1118018,1118018,5679,2019-09-13 00:15:00-05,0.006,0.876,12962,2019-09-13 00:15:00
1118019,1118019,5679,2019-09-13 00:30:00-05,0.006,0.735,12963,2019-09-13 00:30:00
1118020,1118020,5679,2019-09-13 00:45:00-05,0.006,0.672,12964,2019-09-13 00:45:00
1118021,1118021,5679,2019-09-13 01:00:00-05,0.006,0.658,12965,2019-09-13 01:00:00
1118022,1118022,5679,2019-09-13 01:15:00-05,0.006,0.704,12966,2019-09-13 01:15:00
1118023,1118023,5679,2019-09-13 01:30:00-05,0.006,0.649,12967,2019-09-13 01:30:00
1118024,1118024,5679,2019-09-13 01:45:00-05,0.006,0.687,12968,2019-09-13 01:45:00
1118025,1118025,5679,2019-09-13 02:00:00-05,0.006,0.684,12969,2019-09-13 02:00:00
1118026,1118026,5679,2019-09-13 02:15:00-05,0.006,0.609,12970,2019-09-13 02:15:00
1118027,1118027,5679,2019-09-13 02:30:00-05,0.006,0.828,12971,2019-09-13 02:30:00
1118028,1118028,5679,2019-09-13 02:45:00-05,0.006,0.613,12972,2019-09-13 02:45:00
1118029,1118029,5679,2019-09-13 03:00:00-05,0.006,0.703,12973,2019-09-13 03:00:00
1118030,1118030,5679,2019-09-13 03:15:00-05,0.006,0.593,12974,2019-09-13 03:15:00
1118031,1118031,5679,2019-09-13 03:30:00-05,0.007,0.539,12975,2019-09-13 03:30:00
1118032,1118032,5679,2019-09-13 03:45:00-05,0.006,0.682,12976,2019-09-13 03:45:00
1118033,1118033,5679,2019-09-13 04:00:00-05,0.006,1.004,12977,2019-09-13 04:00:00
1118034,1118034,5679,2019-09-13 04:15:00-05,0.006,0.69,12978,2019-09-13 04:15:00
1118035,1118035,5679,2019-09-13 04:30:00-05,0.006,0.745,12979,2019-09-13 04:30:00
1118036,1118036,5679,2019-09-13 04:45:00-05,0.006,0.767,12980,2019-09-13 04:45:00
1118037,1118037,5679,2019-09-13 05:00:00-05,0.007,0.535,12981,2019-09-13 05:00:00
1118038,1118038,5679,2019-09-13 05:15:00-05,0.006,0.607,12982,2019-09-13 05:15:00
1118039,1118039,5679,2019-09-13 05:30:00-05,0.007,0.55,12983,2019-09-13 05:30:00
1118040,1118040,5679,2019-09-13 05:45:00-05,0.015,0.755,12984,2019-09-13 05:45:00
1118041,1118041,5679,2019-09-13 06:00:00-05,0.047,1.105,12985,2019-09-13 06:00:00
1118042,1118042,5679,2019-09-13 06:15:00-05,0.105,0.917,12986,2019-09-13 06:15:00
1118043,1118043,5679,2019-09-13 06:30:00-05,0.206,0.586,12987,2019-09-13 06:30:00
1118044,1118044,5679,2019-09-13 06:45:00-05,0.261,0.628,12988,2019-09-13 06:45:00
1118045,1118045,5679,2019-09-13 07:00:00-05,0.364,0.911,12989,2019-09-13 07:00:00
1118046,1118046,5679,2019-09-13 07:15:00-05,0.572,0.273,12990,2019-09-13 07:15:00
1118047,1118047,5679,2019-09-13 07:30:00-05,0.459,0.409,12991,2019-09-13 07:30:00
1118048,1118048,5679,2019-09-13 07:45:00-05,0.667,0.029,12992,2019-09-13 07:45:00
1118049,1118049,5679,2019-09-13 08:00:00-05,0.687,-0.017,12993,2019-09-13 08:00:00
1118050,1118050,5679,2019-09-13 08:15:00-05,0.764,-0.079,12994,2019-09-13 08:15:00
1118051,1118051,5679,2019-09-13 08:30:00-05,0.976,-0.281,12995,2019-09-13 08:30:00
1118052,1118052,5679,2019-09-13 08:45:00-05,1.39,-0.774,12996,2019-09-13 08:45:00
1118053,1118053,5679,2019-09-13 09:00:00-05,1.702,-1.1,12997,2019-09-13 09:00:00
1118054,1118054,5679,2019-09-13 09:15:00-05,1.415,-0.946,12998,2019-09-13 09:15:00
1118055,1118055,5679,2019-09-13 09:30:00-05,0.973,-0.39,12999,2019-09-13 09:30:00
1118056,1118056,5679,2019-09-13 09:45:00-05,0.977,-0.372,13000,2019-09-13 09:45:00
1118057,1118057,5679,2019-09-13 10:00:00-05,1.275,-0.742,13001,2019-09-13 10:00:00
1118058,1118058,5679,2019-09-13 10:15:00-05,1.539,-0.907,13002,2019-09-13 10:15:00
1118059,1118059,5679,2019-09-13 10:30:00-05,1.527,-0.898,13003,2019-09-13 10:30:00
1118060,1118060,5679,2019-09-13 10:45:00-05,1.151,-0.178,13004,2019-09-13 10:45:00
1118061,1118061,5679,2019-09-13 11:00:00-05,1.146,-0.671,13005,2019-09-13 11:00:00
1118062,1118062,5679,2019-09-13 11:15:00-05,1.183,-0.457,13006,2019-09-13 11:15:00
1118063,1118063,5679,2019-09-13 11:30:00-05,1.345,-0.674,13007,2019-09-13 11:30:00
1118064,1118064,5679,2019-09-13 11:45:00-05,1.166,-0.553,13008,2019-09-13 11:45:00
1118065,1118065,5679,2019-09-13 12:00:00-05,1.302,-0.676,13009,2019-09-13 12:00:00
1118066,1118066,5679,2019-09-13 12:15:00-05,1.275,0.114,13010,2019-09-13 12:15:00
1118067,1118067,5679,2019-09-13 12:30:00-05,1.537,-0.933,13011,2019-09-13 12:30:00
1118068,1118068,5679,2019-09-13 12:45:00-05,1.607,-1.222,13012,2019-09-13 12:45:00
1118069,1118069,5679,2019-09-13 13:00:00-05,1.709,-0.752,13013,2019-09-13 13:00:00
1118070,1118070,5679,2019-09-13 13:15:00-05,1.562,5.822,13014,2019-09-13 13:15:00
1118071,1118071,5679,2019-09-13 13:30:00-05,1.188,6.075,13015,2019-09-13 13:30:00
1118072,1118072,5679,2019-09-13 13:45:00-05,0.968,6.816,13016,2019-09-13 13:45:00
1118073,1118073,5679,2019-09-13 14:00:00-05,1.044,6.243,13017,2019-09-13 14:00:00
1118074,1118074,5679,2019-09-13 14:15:00-05,1.044,4.424,13018,2019-09-13 14:15:00
1118075,1118075,5679,2019-09-13 14:30:00-05,1.016,-0.078,13019,2019-09-13 14:30:00
1118076,1118076,5679,2019-09-13 14:45:00-05,0.76,-0.307,13020,2019-09-13 14:45:00
1118077,1118077,5679,2019-09-13 15:00:00-05,0.915,-0.377,13021,2019-09-13 15:00:00
1118078,1118078,5679,2019-09-13 15:15:00-05,0.93,-0.038,13022,2019-09-13 15:15:00
1118079,1118079,5679,2019-09-13 15:30:00-05,0.969,0.077,13023,2019-09-13 15:30:00
1118080,1118080,5679,2019-09-13 15:45:00-05,0.861,0.125,13024,2019-09-13 15:45:00
1118081,1118081,5679,2019-09-13 16:00:00-05,0.767,-0.095,13025,2019-09-13 16:00:00
1118082,1118082,5679,2019-09-13 16:15:00-05,0.636,0.417,13026,2019-09-13 16:15:00
1118083,1118083,5679,2019-09-13 16:30:00-05,0.534,0.449,13027,2019-09-13 16:30:00
1118084,1118084,5679,2019-09-13 16:45:00-05,0.414,0.466,13028,2019-09-13 16:45:00
1118085,1118085,5679,2019-09-13 17:00:00-05,0.265,0.799,13029,2019-09-13 17:00:00
1118086,1118086,5679,2019-09-13 17:15:00-05,0.111,1.077,13030,2019-09-13 17:15:00
1118087,1118087,5679,2019-09-13 17:30:00-05,0.024,0.764,13031,2019-09-13 17:30:00
1118088,1118088,5679,2019-09-13 17:45:00-05,0.018,0.766,13032,2019-09-13 17:45:00
1118089,1118089,5679,2019-09-13 18:00:00-05,0.007,0.668,13033,2019-09-13 18:00:00
1118090,1118090,5679,2019-09-13 18:15:00-05,0.007,0.782,13034,2019-09-13 18:15:00
1118091,1118091,5679,2019-09-13 18:30:00-05,0.007,0.914,13035,2019-09-13 18:30:00
1118092,1118092,5679,2019-09-13 18:45:00-05,0.007,0.921,13036,2019-09-13 18:45:00
1118093,1118093,5679,2019-09-13 19:00:00-05,0.006,0.535,13037,2019-09-13 19:00:00
1118094,1118094,5679,2019-09-13 19:15:00-05,0.006,0.517,13038,2019-09-13 19:15:00
1118095,1118095,5679,2019-09-13 19:30:00-05,0.006,1.066,13039,2019-09-13 19:30:00
1118096,1118096,5679,2019-09-13 19:45:00-05,0.006,0.58,13040,2019-09-13 19:45:00
1118097,1118097,5679,2019-09-13 20:00:00-05,0.006,0.682,13041,2019-09-13 20:00:00
1118098,1118098,5679,2019-09-13 20:15:00-05,0.006,0.635,13042,2019-09-13 20:15:00
1118099,1118099,5679,2019-09-13 20:30:00-05,0.006,0.76,13043,2019-09-13 20:30:00
1118100,1118100,5679,2019-09-13 20:45:00-05,0.006,0.842,13044,2019-09-13 20:45:00
1118101,1118101,5679,2019-09-13 21:00:00-05,0.006,0.569,13045,2019-09-13 21:00:00
1118102,1118102,5679,2019-09-13 21:15:00-05,0.006,0.749,13046,2019-09-13 21:15:00
1118103,1118103,5679,2019-09-13 21:30:00-05,0.006,0.56,13047,2019-09-13 21:30:00
1118104,1118104,5679,2019-09-13 21:45:00-05,0.006,0.466,13048,2019-09-13 21:45:00
1118105,1118105,5679,2019-09-13 22:00:00-05,0.006,0.528,13049,2019-09-13 22:00:00
1118106,1118106,5679,2019-09-13 22:15:00-05,0.006,0.515,13050,2019-09-13 22:15:00
1118107,1118107,5679,2019-09-13 22:30:00-05,0.006,0.458,13051,2019-09-13 22:30:00
1118108,1118108,5679,2019-09-13 22:45:00-05,0.006,0.487,13052,2019-09-13 22:45:00
1118109,1118109,5679,2019-09-13 23:00:00-05,0.006,0.448,13053,2019-09-13 23:00:00
1118110,1118110,5679,2019-09-13 23:15:00-05,0.006,0.35,13054,2019-09-13 23:15:00
1118111,1118111,5679,2019-09-13 23:30:00-05,0.006,0.35,13055,2019-09-13 23:30:00
1118112,1118112,5679,2019-09-13 23:45:00-05,0.006,0.444,13056,2019-09-13 23:45:00
1118113,1118113,5679,2019-09-14 00:00:00-05,0.006,0.362,13057,2019-09-14 00:00:00
1118114,1118114,5679,2019-09-14 00:15:00-05,0.006,0.348,13058,2019-09-14 00:15:00
1118115,1118115,5679,2019-09-14 00:30:00-05,0.006,0.374,13059,2019-09-14 00:30:00
1118116,1118116,5679,2019-09-14 00:45:00-05,0.006,0.429,13060,2019-09-14 00:45:00
1118117,1118117,5679,2019-09-14 01:00:00-05,0.006,0.348,13061,2019-09-14 01:00:00
1118118,1118118,5679,2019-09-14 01:15:00-05,0.006,0.444,13062,2019-09-14 01:15:00
1118119,1118119,5679,2019-09-14 01:30:00-05,0.006,0.527,13063,2019-09-14 01:30:00
1118120,1118120,5679,2019-09-14 01:45:00-05,0.006,0.498,13064,2019-09-14 01:45:00
1118121,1118121,5679,2019-09-14 02:00:00-05,0.006,0.456,13065,2019-09-14 02:00:00
1118122,1118122,5679,2019-09-14 02:15:00-05,0.006,0.552,13066,2019-09-14 02:15:00
1118123,1118123,5679,2019-09-14 02:30:00-05,0.006,0.528,13067,2019-09-14 02:30:00
1118124,1118124,5679,2019-09-14 02:45:00-05,0.007,0.387,13068,2019-09-14 02:45:00
1118125,1118125,5679,2019-09-14 03:00:00-05,0.006,0.458,13069,2019-09-14 03:00:00
1118126,1118126,5679,2019-09-14 03:15:00-05,0.006,0.549,13070,2019-09-14 03:15:00
1118127,1118127,5679,2019-09-14 03:30:00-05,0.006,0.474,13071,2019-09-14 03:30:00
1118128,1118128,5679,2019-09-14 03:45:00-05,0.006,0.455,13072,2019-09-14 03:45:00
1118129,1118129,5679,2019-09-14 04:00:00-05,0.006,0.504,13073,2019-09-14 04:00:00
1118130,1118130,5679,2019-09-14 04:15:00-05,0.006,0.518,13074,2019-09-14 04:15:00
1118131,1118131,5679,2019-09-14 04:30:00-05,0.007,0.453,13075,2019-09-14 04:30:00
1118132,1118132,5679,2019-09-14 04:45:00-05,0.007,0.459,13076,2019-09-14 04:45:00
1118133,1118133,5679,2019-09-14 05:00:00-05,0.006,0.564,13077,2019-09-14 05:00:00
1118134,1118134,5679,2019-09-14 05:15:00-05,0.006,0.563,13078,2019-09-14 05:15:00
1118135,1118135,5679,2019-09-14 05:30:00-05,0.006,0.685,13079,2019-09-14 05:30:00
1118136,1118136,5679,2019-09-14 05:45:00-05,0.008,0.945,13080,2019-09-14 05:45:00
1118137,1118137,5679,2019-09-14 06:00:00-05,0.018,0.855,13081,2019-09-14 06:00:00
1118138,1118138,5679,2019-09-14 06:15:00-05,0.022,0.914,13082,2019-09-14 06:15:00
1118139,1118139,5679,2019-09-14 06:30:00-05,0.037,0.863,13083,2019-09-14 06:30:00
1118140,1118140,5679,2019-09-14 06:45:00-05,0.037,0.906,13084,2019-09-14 06:45:00
1118141,1118141,5679,2019-09-14 07:00:00-05,0.067,1.275,13085,2019-09-14 07:00:00
1118142,1118142,5679,2019-09-14 07:15:00-05,0.221,0.649,13086,2019-09-14 07:15:00
1118143,1118143,5679,2019-09-14 07:30:00-05,0.262,0.681,13087,2019-09-14 07:30:00
1118144,1118144,5679,2019-09-14 07:45:00-05,0.415,0.523,13088,2019-09-14 07:45:00
1118145,1118145,5679,2019-09-14 08:00:00-05,0.349,0.738,13089,2019-09-14 08:00:00
1118146,1118146,5679,2019-09-14 08:15:00-05,0.527,0.847,13090,2019-09-14 08:15:00
1118147,1118147,5679,2019-09-14 08:30:00-05,0.576,0.536,13091,2019-09-14 08:30:00
1118148,1118148,5679,2019-09-14 08:45:00-05,0.689,0.699,13092,2019-09-14 08:45:00
1118149,1118149,5679,2019-09-14 09:00:00-05,0.877,0.532,13093,2019-09-14 09:00:00
1118150,1118150,5679,2019-09-14 09:15:00-05,0.528,1.158,13094,2019-09-14 09:15:00
1118151,1118151,5679,2019-09-14 09:30:00-05,0.414,1.388,13095,2019-09-14 09:30:00
1118152,1118152,5679,2019-09-14 09:45:00-05,0.314,4.457,13096,2019-09-14 09:45:00
1118153,1118153,5679,2019-09-14 10:00:00-05,0.312,5.03,13097,2019-09-14 10:00:00
1118154,1118154,5679,2019-09-14 10:15:00-05,0.314,3.901,13098,2019-09-14 10:15:00
1118155,1118155,5679,2019-09-14 10:30:00-05,0.307,1.675,13099,2019-09-14 10:30:00
1118156,1118156,5679,2019-09-14 10:45:00-05,0.294,0.88,13100,2019-09-14 10:45:00
1118157,1118157,5679,2019-09-14 11:00:00-05,0.377,0.814,13101,2019-09-14 11:00:00
1118158,1118158,5679,2019-09-14 11:15:00-05,0.36,0.931,13102,2019-09-14 11:15:00
1118159,1118159,5679,2019-09-14 11:30:00-05,0.555,1.81,13103,2019-09-14 11:30:00
1118160,1118160,5679,2019-09-14 11:45:00-05,0.653,4.995,13104,2019-09-14 11:45:00
1118161,1118161,5679,2019-09-14 12:00:00-05,0.597,3.812,13105,2019-09-14 12:00:00
1118162,1118162,5679,2019-09-14 12:15:00-05,1.435,1.508,13106,2019-09-14 12:15:00
1118163,1118163,5679,2019-09-14 12:30:00-05,1.752,-0.971,13107,2019-09-14 12:30:00
1118164,1118164,5679,2019-09-14 12:45:00-05,1.47,-0.595,13108,2019-09-14 12:45:00
1118165,1118165,5679,2019-09-14 13:00:00-05,1.889,-1.028,13109,2019-09-14 13:00:00
1118166,1118166,5679,2019-09-14 13:15:00-05,2.124,-1.286,13110,2019-09-14 13:15:00
1118167,1118167,5679,2019-09-14 13:30:00-05,2.353,-1.019,13111,2019-09-14 13:30:00
1118168,1118168,5679,2019-09-14 13:45:00-05,2.395,-1.985,13112,2019-09-14 13:45:00
1118169,1118169,5679,2019-09-14 14:00:00-05,1.499,-1.152,13113,2019-09-14 14:00:00
1118170,1118170,5679,2019-09-14 14:15:00-05,1.517,-1.082,13114,2019-09-14 14:15:00
1118171,1118171,5679,2019-09-14 14:30:00-05,1.728,-1.183,13115,2019-09-14 14:30:00
1118172,1118172,5679,2019-09-14 14:45:00-05,1.174,-0.725,13116,2019-09-14 14:45:00
1118173,1118173,5679,2019-09-14 15:00:00-05,1.166,-0.753,13117,2019-09-14 15:00:00
1118174,1118174,5679,2019-09-14 15:15:00-05,0.992,-0.481,13118,2019-09-14 15:15:00
1118175,1118175,5679,2019-09-14 15:30:00-05,0.898,-0.556,13119,2019-09-14 15:30:00
1118176,1118176,5679,2019-09-14 15:45:00-05,0.884,-0.574,13120,2019-09-14 15:45:00
1118177,1118177,5679,2019-09-14 16:00:00-05,0.814,-0.414,13121,2019-09-14 16:00:00
1118178,1118178,5679,2019-09-14 16:15:00-05,0.441,-0.04,13122,2019-09-14 16:15:00
1118179,1118179,5679,2019-09-14 16:30:00-05,0.608,-0.186,13123,2019-09-14 16:30:00
1118180,1118180,5679,2019-09-14 16:45:00-05,0.367,0.221,13124,2019-09-14 16:45:00
1118181,1118181,5679,2019-09-14 17:00:00-05,0.263,0.704,13125,2019-09-14 17:00:00
1118182,1118182,5679,2019-09-14 17:15:00-05,0.227,0.683,13126,2019-09-14 17:15:00
1118183,1118183,5679,2019-09-14 17:30:00-05,0.201,1.002,13127,2019-09-14 17:30:00
1118184,1118184,5679,2019-09-14 17:45:00-05,0.126,1.086,13128,2019-09-14 17:45:00
1118185,1118185,5679,2019-09-14 18:00:00-05,0.038,0.587,13129,2019-09-14 18:00:00
1118186,1118186,5679,2019-09-14 18:15:00-05,0.009,0.51,13130,2019-09-14 18:15:00
1118187,1118187,5679,2019-09-14 18:30:00-05,0.006,0.503,13131,2019-09-14 18:30:00
1118188,1118188,5679,2019-09-14 18:45:00-05,0.006,0.528,13132,2019-09-14 18:45:00
1118189,1118189,5679,2019-09-14 19:00:00-05,0.006,0.369,13133,2019-09-14 19:00:00
1118190,1118190,5679,2019-09-14 19:15:00-05,0.006,0.37,13134,2019-09-14 19:15:00
1118191,1118191,5679,2019-09-14 19:30:00-05,0.006,0.453,13135,2019-09-14 19:30:00
1118192,1118192,5679,2019-09-14 19:45:00-05,0.006,0.414,13136,2019-09-14 19:45:00
1118193,1118193,5679,2019-09-14 20:00:00-05,0.006,0.374,13137,2019-09-14 20:00:00
1118194,1118194,5679,2019-09-14 20:15:00-05,0.006,0.418,13138,2019-09-14 20:15:00
1118195,1118195,5679,2019-09-14 20:30:00-05,0.006,0.454,13139,2019-09-14 20:30:00
1118196,1118196,5679,2019-09-14 20:45:00-05,0.006,0.342,13140,2019-09-14 20:45:00
1118197,1118197,5679,2019-09-14 21:00:00-05,0.006,0.315,13141,2019-09-14 21:00:00
1118198,1118198,5679,2019-09-14 21:15:00-05,0.006,0.356,13142,2019-09-14 21:15:00
1118199,1118199,5679,2019-09-14 21:30:00-05,0.006,0.249,13143,2019-09-14 21:30:00
1118200,1118200,5679,2019-09-14 21:45:00-05,0.006,0.25,13144,2019-09-14 21:45:00
1118201,1118201,5679,2019-09-14 22:00:00-05,0.006,0.273,13145,2019-09-14 22:00:00
1118202,1118202,5679,2019-09-14 22:15:00-05,0.007,0.242,13146,2019-09-14 22:15:00
1118203,1118203,5679,2019-09-14 22:30:00-05,0.007,0.169,13147,2019-09-14 22:30:00
1118204,1118204,5679,2019-09-14 22:45:00-05,0.007,0.169,13148,2019-09-14 22:45:00
1118205,1118205,5679,2019-09-14 23:00:00-05,0.007,0.27,13149,2019-09-14 23:00:00
1118206,1118206,5679,2019-09-14 23:15:00-05,0.006,0.314,13150,2019-09-14 23:15:00
1118207,1118207,5679,2019-09-14 23:30:00-05,0.006,0.416,13151,2019-09-14 23:30:00
1118208,1118208,5679,2019-09-14 23:45:00-05,0.007,0.193,13152,2019-09-14 23:45:00
1118209,1118209,5679,2019-09-15 00:00:00-05,0.007,0.32,13153,2019-09-15 00:00:00
1118210,1118210,5679,2019-09-15 00:15:00-05,0.007,0.281,13154,2019-09-15 00:15:00
1118211,1118211,5679,2019-09-15 00:30:00-05,0.007,0.28,13155,2019-09-15 00:30:00
1118212,1118212,5679,2019-09-15 00:45:00-05,0.006,0.373,13156,2019-09-15 00:45:00
1118213,1118213,5679,2019-09-15 01:00:00-05,0.007,0.294,13157,2019-09-15 01:00:00
1118214,1118214,5679,2019-09-15 01:15:00-05,0.007,0.279,13158,2019-09-15 01:15:00
1118215,1118215,5679,2019-09-15 01:30:00-05,0.007,0.328,13159,2019-09-15 01:30:00
1118216,1118216,5679,2019-09-15 01:45:00-05,0.007,0.338,13160,2019-09-15 01:45:00
1118217,1118217,5679,2019-09-15 02:00:00-05,0.007,0.275,13161,2019-09-15 02:00:00
1118218,1118218,5679,2019-09-15 02:15:00-05,0.007,0.303,13162,2019-09-15 02:15:00
1118219,1118219,5679,2019-09-15 02:30:00-05,0.007,0.43,13163,2019-09-15 02:30:00
1118220,1118220,5679,2019-09-15 02:45:00-05,0.007,0.386,13164,2019-09-15 02:45:00
1118221,1118221,5679,2019-09-15 03:00:00-05,0.007,0.318,13165,2019-09-15 03:00:00
1118222,1118222,5679,2019-09-15 03:15:00-05,0.007,0.388,13166,2019-09-15 03:15:00
1118223,1118223,5679,2019-09-15 03:30:00-05,0.007,0.408,13167,2019-09-15 03:30:00
1118224,1118224,5679,2019-09-15 03:45:00-05,0.007,0.289,13168,2019-09-15 03:45:00
1118225,1118225,5679,2019-09-15 04:00:00-05,0.007,0.339,13169,2019-09-15 04:00:00
1118226,1118226,5679,2019-09-15 04:15:00-05,0.007,0.338,13170,2019-09-15 04:15:00
1118227,1118227,5679,2019-09-15 04:30:00-05,0.007,0.37,13171,2019-09-15 04:30:00
1118228,1118228,5679,2019-09-15 04:45:00-05,0.007,0.379,13172,2019-09-15 04:45:00
1118229,1118229,5679,2019-09-15 05:00:00-05,0.007,0.323,13173,2019-09-15 05:00:00
1118230,1118230,5679,2019-09-15 05:15:00-05,0.007,0.313,13174,2019-09-15 05:15:00
1118231,1118231,5679,2019-09-15 05:30:00-05,0.007,0.296,13175,2019-09-15 05:30:00
1118232,1118232,5679,2019-09-15 05:45:00-05,0.017,0.888,13176,2019-09-15 05:45:00
1118233,1118233,5679,2019-09-15 06:00:00-05,0.042,0.479,13177,2019-09-15 06:00:00
1118234,1118234,5679,2019-09-15 06:15:00-05,0.066,0.331,13178,2019-09-15 06:15:00
1118235,1118235,5679,2019-09-15 06:30:00-05,0.089,0.306,13179,2019-09-15 06:30:00
1118236,1118236,5679,2019-09-15 06:45:00-05,0.117,0.362,13180,2019-09-15 06:45:00
1118237,1118237,5679,2019-09-15 07:00:00-05,0.154,0.717,13181,2019-09-15 07:00:00
1118238,1118238,5679,2019-09-15 07:15:00-05,0.192,0.209,13182,2019-09-15 07:15:00
1118239,1118239,5679,2019-09-15 07:30:00-05,0.24,0.188,13183,2019-09-15 07:30:00
1118240,1118240,5679,2019-09-15 07:45:00-05,0.348,0.195,13184,2019-09-15 07:45:00
1118241,1118241,5679,2019-09-15 08:00:00-05,0.632,0.276,13185,2019-09-15 08:00:00
1118242,1118242,5679,2019-09-15 08:15:00-05,0.898,-0.468,13186,2019-09-15 08:15:00
1118243,1118243,5679,2019-09-15 08:30:00-05,1.158,-0.637,13187,2019-09-15 08:30:00
1118244,1118244,5679,2019-09-15 08:45:00-05,1.614,-1.286,13188,2019-09-15 08:45:00
1118245,1118245,5679,2019-09-15 09:00:00-05,1.921,-1.625,13189,2019-09-15 09:00:00
1118246,1118246,5679,2019-09-15 09:15:00-05,2.367,-2.056,13190,2019-09-15 09:15:00
1118247,1118247,5679,2019-09-15 09:30:00-05,2.693,-2.319,13191,2019-09-15 09:30:00
1118248,1118248,5679,2019-09-15 09:45:00-05,2.203,-1.935,13192,2019-09-15 09:45:00
1118249,1118249,5679,2019-09-15 10:00:00-05,1.83,-1.561,13193,2019-09-15 10:00:00
1118250,1118250,5679,2019-09-15 10:15:00-05,2.125,-1.713,13194,2019-09-15 10:15:00
1118251,1118251,5679,2019-09-15 10:30:00-05,2.873,-2.426,13195,2019-09-15 10:30:00
1118252,1118252,5679,2019-09-15 10:45:00-05,3.054,-2.681,13196,2019-09-15 10:45:00
1118253,1118253,5679,2019-09-15 11:00:00-05,2.161,-1.787,13197,2019-09-15 11:00:00
1118254,1118254,5679,2019-09-15 11:15:00-05,1.719,-1.245,13198,2019-09-15 11:15:00
1118255,1118255,5679,2019-09-15 11:30:00-05,3.304,-2.922,13199,2019-09-15 11:30:00
1118256,1118256,5679,2019-09-15 11:45:00-05,3.7,-3.334,13200,2019-09-15 11:45:00
1118257,1118257,5679,2019-09-15 12:00:00-05,3.653,-3.214,13201,2019-09-15 12:00:00
1118258,1118258,5679,2019-09-15 12:15:00-05,4.113,-3.7,13202,2019-09-15 12:15:00
1118259,1118259,5679,2019-09-15 12:30:00-05,2.617,-2.246,13203,2019-09-15 12:30:00
1118260,1118260,5679,2019-09-15 12:45:00-05,1.963,-1.663,13204,2019-09-15 12:45:00
1118261,1118261,5679,2019-09-15 13:00:00-05,1.43,-1.066,13205,2019-09-15 13:00:00
1118262,1118262,5679,2019-09-15 13:15:00-05,0.849,-0.579,13206,2019-09-15 13:15:00
1118263,1118263,5679,2019-09-15 13:30:00-05,0.922,-0.652,13207,2019-09-15 13:30:00
1118264,1118264,5679,2019-09-15 13:45:00-05,0.786,-0.453,13208,2019-09-15 13:45:00
1118265,1118265,5679,2019-09-15 14:00:00-05,0.579,-0.256,13209,2019-09-15 14:00:00
1118266,1118266,5679,2019-09-15 14:15:00-05,0.432,-0.157,13210,2019-09-15 14:15:00
1118267,1118267,5679,2019-09-15 14:30:00-05,0.395,-0.031,13211,2019-09-15 14:30:00
1118268,1118268,5679,2019-09-15 14:45:00-05,0.542,-0.033,13212,2019-09-15 14:45:00
1118269,1118269,5679,2019-09-15 15:00:00-05,0.457,-0.091,13213,2019-09-15 15:00:00
1118270,1118270,5679,2019-09-15 15:15:00-05,0.124,0.277,13214,2019-09-15 15:15:00
1118271,1118271,5679,2019-09-15 15:30:00-05,0.503,-0.079,13215,2019-09-15 15:30:00
1118272,1118272,5679,2019-09-15 15:45:00-05,0.504,-0.021,13216,2019-09-15 15:45:00
1118273,1118273,5679,2019-09-15 16:00:00-05,0.277,7.045,13217,2019-09-15 16:00:00
1118274,1118274,5679,2019-09-15 16:15:00-05,0.229,7.028,13218,2019-09-15 16:15:00
1118275,1118275,5679,2019-09-15 16:30:00-05,0.268,7.087,13219,2019-09-15 16:30:00
1118276,1118276,5679,2019-09-15 16:45:00-05,0.229,6.959,13220,2019-09-15 16:45:00
1118277,1118277,5679,2019-09-15 17:00:00-05,0.142,7.0,13221,2019-09-15 17:00:00
1118278,1118278,5679,2019-09-15 17:15:00-05,0.09,4.736,13222,2019-09-15 17:15:00
1118279,1118279,5679,2019-09-15 17:30:00-05,0.039,0.31,13223,2019-09-15 17:30:00
1118280,1118280,5679,2019-09-15 17:45:00-05,0.033,0.241,13224,2019-09-15 17:45:00
1118281,1118281,5679,2019-09-15 18:00:00-05,0.009,0.233,13225,2019-09-15 18:00:00
1118282,1118282,5679,2019-09-15 18:15:00-05,0.006,0.301,13226,2019-09-15 18:15:00
1118283,1118283,5679,2019-09-15 18:30:00-05,0.006,0.257,13227,2019-09-15 18:30:00
1118284,1118284,5679,2019-09-15 18:45:00-05,0.006,0.272,13228,2019-09-15 18:45:00
1118285,1118285,5679,2019-09-15 19:00:00-05,0.006,0.296,13229,2019-09-15 19:00:00
1118286,1118286,5679,2019-09-15 19:15:00-05,0.006,0.61,13230,2019-09-15 19:15:00
1118287,1118287,5679,2019-09-15 19:30:00-05,0.006,0.38,13231,2019-09-15 19:30:00
1118288,1118288,5679,2019-09-15 19:45:00-05,0.006,0.518,13232,2019-09-15 19:45:00
1118289,1118289,5679,2019-09-15 20:00:00-05,0.006,0.531,13233,2019-09-15 20:00:00
1118290,1118290,5679,2019-09-15 20:15:00-05,0.006,0.396,13234,2019-09-15 20:15:00
1118291,1118291,5679,2019-09-15 20:30:00-05,0.006,0.53,13235,2019-09-15 20:30:00
1118292,1118292,5679,2019-09-15 20:45:00-05,0.006,0.252,13236,2019-09-15 20:45:00
1118293,1118293,5679,2019-09-15 21:00:00-05,0.006,0.388,13237,2019-09-15 21:00:00
1118294,1118294,5679,2019-09-15 21:15:00-05,0.006,0.519,13238,2019-09-15 21:15:00
1118295,1118295,5679,2019-09-15 21:30:00-05,0.006,0.354,13239,2019-09-15 21:30:00
1118296,1118296,5679,2019-09-15 21:45:00-05,0.006,0.333,13240,2019-09-15 21:45:00
1118297,1118297,5679,2019-09-15 22:00:00-05,0.006,0.416,13241,2019-09-15 22:00:00
1118298,1118298,5679,2019-09-15 22:15:00-05,0.006,0.388,13242,2019-09-15 22:15:00
1118299,1118299,5679,2019-09-15 22:30:00-05,0.006,0.333,13243,2019-09-15 22:30:00
1118300,1118300,5679,2019-09-15 22:45:00-05,0.006,0.37,13244,2019-09-15 22:45:00
1118301,1118301,5679,2019-09-15 23:00:00-05,0.006,0.42,13245,2019-09-15 23:00:00
1118302,1118302,5679,2019-09-15 23:15:00-05,0.006,0.333,13246,2019-09-15 23:15:00
1118303,1118303,5679,2019-09-15 23:30:00-05,0.006,0.332,13247,2019-09-15 23:30:00
1118304,1118304,5679,2019-09-15 23:45:00-05,0.006,0.436,13248,2019-09-15 23:45:00
1118305,1118305,5679,2019-09-16 00:00:00-05,0.007,0.318,13249,2019-09-16 00:00:00
1118306,1118306,5679,2019-09-16 00:15:00-05,0.007,0.231,13250,2019-09-16 00:15:00
1118307,1118307,5679,2019-09-16 00:30:00-05,0.007,0.279,13251,2019-09-16 00:30:00
1118308,1118308,5679,2019-09-16 00:45:00-05,0.007,0.289,13252,2019-09-16 00:45:00
1118309,1118309,5679,2019-09-16 01:00:00-05,0.007,0.336,13253,2019-09-16 01:00:00
1118310,1118310,5679,2019-09-16 01:15:00-05,0.007,0.337,13254,2019-09-16 01:15:00
1118311,1118311,5679,2019-09-16 01:30:00-05,0.007,0.33,13255,2019-09-16 01:30:00
1118312,1118312,5679,2019-09-16 01:45:00-05,0.007,0.23,13256,2019-09-16 01:45:00
1118313,1118313,5679,2019-09-16 02:00:00-05,0.007,0.225,13257,2019-09-16 02:00:00
1118314,1118314,5679,2019-09-16 02:15:00-05,0.007,0.35,13258,2019-09-16 02:15:00
1118315,1118315,5679,2019-09-16 02:30:00-05,0.007,0.423,13259,2019-09-16 02:30:00
1118316,1118316,5679,2019-09-16 02:45:00-05,0.007,0.335,13260,2019-09-16 02:45:00
1118317,1118317,5679,2019-09-16 03:00:00-05,0.007,0.366,13261,2019-09-16 03:00:00
1118318,1118318,5679,2019-09-16 03:15:00-05,0.006,0.565,13262,2019-09-16 03:15:00
1118319,1118319,5679,2019-09-16 03:30:00-05,0.006,0.462,13263,2019-09-16 03:30:00
1118320,1118320,5679,2019-09-16 03:45:00-05,0.007,0.449,13264,2019-09-16 03:45:00
1118321,1118321,5679,2019-09-16 04:00:00-05,0.006,0.518,13265,2019-09-16 04:00:00
1118322,1118322,5679,2019-09-16 04:15:00-05,0.006,0.497,13266,2019-09-16 04:15:00
1118323,1118323,5679,2019-09-16 04:30:00-05,0.007,0.406,13267,2019-09-16 04:30:00
1118324,1118324,5679,2019-09-16 04:45:00-05,0.007,0.345,13268,2019-09-16 04:45:00
1118325,1118325,5679,2019-09-16 05:00:00-05,0.006,1.109,13269,2019-09-16 05:00:00
1118326,1118326,5679,2019-09-16 05:15:00-05,0.006,0.921,13270,2019-09-16 05:15:00
1118327,1118327,5679,2019-09-16 05:30:00-05,0.006,0.943,13271,2019-09-16 05:30:00
1118328,1118328,5679,2019-09-16 05:45:00-05,0.006,1.135,13272,2019-09-16 05:45:00
1118329,1118329,5679,2019-09-16 06:00:00-05,0.017,0.968,13273,2019-09-16 06:00:00
1118330,1118330,5679,2019-09-16 06:15:00-05,0.036,1.1,13274,2019-09-16 06:15:00
1118331,1118331,5679,2019-09-16 06:30:00-05,0.095,0.826,13275,2019-09-16 06:30:00
1118332,1118332,5679,2019-09-16 06:45:00-05,0.141,0.932,13276,2019-09-16 06:45:00
1118333,1118333,5679,2019-09-16 07:00:00-05,0.206,0.75,13277,2019-09-16 07:00:00
1118334,1118334,5679,2019-09-16 07:15:00-05,0.143,0.824,13278,2019-09-16 07:15:00
1118335,1118335,5679,2019-09-16 07:30:00-05,0.159,0.832,13279,2019-09-16 07:30:00
1118336,1118336,5679,2019-09-16 07:45:00-05,0.202,0.71,13280,2019-09-16 07:45:00
1118337,1118337,5679,2019-09-16 08:00:00-05,0.311,0.566,13281,2019-09-16 08:00:00
1118338,1118338,5679,2019-09-16 08:15:00-05,0.197,0.751,13282,2019-09-16 08:15:00
1118339,1118339,5679,2019-09-16 08:30:00-05,0.272,0.665,13283,2019-09-16 08:30:00
1118340,1118340,5679,2019-09-16 08:45:00-05,0.511,0.372,13284,2019-09-16 08:45:00
1118341,1118341,5679,2019-09-16 09:00:00-05,0.545,0.38,13285,2019-09-16 09:00:00
1118342,1118342,5679,2019-09-16 09:15:00-05,0.624,0.307,13286,2019-09-16 09:15:00
1118343,1118343,5679,2019-09-16 09:30:00-05,0.475,0.294,13287,2019-09-16 09:30:00
1118344,1118344,5679,2019-09-16 09:45:00-05,0.669,0.1,13288,2019-09-16 09:45:00
1118345,1118345,5679,2019-09-16 10:00:00-05,0.589,0.292,13289,2019-09-16 10:00:00
1118346,1118346,5679,2019-09-16 10:15:00-05,0.835,-0.044,13290,2019-09-16 10:15:00
1118347,1118347,5679,2019-09-16 10:30:00-05,1.75,-0.875,13291,2019-09-16 10:30:00
1118348,1118348,5679,2019-09-16 10:45:00-05,1.969,-1.053,13292,2019-09-16 10:45:00
1118349,1118349,5679,2019-09-16 11:00:00-05,1.061,-0.291,13293,2019-09-16 11:00:00
1118350,1118350,5679,2019-09-16 11:15:00-05,1.034,-0.275,13294,2019-09-16 11:15:00
1118351,1118351,5679,2019-09-16 11:30:00-05,1.096,-0.224,13295,2019-09-16 11:30:00
1118352,1118352,5679,2019-09-16 11:45:00-05,1.346,-0.428,13296,2019-09-16 11:45:00
1118353,1118353,5679,2019-09-16 12:00:00-05,1.196,-0.346,13297,2019-09-16 12:00:00
1118354,1118354,5679,2019-09-16 12:15:00-05,2.139,-1.208,13298,2019-09-16 12:15:00
1118355,1118355,5679,2019-09-16 12:30:00-05,3.604,-2.485,13299,2019-09-16 12:30:00
1118356,1118356,5679,2019-09-16 12:45:00-05,3.792,-2.627,13300,2019-09-16 12:45:00
1118357,1118357,5679,2019-09-16 13:00:00-05,3.223,-2.731,13301,2019-09-16 13:00:00
1118358,1118358,5679,2019-09-16 13:15:00-05,2.987,-2.456,13302,2019-09-16 13:15:00
1118359,1118359,5679,2019-09-16 13:30:00-05,2.637,-2.219,13303,2019-09-16 13:30:00
1118360,1118360,5679,2019-09-16 13:45:00-05,2.263,-1.859,13304,2019-09-16 13:45:00
1118361,1118361,5679,2019-09-16 14:00:00-05,1.999,-1.487,13305,2019-09-16 14:00:00
1118362,1118362,5679,2019-09-16 14:15:00-05,1.869,-1.566,13306,2019-09-16 14:15:00
1118363,1118363,5679,2019-09-16 14:30:00-05,1.632,-1.36,13307,2019-09-16 14:30:00
1118364,1118364,5679,2019-09-16 14:45:00-05,1.456,-1.091,13308,2019-09-16 14:45:00
1118365,1118365,5679,2019-09-16 15:00:00-05,1.349,-1.028,13309,2019-09-16 15:00:00
1118366,1118366,5679,2019-09-16 15:15:00-05,1.021,-0.693,13310,2019-09-16 15:15:00
1118367,1118367,5679,2019-09-16 15:30:00-05,1.016,-0.635,13311,2019-09-16 15:30:00
1118368,1118368,5679,2019-09-16 15:45:00-05,0.824,-0.371,13312,2019-09-16 15:45:00
1118369,1118369,5679,2019-09-16 16:00:00-05,0.637,-0.183,13313,2019-09-16 16:00:00
1118370,1118370,5679,2019-09-16 16:15:00-05,0.458,-0.164,13314,2019-09-16 16:15:00
1118371,1118371,5679,2019-09-16 16:30:00-05,0.464,0.079,13315,2019-09-16 16:30:00
1118372,1118372,5679,2019-09-16 16:45:00-05,0.241,0.49,13316,2019-09-16 16:45:00
1118373,1118373,5679,2019-09-16 17:00:00-05,0.187,0.242,13317,2019-09-16 17:00:00
1118374,1118374,5679,2019-09-16 17:15:00-05,0.181,0.463,13318,2019-09-16 17:15:00
1118375,1118375,5679,2019-09-16 17:30:00-05,0.094,0.234,13319,2019-09-16 17:30:00
1118376,1118376,5679,2019-09-16 17:45:00-05,0.046,5.455,13320,2019-09-16 17:45:00
1118377,1118377,5679,2019-09-16 18:00:00-05,0.009,7.616,13321,2019-09-16 18:00:00
1118378,1118378,5679,2019-09-16 18:15:00-05,-0.001,7.375,13322,2019-09-16 18:15:00
1118379,1118379,5679,2019-09-16 18:30:00-05,-0.001,7.292,13323,2019-09-16 18:30:00
1118380,1118380,5679,2019-09-16 18:45:00-05,-0.001,7.328,13324,2019-09-16 18:45:00
1118381,1118381,5679,2019-09-16 19:00:00-05,-0.001,7.392,13325,2019-09-16 19:00:00
1118382,1118382,5679,2019-09-16 19:15:00-05,-0.001,7.198,13326,2019-09-16 19:15:00
1118383,1118383,5679,2019-09-16 19:30:00-05,0.004,1.425,13327,2019-09-16 19:30:00
1118384,1118384,5679,2019-09-16 19:45:00-05,0.005,0.64,13328,2019-09-16 19:45:00
1118385,1118385,5679,2019-09-16 20:00:00-05,0.005,0.515,13329,2019-09-16 20:00:00
1118386,1118386,5679,2019-09-16 20:15:00-05,0.005,0.532,13330,2019-09-16 20:15:00
1118387,1118387,5679,2019-09-16 20:30:00-05,0.006,0.653,13331,2019-09-16 20:30:00
1118388,1118388,5679,2019-09-16 20:45:00-05,0.006,0.556,13332,2019-09-16 20:45:00
1118389,1118389,5679,2019-09-16 21:00:00-05,0.006,0.466,13333,2019-09-16 21:00:00
1118390,1118390,5679,2019-09-16 21:15:00-05,0.006,0.415,13334,2019-09-16 21:15:00
1118391,1118391,5679,2019-09-16 21:30:00-05,0.006,0.398,13335,2019-09-16 21:30:00
1118392,1118392,5679,2019-09-16 21:45:00-05,0.006,0.305,13336,2019-09-16 21:45:00
1118393,1118393,5679,2019-09-16 22:00:00-05,0.006,0.283,13337,2019-09-16 22:00:00
1118394,1118394,5679,2019-09-16 22:15:00-05,0.006,0.385,13338,2019-09-16 22:15:00
1118395,1118395,5679,2019-09-16 22:30:00-05,0.006,0.282,13339,2019-09-16 22:30:00
1118396,1118396,5679,2019-09-16 22:45:00-05,0.006,0.28,13340,2019-09-16 22:45:00
1118397,1118397,5679,2019-09-16 23:00:00-05,0.006,0.339,13341,2019-09-16 23:00:00
1118398,1118398,5679,2019-09-16 23:15:00-05,0.006,0.363,13342,2019-09-16 23:15:00
1118399,1118399,5679,2019-09-16 23:30:00-05,0.006,0.393,13343,2019-09-16 23:30:00
1118400,1118400,5679,2019-09-16 23:45:00-05,0.006,0.396,13344,2019-09-16 23:45:00
1118401,1118401,5679,2019-09-17 00:00:00-05,0.006,0.489,13345,2019-09-17 00:00:00
1118402,1118402,5679,2019-09-17 00:15:00-05,0.006,0.386,13346,2019-09-17 00:15:00
1118403,1118403,5679,2019-09-17 00:30:00-05,0.007,0.397,13347,2019-09-17 00:30:00
1118404,1118404,5679,2019-09-17 00:45:00-05,0.006,0.499,13348,2019-09-17 00:45:00
1118405,1118405,5679,2019-09-17 01:00:00-05,0.007,0.395,13349,2019-09-17 01:00:00
1118406,1118406,5679,2019-09-17 01:15:00-05,0.007,0.383,13350,2019-09-17 01:15:00
1118407,1118407,5679,2019-09-17 01:30:00-05,0.007,0.534,13351,2019-09-17 01:30:00
1118408,1118408,5679,2019-09-17 01:45:00-05,0.006,0.619,13352,2019-09-17 01:45:00
1118409,1118409,5679,2019-09-17 02:00:00-05,0.007,0.487,13353,2019-09-17 02:00:00
1118410,1118410,5679,2019-09-17 02:15:00-05,0.007,0.255,13354,2019-09-17 02:15:00
1118411,1118411,5679,2019-09-17 02:30:00-05,0.007,0.367,13355,2019-09-17 02:30:00
1118412,1118412,5679,2019-09-17 02:45:00-05,0.007,0.288,13356,2019-09-17 02:45:00
1118413,1118413,5679,2019-09-17 03:00:00-05,0.007,0.284,13357,2019-09-17 03:00:00
1118414,1118414,5679,2019-09-17 03:15:00-05,0.007,0.371,13358,2019-09-17 03:15:00
1118415,1118415,5679,2019-09-17 03:30:00-05,0.007,0.298,13359,2019-09-17 03:30:00
1118416,1118416,5679,2019-09-17 03:45:00-05,0.007,0.281,13360,2019-09-17 03:45:00
1118417,1118417,5679,2019-09-17 04:00:00-05,0.007,0.29,13361,2019-09-17 04:00:00
1118418,1118418,5679,2019-09-17 04:15:00-05,0.006,0.725,13362,2019-09-17 04:15:00
1118419,1118419,5679,2019-09-17 04:30:00-05,0.007,0.388,13363,2019-09-17 04:30:00
1118420,1118420,5679,2019-09-17 04:45:00-05,0.006,1.062,13364,2019-09-17 04:45:00
1118421,1118421,5679,2019-09-17 05:00:00-05,0.006,0.59,13365,2019-09-17 05:00:00
1118422,1118422,5679,2019-09-17 05:15:00-05,0.007,0.459,13366,2019-09-17 05:15:00
1118423,1118423,5679,2019-09-17 05:30:00-05,0.007,0.435,13367,2019-09-17 05:30:00
1118424,1118424,5679,2019-09-17 05:45:00-05,0.012,0.923,13368,2019-09-17 05:45:00
1118425,1118425,5679,2019-09-17 06:00:00-05,0.032,0.59,13369,2019-09-17 06:00:00
1118426,1118426,5679,2019-09-17 06:15:00-05,0.053,0.565,13370,2019-09-17 06:15:00
1118427,1118427,5679,2019-09-17 06:30:00-05,0.074,0.35,13371,2019-09-17 06:30:00
1118428,1118428,5679,2019-09-17 06:45:00-05,0.101,0.251,13372,2019-09-17 06:45:00
1118429,1118429,5679,2019-09-17 07:00:00-05,0.135,0.366,13373,2019-09-17 07:00:00
1118430,1118430,5679,2019-09-17 07:15:00-05,0.173,0.067,13374,2019-09-17 07:15:00
1118431,1118431,5679,2019-09-17 07:30:00-05,0.217,-0.023,13375,2019-09-17 07:30:00
1118432,1118432,5679,2019-09-17 07:45:00-05,0.321,-0.054,13376,2019-09-17 07:45:00
1118433,1118433,5679,2019-09-17 08:00:00-05,0.589,-0.354,13377,2019-09-17 08:00:00
1118434,1118434,5679,2019-09-17 08:15:00-05,0.823,-0.62,13378,2019-09-17 08:15:00
1118435,1118435,5679,2019-09-17 08:30:00-05,1.099,-0.893,13379,2019-09-17 08:30:00
1118436,1118436,5679,2019-09-17 08:45:00-05,1.602,-1.293,13380,2019-09-17 08:45:00
1118437,1118437,5679,2019-09-17 09:00:00-05,1.972,-1.624,13381,2019-09-17 09:00:00
1118438,1118438,5679,2019-09-17 09:15:00-05,2.384,-1.97,13382,2019-09-17 09:15:00
1118439,1118439,5679,2019-09-17 09:30:00-05,2.577,-2.106,13383,2019-09-17 09:30:00
1118440,1118440,5679,2019-09-17 09:45:00-05,2.653,-1.984,13384,2019-09-17 09:45:00
1118441,1118441,5679,2019-09-17 10:00:00-05,2.59,-2.182,13385,2019-09-17 10:00:00
1118442,1118442,5679,2019-09-17 10:15:00-05,2.707,-2.273,13386,2019-09-17 10:15:00
1118443,1118443,5679,2019-09-17 10:30:00-05,3.072,-2.577,13387,2019-09-17 10:30:00
1118444,1118444,5679,2019-09-17 10:45:00-05,3.586,-3.157,13388,2019-09-17 10:45:00
1118445,1118445,5679,2019-09-17 11:00:00-05,3.9,-3.505,13389,2019-09-17 11:00:00
1118446,1118446,5679,2019-09-17 11:15:00-05,3.993,-3.516,13390,2019-09-17 11:15:00
1118447,1118447,5679,2019-09-17 11:30:00-05,4.068,-3.776,13391,2019-09-17 11:30:00
1118448,1118448,5679,2019-09-17 11:45:00-05,4.122,-3.664,13392,2019-09-17 11:45:00
1118449,1118449,5679,2019-09-17 12:00:00-05,4.166,-3.376,13393,2019-09-17 12:00:00
1118450,1118450,5679,2019-09-17 12:15:00-05,4.04,-3.708,13394,2019-09-17 12:15:00
1118451,1118451,5679,2019-09-17 12:30:00-05,4.043,-3.757,13395,2019-09-17 12:30:00
1118452,1118452,5679,2019-09-17 12:45:00-05,3.795,-3.48,13396,2019-09-17 12:45:00
1118453,1118453,5679,2019-09-17 13:00:00-05,3.159,-2.823,13397,2019-09-17 13:00:00
1118454,1118454,5679,2019-09-17 13:15:00-05,2.913,-2.744,13398,2019-09-17 13:15:00
1118455,1118455,5679,2019-09-17 13:30:00-05,2.599,-2.384,13399,2019-09-17 13:30:00
1118456,1118456,5679,2019-09-17 13:45:00-05,2.213,-1.889,13400,2019-09-17 13:45:00
1118457,1118457,5679,2019-09-17 14:00:00-05,1.967,-1.512,13401,2019-09-17 14:00:00
1118458,1118458,5679,2019-09-17 14:15:00-05,1.792,-1.395,13402,2019-09-17 14:15:00
1118459,1118459,5679,2019-09-17 14:30:00-05,1.585,-1.074,13403,2019-09-17 14:30:00
1118460,1118460,5679,2019-09-17 14:45:00-05,1.429,-0.924,13404,2019-09-17 14:45:00
1118461,1118461,5679,2019-09-17 15:00:00-05,1.309,-0.837,13405,2019-09-17 15:00:00
1118462,1118462,5679,2019-09-17 15:15:00-05,1.122,-0.69,13406,2019-09-17 15:15:00
1118463,1118463,5679,2019-09-17 15:30:00-05,1.264,-0.704,13407,2019-09-17 15:30:00
1118464,1118464,5679,2019-09-17 15:45:00-05,0.777,-0.25,13408,2019-09-17 15:45:00
1118465,1118465,5679,2019-09-17 16:00:00-05,0.894,-0.061,13409,2019-09-17 16:00:00
1118466,1118466,5679,2019-09-17 16:15:00-05,0.441,0.083,13410,2019-09-17 16:15:00
1118467,1118467,5679,2019-09-17 16:30:00-05,0.473,0.292,13411,2019-09-17 16:30:00
1118468,1118468,5679,2019-09-17 16:45:00-05,0.242,0.168,13412,2019-09-17 16:45:00
1118469,1118469,5679,2019-09-17 17:00:00-05,0.157,0.338,13413,2019-09-17 17:00:00
1118470,1118470,5679,2019-09-17 17:15:00-05,0.115,0.472,13414,2019-09-17 17:15:00
1118471,1118471,5679,2019-09-17 17:30:00-05,0.076,0.4,13415,2019-09-17 17:30:00
1118472,1118472,5679,2019-09-17 17:45:00-05,0.043,0.431,13416,2019-09-17 17:45:00
1118473,1118473,5679,2019-09-17 18:00:00-05,0.014,0.522,13417,2019-09-17 18:00:00
1118474,1118474,5679,2019-09-17 18:15:00-05,0.005,0.942,13418,2019-09-17 18:15:00
1118475,1118475,5679,2019-09-17 18:30:00-05,0.005,1.681,13419,2019-09-17 18:30:00
1118476,1118476,5679,2019-09-17 18:45:00-05,0.006,0.985,13420,2019-09-17 18:45:00
1118477,1118477,5679,2019-09-17 19:00:00-05,0.006,0.57,13421,2019-09-17 19:00:00
1118478,1118478,5679,2019-09-17 19:15:00-05,0.006,0.382,13422,2019-09-17 19:15:00
1118479,1118479,5679,2019-09-17 19:30:00-05,0.006,0.371,13423,2019-09-17 19:30:00
1118480,1118480,5679,2019-09-17 19:45:00-05,0.006,0.461,13424,2019-09-17 19:45:00
1118481,1118481,5679,2019-09-17 20:00:00-05,0.006,0.417,13425,2019-09-17 20:00:00
1118482,1118482,5679,2019-09-17 20:15:00-05,0.006,0.597,13426,2019-09-17 20:15:00
1118483,1118483,5679,2019-09-17 20:30:00-05,0.006,0.615,13427,2019-09-17 20:30:00
1118484,1118484,5679,2019-09-17 20:45:00-05,0.006,0.612,13428,2019-09-17 20:45:00
1118485,1118485,5679,2019-09-17 21:00:00-05,0.006,0.474,13429,2019-09-17 21:00:00
1118486,1118486,5679,2019-09-17 21:15:00-05,0.006,0.472,13430,2019-09-17 21:15:00
1118487,1118487,5679,2019-09-17 21:30:00-05,0.006,0.579,13431,2019-09-17 21:30:00
1118488,1118488,5679,2019-09-17 21:45:00-05,0.006,0.402,13432,2019-09-17 21:45:00
1118489,1118489,5679,2019-09-17 22:00:00-05,0.006,0.388,13433,2019-09-17 22:00:00
1118490,1118490,5679,2019-09-17 22:15:00-05,0.006,0.452,13434,2019-09-17 22:15:00
1118491,1118491,5679,2019-09-17 22:30:00-05,0.006,0.429,13435,2019-09-17 22:30:00
1118492,1118492,5679,2019-09-17 22:45:00-05,0.007,0.24,13436,2019-09-17 22:45:00
1118493,1118493,5679,2019-09-17 23:00:00-05,0.007,0.192,13437,2019-09-17 23:00:00
1118494,1118494,5679,2019-09-17 23:15:00-05,0.007,0.258,13438,2019-09-17 23:15:00
1118495,1118495,5679,2019-09-17 23:30:00-05,0.007,0.172,13439,2019-09-17 23:30:00
1118496,1118496,5679,2019-09-17 23:45:00-05,0.007,0.172,13440,2019-09-17 23:45:00
1118497,1118497,5679,2019-09-18 00:00:00-05,0.007,0.239,13441,2019-09-18 00:00:00
1118498,1118498,5679,2019-09-18 00:15:00-05,0.007,0.2,13442,2019-09-18 00:15:00
1118499,1118499,5679,2019-09-18 00:30:00-05,0.007,0.171,13443,2019-09-18 00:30:00
1118500,1118500,5679,2019-09-18 00:45:00-05,0.007,0.173,13444,2019-09-18 00:45:00
1118501,1118501,5679,2019-09-18 01:00:00-05,0.007,0.297,13445,2019-09-18 01:00:00
1118502,1118502,5679,2019-09-18 01:15:00-05,0.007,0.381,13446,2019-09-18 01:15:00
1118503,1118503,5679,2019-09-18 01:30:00-05,0.007,0.405,13447,2019-09-18 01:30:00
1118504,1118504,5679,2019-09-18 01:45:00-05,0.007,0.39,13448,2019-09-18 01:45:00
1118505,1118505,5679,2019-09-18 02:00:00-05,0.007,0.441,13449,2019-09-18 02:00:00
1118506,1118506,5679,2019-09-18 02:15:00-05,0.007,0.4,13450,2019-09-18 02:15:00
1118507,1118507,5679,2019-09-18 02:30:00-05,0.007,0.419,13451,2019-09-18 02:30:00
1118508,1118508,5679,2019-09-18 02:45:00-05,0.007,0.488,13452,2019-09-18 02:45:00
1118509,1118509,5679,2019-09-18 03:00:00-05,0.007,0.395,13453,2019-09-18 03:00:00
1118510,1118510,5679,2019-09-18 03:15:00-05,0.007,0.396,13454,2019-09-18 03:15:00
1118511,1118511,5679,2019-09-18 03:30:00-05,0.007,0.46,13455,2019-09-18 03:30:00
1118512,1118512,5679,2019-09-18 03:45:00-05,0.007,0.295,13456,2019-09-18 03:45:00
1118513,1118513,5679,2019-09-18 04:00:00-05,0.007,0.374,13457,2019-09-18 04:00:00
1118514,1118514,5679,2019-09-18 04:15:00-05,0.007,0.453,13458,2019-09-18 04:15:00
1118515,1118515,5679,2019-09-18 04:30:00-05,0.007,0.288,13459,2019-09-18 04:30:00
1118516,1118516,5679,2019-09-18 04:45:00-05,0.007,0.303,13460,2019-09-18 04:45:00
1118517,1118517,5679,2019-09-18 05:00:00-05,0.007,0.294,13461,2019-09-18 05:00:00
1118518,1118518,5679,2019-09-18 05:15:00-05,0.007,0.388,13462,2019-09-18 05:15:00
1118519,1118519,5679,2019-09-18 05:30:00-05,0.006,1.117,13463,2019-09-18 05:30:00
1118520,1118520,5679,2019-09-18 05:45:00-05,0.011,0.614,13464,2019-09-18 05:45:00
1118521,1118521,5679,2019-09-18 06:00:00-05,0.03,0.536,13465,2019-09-18 06:00:00
1118522,1118522,5679,2019-09-18 06:15:00-05,0.051,0.459,13466,2019-09-18 06:15:00
1118523,1118523,5679,2019-09-18 06:30:00-05,0.071,0.348,13467,2019-09-18 06:30:00
1118524,1118524,5679,2019-09-18 06:45:00-05,0.096,0.75,13468,2019-09-18 06:45:00
1118525,1118525,5679,2019-09-18 07:00:00-05,0.129,0.277,13469,2019-09-18 07:00:00
1118526,1118526,5679,2019-09-18 07:15:00-05,0.166,0.176,13470,2019-09-18 07:15:00
1118527,1118527,5679,2019-09-18 07:30:00-05,0.209,0.139,13471,2019-09-18 07:30:00
1118528,1118528,5679,2019-09-18 07:45:00-05,0.307,0.139,13472,2019-09-18 07:45:00
1118529,1118529,5679,2019-09-18 08:00:00-05,0.557,-0.113,13473,2019-09-18 08:00:00
1118530,1118530,5679,2019-09-18 08:15:00-05,0.775,-0.493,13474,2019-09-18 08:15:00
1118531,1118531,5679,2019-09-18 08:30:00-05,1.066,-0.782,13475,2019-09-18 08:30:00
1118532,1118532,5679,2019-09-18 08:45:00-05,1.564,5.0,13476,2019-09-18 08:45:00
1118533,1118533,5679,2019-09-18 09:00:00-05,1.946,5.315,13477,2019-09-18 09:00:00
1118534,1118534,5679,2019-09-18 09:15:00-05,2.349,4.917,13478,2019-09-18 09:15:00
1118535,1118535,5679,2019-09-18 09:30:00-05,2.545,4.657,13479,2019-09-18 09:30:00
1118536,1118536,5679,2019-09-18 09:45:00-05,2.58,4.74,13480,2019-09-18 09:45:00
1118537,1118537,5679,2019-09-18 10:00:00-05,2.503,1.913,13481,2019-09-18 10:00:00
1118538,1118538,5679,2019-09-18 10:15:00-05,2.649,-2.216,13482,2019-09-18 10:15:00
1118539,1118539,5679,2019-09-18 10:30:00-05,3.004,-2.447,13483,2019-09-18 10:30:00
1118540,1118540,5679,2019-09-18 10:45:00-05,3.573,-2.5,13484,2019-09-18 10:45:00
1118541,1118541,5679,2019-09-18 11:00:00-05,3.871,-0.444,13485,2019-09-18 11:00:00
1118542,1118542,5679,2019-09-18 11:15:00-05,3.997,0.593,13486,2019-09-18 11:15:00
1118543,1118543,5679,2019-09-18 11:30:00-05,4.071,-0.422,13487,2019-09-18 11:30:00
1118544,1118544,5679,2019-09-18 11:45:00-05,4.151,-2.109,13488,2019-09-18 11:45:00
1118545,1118545,5679,2019-09-18 12:00:00-05,4.191,-3.867,13489,2019-09-18 12:00:00
1118546,1118546,5679,2019-09-18 12:15:00-05,4.029,-3.698,13490,2019-09-18 12:15:00
1118547,1118547,5679,2019-09-18 12:30:00-05,4.007,-3.575,13491,2019-09-18 12:30:00
1118548,1118548,5679,2019-09-18 12:45:00-05,3.778,-2.89,13492,2019-09-18 12:45:00
1118549,1118549,5679,2019-09-18 13:00:00-05,3.198,-2.801,13493,2019-09-18 13:00:00
1118550,1118550,5679,2019-09-18 13:15:00-05,2.879,-2.417,13494,2019-09-18 13:15:00
1118551,1118551,5679,2019-09-18 13:30:00-05,2.561,-2.123,13495,2019-09-18 13:30:00
1118552,1118552,5679,2019-09-18 13:45:00-05,2.212,-1.803,13496,2019-09-18 13:45:00
1118553,1118553,5679,2019-09-18 14:00:00-05,1.951,-1.468,13497,2019-09-18 14:00:00
1118554,1118554,5679,2019-09-18 14:15:00-05,1.755,-1.356,13498,2019-09-18 14:15:00
1118555,1118555,5679,2019-09-18 14:30:00-05,1.563,-1.18,13499,2019-09-18 14:30:00
1118556,1118556,5679,2019-09-18 14:45:00-05,1.412,-0.969,13500,2019-09-18 14:45:00
1118557,1118557,5679,2019-09-18 15:00:00-05,1.181,-0.841,13501,2019-09-18 15:00:00
1118558,1118558,5679,2019-09-18 15:15:00-05,1.054,-0.723,13502,2019-09-18 15:15:00
1118559,1118559,5679,2019-09-18 15:30:00-05,0.843,0.086,13503,2019-09-18 15:30:00
1118560,1118560,5679,2019-09-18 15:45:00-05,0.767,-0.484,13504,2019-09-18 15:45:00
1118561,1118561,5679,2019-09-18 16:00:00-05,0.61,-0.126,13505,2019-09-18 16:00:00
1118562,1118562,5679,2019-09-18 16:15:00-05,0.406,0.233,13506,2019-09-18 16:15:00
1118563,1118563,5679,2019-09-18 16:30:00-05,0.347,0.215,13507,2019-09-18 16:30:00
1118564,1118564,5679,2019-09-18 16:45:00-05,0.185,0.153,13508,2019-09-18 16:45:00
1118565,1118565,5679,2019-09-18 17:00:00-05,0.157,0.172,13509,2019-09-18 17:00:00
1118566,1118566,5679,2019-09-18 17:15:00-05,0.126,0.311,13510,2019-09-18 17:15:00
1118567,1118567,5679,2019-09-18 17:30:00-05,0.075,0.496,13511,2019-09-18 17:30:00
1118568,1118568,5679,2019-09-18 17:45:00-05,0.036,0.499,13512,2019-09-18 17:45:00
1118569,1118569,5679,2019-09-18 18:00:00-05,0.012,0.462,13513,2019-09-18 18:00:00
1118570,1118570,5679,2019-09-18 18:15:00-05,0.003,2.704,13514,2019-09-18 18:15:00
1118571,1118571,5679,2019-09-18 18:30:00-05,-0.003,7.787,13515,2019-09-18 18:30:00
1118572,1118572,5679,2019-09-18 18:45:00-05,-0.001,7.211,13516,2019-09-18 18:45:00
1118573,1118573,5679,2019-09-18 19:00:00-05,-0.001,7.201,13517,2019-09-18 19:00:00
1118574,1118574,5679,2019-09-18 19:15:00-05,0.002,3.868,13518,2019-09-18 19:15:00
1118575,1118575,5679,2019-09-18 19:30:00-05,0.006,0.491,13519,2019-09-18 19:30:00
1118576,1118576,5679,2019-09-18 19:45:00-05,0.006,0.279,13520,2019-09-18 19:45:00
1118577,1118577,5679,2019-09-18 20:00:00-05,0.006,0.409,13521,2019-09-18 20:00:00
1118578,1118578,5679,2019-09-18 20:15:00-05,0.006,0.641,13522,2019-09-18 20:15:00
1118579,1118579,5679,2019-09-18 20:30:00-05,0.006,0.412,13523,2019-09-18 20:30:00
1118580,1118580,5679,2019-09-18 20:45:00-05,0.006,0.36,13524,2019-09-18 20:45:00
1118581,1118581,5679,2019-09-18 21:00:00-05,0.006,0.39,13525,2019-09-18 21:00:00
1118582,1118582,5679,2019-09-18 21:15:00-05,0.006,0.514,13526,2019-09-18 21:15:00
1118583,1118583,5679,2019-09-18 21:30:00-05,0.006,0.344,13527,2019-09-18 21:30:00
1118584,1118584,5679,2019-09-18 21:45:00-05,0.007,0.293,13528,2019-09-18 21:45:00
1118585,1118585,5679,2019-09-18 22:00:00-05,0.007,0.311,13529,2019-09-18 22:00:00
1118586,1118586,5679,2019-09-18 22:15:00-05,0.006,0.501,13530,2019-09-18 22:15:00
1118587,1118587,5679,2019-09-18 22:30:00-05,0.006,0.392,13531,2019-09-18 22:30:00
1118588,1118588,5679,2019-09-18 22:45:00-05,0.006,0.388,13532,2019-09-18 22:45:00
1118589,1118589,5679,2019-09-18 23:00:00-05,0.006,0.455,13533,2019-09-18 23:00:00
1118590,1118590,5679,2019-09-18 23:15:00-05,0.006,0.444,13534,2019-09-18 23:15:00
1118591,1118591,5679,2019-09-18 23:30:00-05,0.007,0.386,13535,2019-09-18 23:30:00
1118592,1118592,5679,2019-09-18 23:45:00-05,0.007,0.386,13536,2019-09-18 23:45:00
1118593,1118593,5679,2019-09-19 00:00:00-05,0.006,0.504,13537,2019-09-19 00:00:00
1118594,1118594,5679,2019-09-19 00:15:00-05,0.007,0.388,13538,2019-09-19 00:15:00
1118595,1118595,5679,2019-09-19 00:30:00-05,0.007,0.433,13539,2019-09-19 00:30:00
1118596,1118596,5679,2019-09-19 00:45:00-05,0.007,0.541,13540,2019-09-19 00:45:00
1118597,1118597,5679,2019-09-19 01:00:00-05,0.007,0.408,13541,2019-09-19 01:00:00
1118598,1118598,5679,2019-09-19 01:15:00-05,0.007,0.28,13542,2019-09-19 01:15:00
1118599,1118599,5679,2019-09-19 01:30:00-05,0.007,0.279,13543,2019-09-19 01:30:00
1118600,1118600,5679,2019-09-19 01:45:00-05,0.007,0.376,13544,2019-09-19 01:45:00
1118601,1118601,5679,2019-09-19 02:00:00-05,0.007,0.294,13545,2019-09-19 02:00:00
1118602,1118602,5679,2019-09-19 02:15:00-05,0.007,0.28,13546,2019-09-19 02:15:00
1118603,1118603,5679,2019-09-19 02:30:00-05,0.007,0.284,13547,2019-09-19 02:30:00
1118604,1118604,5679,2019-09-19 02:45:00-05,0.007,0.404,13548,2019-09-19 02:45:00
1118605,1118605,5679,2019-09-19 03:00:00-05,0.007,0.535,13549,2019-09-19 03:00:00
1118606,1118606,5679,2019-09-19 03:15:00-05,0.007,0.231,13550,2019-09-19 03:15:00
1118607,1118607,5679,2019-09-19 03:30:00-05,0.007,0.409,13551,2019-09-19 03:30:00
1118608,1118608,5679,2019-09-19 03:45:00-05,0.007,0.509,13552,2019-09-19 03:45:00
1118609,1118609,5679,2019-09-19 04:00:00-05,0.006,0.882,13553,2019-09-19 04:00:00
1118610,1118610,5679,2019-09-19 04:15:00-05,0.007,0.423,13554,2019-09-19 04:15:00
1118611,1118611,5679,2019-09-19 04:30:00-05,0.007,0.476,13555,2019-09-19 04:30:00
1118612,1118612,5679,2019-09-19 04:45:00-05,0.007,0.503,13556,2019-09-19 04:45:00
1118613,1118613,5679,2019-09-19 05:00:00-05,0.007,0.542,13557,2019-09-19 05:00:00
1118614,1118614,5679,2019-09-19 05:15:00-05,0.006,1.024,13558,2019-09-19 05:15:00
1118615,1118615,5679,2019-09-19 05:30:00-05,0.007,0.481,13559,2019-09-19 05:30:00
1118616,1118616,5679,2019-09-19 05:45:00-05,0.012,0.314,13560,2019-09-19 05:45:00
1118617,1118617,5679,2019-09-19 06:00:00-05,0.033,0.238,13561,2019-09-19 06:00:00
1118618,1118618,5679,2019-09-19 06:15:00-05,0.057,0.33,13562,2019-09-19 06:15:00
1118619,1118619,5679,2019-09-19 06:30:00-05,0.08,0.321,13563,2019-09-19 06:30:00
1118620,1118620,5679,2019-09-19 06:45:00-05,0.108,0.382,13564,2019-09-19 06:45:00
1118621,1118621,5679,2019-09-19 07:00:00-05,0.153,0.242,13565,2019-09-19 07:00:00
1118622,1118622,5679,2019-09-19 07:15:00-05,0.206,0.027,13566,2019-09-19 07:15:00
1118623,1118623,5679,2019-09-19 07:30:00-05,0.25,0.032,13567,2019-09-19 07:30:00
1118624,1118624,5679,2019-09-19 07:45:00-05,0.379,-0.145,13568,2019-09-19 07:45:00
1118625,1118625,5679,2019-09-19 08:00:00-05,0.532,-0.192,13569,2019-09-19 08:00:00
1118626,1118626,5679,2019-09-19 08:15:00-05,0.706,-0.24,13570,2019-09-19 08:15:00
1118627,1118627,5679,2019-09-19 08:30:00-05,1.027,-0.53,13571,2019-09-19 08:30:00
1118628,1118628,5679,2019-09-19 08:45:00-05,1.574,-1.129,13572,2019-09-19 08:45:00
1118629,1118629,5679,2019-09-19 09:00:00-05,1.935,-1.511,13573,2019-09-19 09:00:00
1118630,1118630,5679,2019-09-19 09:15:00-05,2.326,-1.816,13574,2019-09-19 09:15:00
1118631,1118631,5679,2019-09-19 09:30:00-05,2.524,-1.64,13575,2019-09-19 09:30:00
1118632,1118632,5679,2019-09-19 09:45:00-05,2.526,-2.236,13576,2019-09-19 09:45:00
1118633,1118633,5679,2019-09-19 10:00:00-05,2.436,-2.013,13577,2019-09-19 10:00:00
1118634,1118634,5679,2019-09-19 10:15:00-05,2.586,-2.265,13578,2019-09-19 10:15:00
1118635,1118635,5679,2019-09-19 10:30:00-05,2.959,-2.643,13579,2019-09-19 10:30:00
1118636,1118636,5679,2019-09-19 10:45:00-05,3.567,-3.188,13580,2019-09-19 10:45:00
1118637,1118637,5679,2019-09-19 11:00:00-05,3.885,-3.402,13581,2019-09-19 11:00:00
1118638,1118638,5679,2019-09-19 11:15:00-05,4.015,-3.708,13582,2019-09-19 11:15:00
1118639,1118639,5679,2019-09-19 11:30:00-05,4.091,-3.794,13583,2019-09-19 11:30:00
1118640,1118640,5679,2019-09-19 11:45:00-05,4.177,-3.412,13584,2019-09-19 11:45:00
1118641,1118641,5679,2019-09-19 12:00:00-05,4.198,-3.716,13585,2019-09-19 12:00:00
1118642,1118642,5679,2019-09-19 12:15:00-05,4.095,-3.836,13586,2019-09-19 12:15:00
1118643,1118643,5679,2019-09-19 12:30:00-05,4.071,-3.784,13587,2019-09-19 12:30:00
1118644,1118644,5679,2019-09-19 12:45:00-05,3.817,-3.465,13588,2019-09-19 12:45:00
1118645,1118645,5679,2019-09-19 13:00:00-05,3.102,-2.831,13589,2019-09-19 13:00:00
1118646,1118646,5679,2019-09-19 13:15:00-05,2.92,-2.66,13590,2019-09-19 13:15:00
1118647,1118647,5679,2019-09-19 13:30:00-05,2.561,-2.305,13591,2019-09-19 13:30:00
1118648,1118648,5679,2019-09-19 13:45:00-05,1.902,-1.725,13592,2019-09-19 13:45:00
1118649,1118649,5679,2019-09-19 14:00:00-05,1.998,-1.83,13593,2019-09-19 14:00:00
1118650,1118650,5679,2019-09-19 14:15:00-05,1.758,-1.535,13594,2019-09-19 14:15:00
1118651,1118651,5679,2019-09-19 14:30:00-05,1.611,-1.189,13595,2019-09-19 14:30:00
1118652,1118652,5679,2019-09-19 14:45:00-05,1.496,-1.156,13596,2019-09-19 14:45:00
1118653,1118653,5679,2019-09-19 15:00:00-05,1.304,-0.957,13597,2019-09-19 15:00:00
1118654,1118654,5679,2019-09-19 15:15:00-05,1.206,-0.742,13598,2019-09-19 15:15:00
1118655,1118655,5679,2019-09-19 15:30:00-05,1.067,-0.527,13599,2019-09-19 15:30:00
1118656,1118656,5679,2019-09-19 15:45:00-05,0.832,-0.369,13600,2019-09-19 15:45:00
1118657,1118657,5679,2019-09-19 16:00:00-05,0.633,-0.052,13601,2019-09-19 16:00:00
1118658,1118658,5679,2019-09-19 16:15:00-05,0.44,0.207,13602,2019-09-19 16:15:00
1118659,1118659,5679,2019-09-19 16:30:00-05,0.348,0.398,13603,2019-09-19 16:30:00
1118660,1118660,5679,2019-09-19 16:45:00-05,0.198,0.681,13604,2019-09-19 16:45:00
1118661,1118661,5679,2019-09-19 17:00:00-05,0.145,1.278,13605,2019-09-19 17:00:00
1118662,1118662,5679,2019-09-19 17:15:00-05,0.098,7.115,13606,2019-09-19 17:15:00
1118663,1118663,5679,2019-09-19 17:30:00-05,0.052,7.076,13607,2019-09-19 17:30:00
1118664,1118664,5679,2019-09-19 17:45:00-05,0.013,7.183,13608,2019-09-19 17:45:00
1118665,1118665,5679,2019-09-19 18:00:00-05,0.001,7.412,13609,2019-09-19 18:00:00
1118666,1118666,5679,2019-09-19 18:15:00-05,0.003,3.158,13610,2019-09-19 18:15:00
1118667,1118667,5679,2019-09-19 18:30:00-05,0.005,0.413,13611,2019-09-19 18:30:00
1118668,1118668,5679,2019-09-19 18:45:00-05,0.005,0.464,13612,2019-09-19 18:45:00
1118669,1118669,5679,2019-09-19 19:00:00-05,0.006,0.494,13613,2019-09-19 19:00:00
1118670,1118670,5679,2019-09-19 19:15:00-05,0.006,0.562,13614,2019-09-19 19:15:00
1118671,1118671,5679,2019-09-19 19:30:00-05,0.006,0.47,13615,2019-09-19 19:30:00
1118672,1118672,5679,2019-09-19 19:45:00-05,0.006,0.518,13616,2019-09-19 19:45:00
1118673,1118673,5679,2019-09-19 20:00:00-05,0.006,0.622,13617,2019-09-19 20:00:00
1118674,1118674,5679,2019-09-19 20:15:00-05,0.006,0.617,13618,2019-09-19 20:15:00
1118675,1118675,5679,2019-09-19 20:30:00-05,0.006,0.578,13619,2019-09-19 20:30:00
1118676,1118676,5679,2019-09-19 20:45:00-05,0.006,0.413,13620,2019-09-19 20:45:00
1118677,1118677,5679,2019-09-19 21:00:00-05,0.006,0.449,13621,2019-09-19 21:00:00
1118678,1118678,5679,2019-09-19 21:15:00-05,0.006,0.43,13622,2019-09-19 21:15:00
1118679,1118679,5679,2019-09-19 21:30:00-05,0.006,0.496,13623,2019-09-19 21:30:00
1118680,1118680,5679,2019-09-19 21:45:00-05,0.006,0.291,13624,2019-09-19 21:45:00
1118681,1118681,5679,2019-09-19 22:00:00-05,0.006,0.34,13625,2019-09-19 22:00:00
1118682,1118682,5679,2019-09-19 22:15:00-05,0.007,0.293,13626,2019-09-19 22:15:00
1118683,1118683,5679,2019-09-19 22:30:00-05,0.006,0.331,13627,2019-09-19 22:30:00
1118684,1118684,5679,2019-09-19 22:45:00-05,0.006,0.482,13628,2019-09-19 22:45:00
1118685,1118685,5679,2019-09-19 23:00:00-05,0.006,0.432,13629,2019-09-19 23:00:00
1118686,1118686,5679,2019-09-19 23:15:00-05,0.007,0.397,13630,2019-09-19 23:15:00
1118687,1118687,5679,2019-09-19 23:30:00-05,0.007,0.406,13631,2019-09-19 23:30:00
1118688,1118688,5679,2019-09-19 23:45:00-05,0.006,0.496,13632,2019-09-19 23:45:00
1118689,1118689,5679,2019-09-20 00:00:00-05,0.007,0.392,13633,2019-09-20 00:00:00
1118690,1118690,5679,2019-09-20 00:15:00-05,0.007,0.393,13634,2019-09-20 00:15:00
1118691,1118691,5679,2019-09-20 00:30:00-05,0.007,0.403,13635,2019-09-20 00:30:00
1118692,1118692,5679,2019-09-20 00:45:00-05,0.007,0.31,13636,2019-09-20 00:45:00
1118693,1118693,5679,2019-09-20 01:00:00-05,0.007,0.342,13637,2019-09-20 01:00:00
1118694,1118694,5679,2019-09-20 01:15:00-05,0.007,0.41,13638,2019-09-20 01:15:00
1118695,1118695,5679,2019-09-20 01:30:00-05,0.006,0.63,13639,2019-09-20 01:30:00
1118696,1118696,5679,2019-09-20 01:45:00-05,0.007,0.355,13640,2019-09-20 01:45:00
1118697,1118697,5679,2019-09-20 02:00:00-05,0.007,0.369,13641,2019-09-20 02:00:00
1118698,1118698,5679,2019-09-20 02:15:00-05,0.007,0.423,13642,2019-09-20 02:15:00
1118699,1118699,5679,2019-09-20 02:30:00-05,0.007,0.404,13643,2019-09-20 02:30:00
1118700,1118700,5679,2019-09-20 02:45:00-05,0.007,0.386,13644,2019-09-20 02:45:00
1118701,1118701,5679,2019-09-20 03:00:00-05,0.007,0.387,13645,2019-09-20 03:00:00
1118702,1118702,5679,2019-09-20 03:15:00-05,0.007,0.386,13646,2019-09-20 03:15:00
1118703,1118703,5679,2019-09-20 03:30:00-05,0.007,0.388,13647,2019-09-20 03:30:00
1118704,1118704,5679,2019-09-20 03:45:00-05,0.007,0.503,13648,2019-09-20 03:45:00
1118705,1118705,5679,2019-09-20 04:00:00-05,0.007,0.453,13649,2019-09-20 04:00:00
1118706,1118706,5679,2019-09-20 04:15:00-05,0.007,0.304,13650,2019-09-20 04:15:00
1118707,1118707,5679,2019-09-20 04:30:00-05,0.007,0.306,13651,2019-09-20 04:30:00
1118708,1118708,5679,2019-09-20 04:45:00-05,0.007,0.387,13652,2019-09-20 04:45:00
1118709,1118709,5679,2019-09-20 05:00:00-05,0.007,0.279,13653,2019-09-20 05:00:00
1118710,1118710,5679,2019-09-20 05:15:00-05,0.007,0.278,13654,2019-09-20 05:15:00
1118711,1118711,5679,2019-09-20 05:30:00-05,0.006,1.144,13655,2019-09-20 05:30:00
1118712,1118712,5679,2019-09-20 05:45:00-05,0.014,0.483,13656,2019-09-20 05:45:00
1118713,1118713,5679,2019-09-20 06:00:00-05,0.047,0.232,13657,2019-09-20 06:00:00
1118714,1118714,5679,2019-09-20 06:15:00-05,0.09,0.217,13658,2019-09-20 06:15:00
1118715,1118715,5679,2019-09-20 06:30:00-05,0.089,0.404,13659,2019-09-20 06:30:00
1118716,1118716,5679,2019-09-20 06:45:00-05,0.103,0.736,13660,2019-09-20 06:45:00
1118717,1118717,5679,2019-09-20 07:00:00-05,0.148,0.413,13661,2019-09-20 07:00:00
1118718,1118718,5679,2019-09-20 07:15:00-05,0.217,0.332,13662,2019-09-20 07:15:00
1118719,1118719,5679,2019-09-20 07:30:00-05,0.278,0.175,13663,2019-09-20 07:30:00
1118720,1118720,5679,2019-09-20 07:45:00-05,0.378,0.133,13664,2019-09-20 07:45:00
1118721,1118721,5679,2019-09-20 08:00:00-05,0.582,0.248,13665,2019-09-20 08:00:00
1118722,1118722,5679,2019-09-20 08:15:00-05,0.855,4.239,13666,2019-09-20 08:15:00
1118723,1118723,5679,2019-09-20 08:30:00-05,1.191,3.184,13667,2019-09-20 08:30:00
1118724,1118724,5679,2019-09-20 08:45:00-05,1.479,1.799,13668,2019-09-20 08:45:00
1118725,1118725,5679,2019-09-20 09:00:00-05,1.901,-1.515,13669,2019-09-20 09:00:00
1118726,1118726,5679,2019-09-20 09:15:00-05,2.379,-1.945,13670,2019-09-20 09:15:00
1118727,1118727,5679,2019-09-20 09:30:00-05,1.728,0.885,13671,2019-09-20 09:30:00
1118728,1118728,5679,2019-09-20 09:45:00-05,2.425,-2.16,13672,2019-09-20 09:45:00
1118729,1118729,5679,2019-09-20 10:00:00-05,2.157,-1.947,13673,2019-09-20 10:00:00
1118730,1118730,5679,2019-09-20 10:15:00-05,2.44,-1.78,13674,2019-09-20 10:15:00
1118731,1118731,5679,2019-09-20 10:30:00-05,2.906,-2.673,13675,2019-09-20 10:30:00
1118732,1118732,5679,2019-09-20 10:45:00-05,3.496,-3.35,13676,2019-09-20 10:45:00
1118733,1118733,5679,2019-09-20 11:00:00-05,3.796,-3.636,13677,2019-09-20 11:00:00
1118734,1118734,5679,2019-09-20 11:15:00-05,3.973,-3.753,13678,2019-09-20 11:15:00
1118735,1118735,5679,2019-09-20 11:30:00-05,3.775,-3.506,13679,2019-09-20 11:30:00
1118736,1118736,5679,2019-09-20 11:45:00-05,3.977,-3.797,13680,2019-09-20 11:45:00
1118737,1118737,5679,2019-09-20 12:00:00-05,4.033,-3.173,13681,2019-09-20 12:00:00
1118738,1118738,5679,2019-09-20 12:15:00-05,3.915,-3.036,13682,2019-09-20 12:15:00
1118739,1118739,5679,2019-09-20 12:30:00-05,3.853,-3.368,13683,2019-09-20 12:30:00
1118740,1118740,5679,2019-09-20 12:45:00-05,3.634,-3.231,13684,2019-09-20 12:45:00
1118741,1118741,5679,2019-09-20 13:00:00-05,3.108,-2.699,13685,2019-09-20 13:00:00
1118742,1118742,5679,2019-09-20 13:15:00-05,2.73,-2.268,13686,2019-09-20 13:15:00
1118743,1118743,5679,2019-09-20 13:30:00-05,2.471,-1.987,13687,2019-09-20 13:30:00
1118744,1118744,5679,2019-09-20 13:45:00-05,2.188,-1.586,13688,2019-09-20 13:45:00
1118745,1118745,5679,2019-09-20 14:00:00-05,1.855,-1.542,13689,2019-09-20 14:00:00
1118746,1118746,5679,2019-09-20 14:15:00-05,1.736,-1.357,13690,2019-09-20 14:15:00
1118747,1118747,5679,2019-09-20 14:30:00-05,1.591,-1.304,13691,2019-09-20 14:30:00
1118748,1118748,5679,2019-09-20 14:45:00-05,1.369,-1.085,13692,2019-09-20 14:45:00
1118749,1118749,5679,2019-09-20 15:00:00-05,1.244,-0.889,13693,2019-09-20 15:00:00
1118750,1118750,5679,2019-09-20 15:15:00-05,1.275,-0.948,13694,2019-09-20 15:15:00
1118751,1118751,5679,2019-09-20 15:30:00-05,1.163,-0.884,13695,2019-09-20 15:30:00
1118752,1118752,5679,2019-09-20 15:45:00-05,0.992,-0.638,13696,2019-09-20 15:45:00
1118753,1118753,5679,2019-09-20 16:00:00-05,0.727,-0.221,13697,2019-09-20 16:00:00
1118754,1118754,5679,2019-09-20 16:15:00-05,0.465,-0.156,13698,2019-09-20 16:15:00
1118755,1118755,5679,2019-09-20 16:30:00-05,0.339,-0.023,13699,2019-09-20 16:30:00
1118756,1118756,5679,2019-09-20 16:45:00-05,0.195,0.416,13700,2019-09-20 16:45:00
1118757,1118757,5679,2019-09-20 17:00:00-05,0.149,0.624,13701,2019-09-20 17:00:00
1118758,1118758,5679,2019-09-20 17:15:00-05,0.104,0.266,13702,2019-09-20 17:15:00
1118759,1118759,5679,2019-09-20 17:30:00-05,0.066,0.263,13703,2019-09-20 17:30:00
1118760,1118760,5679,2019-09-20 17:45:00-05,0.032,0.336,13704,2019-09-20 17:45:00
1118761,1118761,5679,2019-09-20 18:00:00-05,0.007,0.277,13705,2019-09-20 18:00:00
1118762,1118762,5679,2019-09-20 18:15:00-05,0.006,0.292,13706,2019-09-20 18:15:00
1118763,1118763,5679,2019-09-20 18:30:00-05,0.006,0.316,13707,2019-09-20 18:30:00
1118764,1118764,5679,2019-09-20 18:45:00-05,0.006,0.386,13708,2019-09-20 18:45:00
1118765,1118765,5679,2019-09-20 19:00:00-05,0.006,0.26,13709,2019-09-20 19:00:00
1118766,1118766,5679,2019-09-20 19:15:00-05,0.006,0.266,13710,2019-09-20 19:15:00
1118767,1118767,5679,2019-09-20 19:30:00-05,0.006,0.398,13711,2019-09-20 19:30:00
1118768,1118768,5679,2019-09-20 19:45:00-05,0.006,0.522,13712,2019-09-20 19:45:00
1118769,1118769,5679,2019-09-20 20:00:00-05,0.006,0.439,13713,2019-09-20 20:00:00
1118770,1118770,5679,2019-09-20 20:15:00-05,0.006,0.351,13714,2019-09-20 20:15:00
1118771,1118771,5679,2019-09-20 20:30:00-05,0.006,0.436,13715,2019-09-20 20:30:00
1118772,1118772,5679,2019-09-20 20:45:00-05,0.006,0.387,13716,2019-09-20 20:45:00
1118773,1118773,5679,2019-09-20 21:00:00-05,0.006,0.383,13717,2019-09-20 21:00:00
1118774,1118774,5679,2019-09-20 21:15:00-05,0.006,0.518,13718,2019-09-20 21:15:00
1118775,1118775,5679,2019-09-20 21:30:00-05,0.006,0.558,13719,2019-09-20 21:30:00
1118776,1118776,5679,2019-09-20 21:45:00-05,0.006,0.385,13720,2019-09-20 21:45:00
1118777,1118777,5679,2019-09-20 22:00:00-05,0.006,0.415,13721,2019-09-20 22:00:00
1118778,1118778,5679,2019-09-20 22:15:00-05,0.006,0.442,13722,2019-09-20 22:15:00
1118779,1118779,5679,2019-09-20 22:30:00-05,0.006,0.336,13723,2019-09-20 22:30:00
1118780,1118780,5679,2019-09-20 22:45:00-05,0.007,0.292,13724,2019-09-20 22:45:00
1118781,1118781,5679,2019-09-20 23:00:00-05,0.007,0.289,13725,2019-09-20 23:00:00
1118782,1118782,5679,2019-09-20 23:15:00-05,0.006,0.378,13726,2019-09-20 23:15:00
1118783,1118783,5679,2019-09-20 23:30:00-05,0.007,0.351,13727,2019-09-20 23:30:00
1118784,1118784,5679,2019-09-20 23:45:00-05,0.006,0.4,13728,2019-09-20 23:45:00
1118785,1118785,5679,2019-09-21 00:00:00-05,0.007,0.397,13729,2019-09-21 00:00:00
1118786,1118786,5679,2019-09-21 00:15:00-05,0.006,0.503,13730,2019-09-21 00:15:00
1118787,1118787,5679,2019-09-21 00:30:00-05,0.007,0.41,13731,2019-09-21 00:30:00
1118788,1118788,5679,2019-09-21 00:45:00-05,0.007,0.397,13732,2019-09-21 00:45:00
1118789,1118789,5679,2019-09-21 01:00:00-05,0.007,0.418,13733,2019-09-21 01:00:00
1118790,1118790,5679,2019-09-21 01:15:00-05,0.007,0.494,13734,2019-09-21 01:15:00
1118791,1118791,5679,2019-09-21 01:30:00-05,0.007,0.23,13735,2019-09-21 01:30:00
1118792,1118792,5679,2019-09-21 01:45:00-05,0.007,0.176,13736,2019-09-21 01:45:00
1118793,1118793,5679,2019-09-21 02:00:00-05,0.007,0.244,13737,2019-09-21 02:00:00
1118794,1118794,5679,2019-09-21 02:15:00-05,0.007,0.225,13738,2019-09-21 02:15:00
1118795,1118795,5679,2019-09-21 02:30:00-05,0.007,0.176,13739,2019-09-21 02:30:00
1118796,1118796,5679,2019-09-21 02:45:00-05,0.007,0.177,13740,2019-09-21 02:45:00
1118797,1118797,5679,2019-09-21 03:00:00-05,0.007,0.351,13741,2019-09-21 03:00:00
1118798,1118798,5679,2019-09-21 03:15:00-05,0.007,0.376,13742,2019-09-21 03:15:00
1118799,1118799,5679,2019-09-21 03:30:00-05,0.007,0.296,13743,2019-09-21 03:30:00
1118800,1118800,5679,2019-09-21 03:45:00-05,0.007,0.286,13744,2019-09-21 03:45:00
1118801,1118801,5679,2019-09-21 04:00:00-05,0.007,0.364,13745,2019-09-21 04:00:00
1118802,1118802,5679,2019-09-21 04:15:00-05,0.007,0.328,13746,2019-09-21 04:15:00
1118803,1118803,5679,2019-09-21 04:30:00-05,0.007,0.282,13747,2019-09-21 04:30:00
1118804,1118804,5679,2019-09-21 04:45:00-05,0.007,0.281,13748,2019-09-21 04:45:00
1118805,1118805,5679,2019-09-21 05:00:00-05,0.007,0.507,13749,2019-09-21 05:00:00
1118806,1118806,5679,2019-09-21 05:15:00-05,0.007,0.486,13750,2019-09-21 05:15:00
1118807,1118807,5679,2019-09-21 05:30:00-05,0.007,0.609,13751,2019-09-21 05:30:00
1118808,1118808,5679,2019-09-21 05:45:00-05,0.01,0.349,13752,2019-09-21 05:45:00
1118809,1118809,5679,2019-09-21 06:00:00-05,0.028,0.47,13753,2019-09-21 06:00:00
1118810,1118810,5679,2019-09-21 06:15:00-05,0.051,0.441,13754,2019-09-21 06:15:00
1118811,1118811,5679,2019-09-21 06:30:00-05,0.074,0.734,13755,2019-09-21 06:30:00
1118812,1118812,5679,2019-09-21 06:45:00-05,0.102,0.451,13756,2019-09-21 06:45:00
1118813,1118813,5679,2019-09-21 07:00:00-05,0.135,0.928,13757,2019-09-21 07:00:00
1118814,1118814,5679,2019-09-21 07:15:00-05,0.167,4.812,13758,2019-09-21 07:15:00
1118815,1118815,5679,2019-09-21 07:30:00-05,0.206,4.257,13759,2019-09-21 07:30:00
1118816,1118816,5679,2019-09-21 07:45:00-05,0.266,3.589,13760,2019-09-21 07:45:00
1118817,1118817,5679,2019-09-21 08:00:00-05,0.44,2.168,13761,2019-09-21 08:00:00
1118818,1118818,5679,2019-09-21 08:15:00-05,0.647,-0.072,13762,2019-09-21 08:15:00
1118819,1118819,5679,2019-09-21 08:30:00-05,0.924,-0.716,13763,2019-09-21 08:30:00
1118820,1118820,5679,2019-09-21 08:45:00-05,1.448,-0.178,13764,2019-09-21 08:45:00
1118821,1118821,5679,2019-09-21 09:00:00-05,1.781,1.747,13765,2019-09-21 09:00:00
1118822,1118822,5679,2019-09-21 09:15:00-05,2.159,1.184,13766,2019-09-21 09:15:00
1118823,1118823,5679,2019-09-21 09:30:00-05,2.337,0.189,13767,2019-09-21 09:30:00
1118824,1118824,5679,2019-09-21 09:45:00-05,2.273,1.154,13768,2019-09-21 09:45:00
1118825,1118825,5679,2019-09-21 10:00:00-05,2.198,0.635,13769,2019-09-21 10:00:00
1118826,1118826,5679,2019-09-21 10:15:00-05,2.344,0.288,13770,2019-09-21 10:15:00
1118827,1118827,5679,2019-09-21 10:30:00-05,2.757,-0.276,13771,2019-09-21 10:30:00
1118828,1118828,5679,2019-09-21 10:45:00-05,3.367,-1.094,13772,2019-09-21 10:45:00
1118829,1118829,5679,2019-09-21 11:00:00-05,3.685,-3.053,13773,2019-09-21 11:00:00
1118830,1118830,5679,2019-09-21 11:15:00-05,3.849,-3.501,13774,2019-09-21 11:15:00
1118831,1118831,5679,2019-09-21 11:30:00-05,3.927,-3.524,13775,2019-09-21 11:30:00
1118832,1118832,5679,2019-09-21 11:45:00-05,3.964,-3.62,13776,2019-09-21 11:45:00
1118833,1118833,5679,2019-09-21 12:00:00-05,3.918,-3.648,13777,2019-09-21 12:00:00
1118834,1118834,5679,2019-09-21 12:15:00-05,3.848,-3.452,13778,2019-09-21 12:15:00
1118835,1118835,5679,2019-09-21 12:30:00-05,3.723,-3.434,13779,2019-09-21 12:30:00
1118836,1118836,5679,2019-09-21 12:45:00-05,3.546,3.627,13780,2019-09-21 12:45:00
1118837,1118837,5679,2019-09-21 13:00:00-05,3.093,4.609,13781,2019-09-21 13:00:00
1118838,1118838,5679,2019-09-21 13:15:00-05,2.699,4.599,13782,2019-09-21 13:15:00
1118839,1118839,5679,2019-09-21 13:30:00-05,2.364,4.999,13783,2019-09-21 13:30:00
1118840,1118840,5679,2019-09-21 13:45:00-05,2.163,3.648,13784,2019-09-21 13:45:00
1118841,1118841,5679,2019-09-21 14:00:00-05,1.826,-1.236,13785,2019-09-21 14:00:00
1118842,1118842,5679,2019-09-21 14:15:00-05,1.667,-1.212,13786,2019-09-21 14:15:00
1118843,1118843,5679,2019-09-21 14:30:00-05,1.564,-0.8,13787,2019-09-21 14:30:00
1118844,1118844,5679,2019-09-21 14:45:00-05,1.418,-0.913,13788,2019-09-21 14:45:00
1118845,1118845,5679,2019-09-21 15:00:00-05,1.28,-0.902,13789,2019-09-21 15:00:00
1118846,1118846,5679,2019-09-21 15:15:00-05,1.187,-0.867,13790,2019-09-21 15:15:00
1118847,1118847,5679,2019-09-21 15:30:00-05,1.051,-0.295,13791,2019-09-21 15:30:00
1118848,1118848,5679,2019-09-21 15:45:00-05,0.837,-0.082,13792,2019-09-21 15:45:00
1118849,1118849,5679,2019-09-21 16:00:00-05,0.562,1.284,13793,2019-09-21 16:00:00
1118850,1118850,5679,2019-09-21 16:15:00-05,0.425,1.671,13794,2019-09-21 16:15:00
1118851,1118851,5679,2019-09-21 16:30:00-05,0.319,1.238,13795,2019-09-21 16:30:00
1118852,1118852,5679,2019-09-21 16:45:00-05,0.183,0.705,13796,2019-09-21 16:45:00
1118853,1118853,5679,2019-09-21 17:00:00-05,0.141,0.957,13797,2019-09-21 17:00:00
1118854,1118854,5679,2019-09-21 17:15:00-05,0.094,1.297,13798,2019-09-21 17:15:00
1118855,1118855,5679,2019-09-21 17:30:00-05,0.057,2.105,13799,2019-09-21 17:30:00
1118856,1118856,5679,2019-09-21 17:45:00-05,0.024,3.432,13800,2019-09-21 17:45:00
1118857,1118857,5679,2019-09-21 18:00:00-05,0.005,2.116,13801,2019-09-21 18:00:00
1118858,1118858,5679,2019-09-21 18:15:00-05,0.005,1.078,13802,2019-09-21 18:15:00
1118859,1118859,5679,2019-09-21 18:30:00-05,0.004,1.403,13803,2019-09-21 18:30:00
1118860,1118860,5679,2019-09-21 18:45:00-05,0.005,0.967,13804,2019-09-21 18:45:00
1118861,1118861,5679,2019-09-21 19:00:00-05,0.005,0.459,13805,2019-09-21 19:00:00
1118862,1118862,5679,2019-09-21 19:15:00-05,0.005,0.452,13806,2019-09-21 19:15:00
1118863,1118863,5679,2019-09-21 19:30:00-05,0.005,0.441,13807,2019-09-21 19:30:00
1118864,1118864,5679,2019-09-21 19:45:00-05,0.005,0.366,13808,2019-09-21 19:45:00
1118865,1118865,5679,2019-09-21 20:00:00-05,0.005,0.371,13809,2019-09-21 20:00:00
1118866,1118866,5679,2019-09-21 20:15:00-05,0.005,0.434,13810,2019-09-21 20:15:00
1118867,1118867,5679,2019-09-21 20:30:00-05,0.005,0.492,13811,2019-09-21 20:30:00
1118868,1118868,5679,2019-09-21 20:45:00-05,0.006,0.354,13812,2019-09-21 20:45:00
1118869,1118869,5679,2019-09-21 21:00:00-05,0.006,0.45,13813,2019-09-21 21:00:00
1118870,1118870,5679,2019-09-21 21:15:00-05,0.005,0.521,13814,2019-09-21 21:15:00
1118871,1118871,5679,2019-09-21 21:30:00-05,0.006,0.532,13815,2019-09-21 21:30:00
1118872,1118872,5679,2019-09-21 21:45:00-05,0.006,0.464,13816,2019-09-21 21:45:00
1118873,1118873,5679,2019-09-21 22:00:00-05,0.006,0.465,13817,2019-09-21 22:00:00
1118874,1118874,5679,2019-09-21 22:15:00-05,0.005,0.688,13818,2019-09-21 22:15:00
1118875,1118875,5679,2019-09-21 22:30:00-05,0.006,0.581,13819,2019-09-21 22:30:00
1118876,1118876,5679,2019-09-21 22:45:00-05,0.006,0.402,13820,2019-09-21 22:45:00
1118877,1118877,5679,2019-09-21 23:00:00-05,0.006,0.355,13821,2019-09-21 23:00:00
1118878,1118878,5679,2019-09-21 23:15:00-05,0.006,0.409,13822,2019-09-21 23:15:00
1118879,1118879,5679,2019-09-21 23:30:00-05,0.006,0.286,13823,2019-09-21 23:30:00
1118880,1118880,5679,2019-09-21 23:45:00-05,0.006,0.287,13824,2019-09-21 23:45:00
1118881,1118881,5679,2019-09-22 00:00:00-05,0.006,0.295,13825,2019-09-22 00:00:00
1118882,1118882,5679,2019-09-22 00:15:00-05,0.006,0.392,13826,2019-09-22 00:15:00
1118883,1118883,5679,2019-09-22 00:30:00-05,0.006,0.283,13827,2019-09-22 00:30:00
1118884,1118884,5679,2019-09-22 00:45:00-05,0.006,0.286,13828,2019-09-22 00:45:00
1118885,1118885,5679,2019-09-22 01:00:00-05,0.006,0.397,13829,2019-09-22 01:00:00
1118886,1118886,5679,2019-09-22 01:15:00-05,0.006,0.51,13830,2019-09-22 01:15:00
1118887,1118887,5679,2019-09-22 01:30:00-05,0.006,0.409,13831,2019-09-22 01:30:00
1118888,1118888,5679,2019-09-22 01:45:00-05,0.006,0.398,13832,2019-09-22 01:45:00
1118889,1118889,5679,2019-09-22 02:00:00-05,0.006,0.432,13833,2019-09-22 02:00:00
1118890,1118890,5679,2019-09-22 02:15:00-05,0.006,0.491,13834,2019-09-22 02:15:00
1118891,1118891,5679,2019-09-22 02:30:00-05,0.006,0.648,13835,2019-09-22 02:30:00
1118892,1118892,5679,2019-09-22 02:45:00-05,0.007,0.413,13836,2019-09-22 02:45:00
1118893,1118893,5679,2019-09-22 03:00:00-05,0.006,0.438,13837,2019-09-22 03:00:00
1118894,1118894,5679,2019-09-22 03:15:00-05,0.006,0.465,13838,2019-09-22 03:15:00
1118895,1118895,5679,2019-09-22 03:30:00-05,0.007,0.398,13839,2019-09-22 03:30:00
1118896,1118896,5679,2019-09-22 03:45:00-05,0.007,0.396,13840,2019-09-22 03:45:00
1118897,1118897,5679,2019-09-22 04:00:00-05,0.006,0.492,13841,2019-09-22 04:00:00
1118898,1118898,5679,2019-09-22 04:15:00-05,0.007,0.422,13842,2019-09-22 04:15:00
1118899,1118899,5679,2019-09-22 04:30:00-05,0.007,0.394,13843,2019-09-22 04:30:00
1118900,1118900,5679,2019-09-22 04:45:00-05,0.007,0.415,13844,2019-09-22 04:45:00
1118901,1118901,5679,2019-09-22 05:00:00-05,0.007,0.399,13845,2019-09-22 05:00:00
1118902,1118902,5679,2019-09-22 05:15:00-05,0.007,0.285,13846,2019-09-22 05:15:00
1118903,1118903,5679,2019-09-22 05:30:00-05,0.007,0.288,13847,2019-09-22 05:30:00
1118904,1118904,5679,2019-09-22 05:45:00-05,0.01,0.313,13848,2019-09-22 05:45:00
1118905,1118905,5679,2019-09-22 06:00:00-05,0.041,0.912,13849,2019-09-22 06:00:00
1118906,1118906,5679,2019-09-22 06:15:00-05,0.13,0.167,13850,2019-09-22 06:15:00
1118907,1118907,5679,2019-09-22 06:30:00-05,0.247,0.05,13851,2019-09-22 06:30:00
1118908,1118908,5679,2019-09-22 06:45:00-05,0.354,-0.022,13852,2019-09-22 06:45:00
1118909,1118909,5679,2019-09-22 07:00:00-05,0.425,0.599,13853,2019-09-22 07:00:00
1118910,1118910,5679,2019-09-22 07:15:00-05,0.451,-0.026,13854,2019-09-22 07:15:00
1118911,1118911,5679,2019-09-22 07:30:00-05,0.363,0.069,13855,2019-09-22 07:30:00
1118912,1118912,5679,2019-09-22 07:45:00-05,0.348,0.016,13856,2019-09-22 07:45:00
1118913,1118913,5679,2019-09-22 08:00:00-05,0.476,-0.064,13857,2019-09-22 08:00:00
1118914,1118914,5679,2019-09-22 08:15:00-05,0.59,-0.306,13858,2019-09-22 08:15:00
1118915,1118915,5679,2019-09-22 08:30:00-05,0.881,-0.602,13859,2019-09-22 08:30:00
1118916,1118916,5679,2019-09-22 08:45:00-05,1.275,-0.934,13860,2019-09-22 08:45:00
1118917,1118917,5679,2019-09-22 09:00:00-05,1.566,-1.296,13861,2019-09-22 09:00:00
1118918,1118918,5679,2019-09-22 09:15:00-05,1.815,-1.643,13862,2019-09-22 09:15:00
1118919,1118919,5679,2019-09-22 09:30:00-05,1.948,-1.775,13863,2019-09-22 09:30:00
1118920,1118920,5679,2019-09-22 09:45:00-05,2.035,-1.773,13864,2019-09-22 09:45:00
1118921,1118921,5679,2019-09-22 10:00:00-05,1.984,-1.434,13865,2019-09-22 10:00:00
1118922,1118922,5679,2019-09-22 10:15:00-05,2.147,-1.878,13866,2019-09-22 10:15:00
1118923,1118923,5679,2019-09-22 10:30:00-05,2.563,-2.23,13867,2019-09-22 10:30:00
1118924,1118924,5679,2019-09-22 10:45:00-05,3.046,-2.549,13868,2019-09-22 10:45:00
1118925,1118925,5679,2019-09-22 11:00:00-05,3.356,-2.631,13869,2019-09-22 11:00:00
1118926,1118926,5679,2019-09-22 11:15:00-05,3.521,-3.2,13870,2019-09-22 11:15:00
1118927,1118927,5679,2019-09-22 11:30:00-05,3.526,-3.105,13871,2019-09-22 11:30:00
1118928,1118928,5679,2019-09-22 11:45:00-05,2.99,-2.502,13872,2019-09-22 11:45:00
1118929,1118929,5679,2019-09-22 12:00:00-05,3.453,-2.863,13873,2019-09-22 12:00:00
1118930,1118930,5679,2019-09-22 12:15:00-05,3.473,-2.388,13874,2019-09-22 12:15:00
1118931,1118931,5679,2019-09-22 12:30:00-05,3.48,-2.427,13875,2019-09-22 12:30:00
1118932,1118932,5679,2019-09-22 12:45:00-05,3.27,-1.948,13876,2019-09-22 12:45:00
1118933,1118933,5679,2019-09-22 13:00:00-05,2.893,-1.674,13877,2019-09-22 13:00:00
1118934,1118934,5679,2019-09-22 13:15:00-05,2.538,-0.718,13878,2019-09-22 13:15:00
1118935,1118935,5679,2019-09-22 13:30:00-05,2.242,0.275,13879,2019-09-22 13:30:00
1118936,1118936,5679,2019-09-22 13:45:00-05,1.136,1.055,13880,2019-09-22 13:45:00
1118937,1118937,5679,2019-09-22 14:00:00-05,1.63,0.502,13881,2019-09-22 14:00:00
1118938,1118938,5679,2019-09-22 14:15:00-05,0.752,1.606,13882,2019-09-22 14:15:00
1118939,1118939,5679,2019-09-22 14:30:00-05,0.5,1.581,13883,2019-09-22 14:30:00
1118940,1118940,5679,2019-09-22 14:45:00-05,1.312,0.553,13884,2019-09-22 14:45:00
1118941,1118941,5679,2019-09-22 15:00:00-05,1.322,0.948,13885,2019-09-22 15:00:00
1118942,1118942,5679,2019-09-22 15:15:00-05,0.827,1.389,13886,2019-09-22 15:15:00
1118943,1118943,5679,2019-09-22 15:30:00-05,0.474,0.734,13887,2019-09-22 15:30:00
1118944,1118944,5679,2019-09-22 15:45:00-05,0.575,-0.178,13888,2019-09-22 15:45:00
1118945,1118945,5679,2019-09-22 16:00:00-05,0.597,-0.316,13889,2019-09-22 16:00:00
1118946,1118946,5679,2019-09-22 16:15:00-05,0.458,-0.145,13890,2019-09-22 16:15:00
1118947,1118947,5679,2019-09-22 16:30:00-05,0.354,-0.011,13891,2019-09-22 16:30:00
1118948,1118948,5679,2019-09-22 16:45:00-05,0.335,-0.055,13892,2019-09-22 16:45:00
1118949,1118949,5679,2019-09-22 17:00:00-05,0.176,0.138,13893,2019-09-22 17:00:00
1118950,1118950,5679,2019-09-22 17:15:00-05,0.115,0.227,13894,2019-09-22 17:15:00
1118951,1118951,5679,2019-09-22 17:30:00-05,0.067,1.753,13895,2019-09-22 17:30:00
1118952,1118952,5679,2019-09-22 17:45:00-05,0.015,2.473,13896,2019-09-22 17:45:00
1118953,1118953,5679,2019-09-22 18:00:00-05,0.002,2.469,13897,2019-09-22 18:00:00
1118954,1118954,5679,2019-09-22 18:15:00-05,0.004,2.075,13898,2019-09-22 18:15:00
1118955,1118955,5679,2019-09-22 18:30:00-05,0.004,1.751,13899,2019-09-22 18:30:00
1118956,1118956,5679,2019-09-22 18:45:00-05,0.004,1.926,13900,2019-09-22 18:45:00
1118957,1118957,5679,2019-09-22 19:00:00-05,0.004,1.38,13901,2019-09-22 19:00:00
1118958,1118958,5679,2019-09-22 19:15:00-05,0.004,1.458,13902,2019-09-22 19:15:00
1118959,1118959,5679,2019-09-22 19:30:00-05,0.004,1.411,13903,2019-09-22 19:30:00
1118960,1118960,5679,2019-09-22 19:45:00-05,0.005,1.186,13904,2019-09-22 19:45:00
1118961,1118961,5679,2019-09-22 20:00:00-05,0.005,0.927,13905,2019-09-22 20:00:00
1118962,1118962,5679,2019-09-22 20:15:00-05,0.005,0.977,13906,2019-09-22 20:15:00
1118963,1118963,5679,2019-09-22 20:30:00-05,0.005,0.73,13907,2019-09-22 20:30:00
1118964,1118964,5679,2019-09-22 20:45:00-05,0.005,0.706,13908,2019-09-22 20:45:00
1118965,1118965,5679,2019-09-22 21:00:00-05,0.005,0.867,13909,2019-09-22 21:00:00
1118966,1118966,5679,2019-09-22 21:15:00-05,0.005,0.79,13910,2019-09-22 21:15:00
1118967,1118967,5679,2019-09-22 21:30:00-05,0.005,0.494,13911,2019-09-22 21:30:00
1118968,1118968,5679,2019-09-22 21:45:00-05,0.006,0.465,13912,2019-09-22 21:45:00
1118969,1118969,5679,2019-09-22 22:00:00-05,0.005,0.633,13913,2019-09-22 22:00:00
1118970,1118970,5679,2019-09-22 22:15:00-05,0.006,0.283,13914,2019-09-22 22:15:00
1118971,1118971,5679,2019-09-22 22:30:00-05,0.006,0.41,13915,2019-09-22 22:30:00
1118972,1118972,5679,2019-09-22 22:45:00-05,0.006,0.258,13916,2019-09-22 22:45:00
1118973,1118973,5679,2019-09-22 23:00:00-05,0.006,0.179,13917,2019-09-22 23:00:00
1118974,1118974,5679,2019-09-22 23:15:00-05,0.006,0.179,13918,2019-09-22 23:15:00
1118975,1118975,5679,2019-09-22 23:30:00-05,0.006,0.179,13919,2019-09-22 23:30:00
1118976,1118976,5679,2019-09-22 23:45:00-05,0.006,0.24,13920,2019-09-22 23:45:00
1118977,1118977,5679,2019-09-23 00:00:00-05,0.006,0.252,13921,2019-09-23 00:00:00
1118978,1118978,5679,2019-09-23 00:15:00-05,0.006,0.196,13922,2019-09-23 00:15:00
1118979,1118979,5679,2019-09-23 00:30:00-05,0.006,0.288,13923,2019-09-23 00:30:00
1118980,1118980,5679,2019-09-23 00:45:00-05,0.006,0.286,13924,2019-09-23 00:45:00
1118981,1118981,5679,2019-09-23 01:00:00-05,0.006,0.32,13925,2019-09-23 01:00:00
1118982,1118982,5679,2019-09-23 01:15:00-05,0.006,0.383,13926,2019-09-23 01:15:00
1118983,1118983,5679,2019-09-23 01:30:00-05,0.006,0.415,13927,2019-09-23 01:30:00
1118984,1118984,5679,2019-09-23 01:45:00-05,0.006,0.2,13928,2019-09-23 01:45:00
1118985,1118985,5679,2019-09-23 02:00:00-05,0.006,0.352,13929,2019-09-23 02:00:00
1118986,1118986,5679,2019-09-23 02:15:00-05,0.006,0.288,13930,2019-09-23 02:15:00
1118987,1118987,5679,2019-09-23 02:30:00-05,0.006,0.293,13931,2019-09-23 02:30:00
1118988,1118988,5679,2019-09-23 02:45:00-05,0.006,0.386,13932,2019-09-23 02:45:00
1118989,1118989,5679,2019-09-23 03:00:00-05,0.006,0.285,13933,2019-09-23 03:00:00
1118990,1118990,5679,2019-09-23 03:15:00-05,0.006,0.321,13934,2019-09-23 03:15:00
1118991,1118991,5679,2019-09-23 03:30:00-05,0.006,0.353,13935,2019-09-23 03:30:00
1118992,1118992,5679,2019-09-23 03:45:00-05,0.006,0.28,13936,2019-09-23 03:45:00
1118993,1118993,5679,2019-09-23 04:00:00-05,0.006,0.216,13937,2019-09-23 04:00:00
1118994,1118994,5679,2019-09-23 04:15:00-05,0.006,0.243,13938,2019-09-23 04:15:00
1118995,1118995,5679,2019-09-23 04:30:00-05,0.006,0.176,13939,2019-09-23 04:30:00
1118996,1118996,5679,2019-09-23 04:45:00-05,0.006,0.205,13940,2019-09-23 04:45:00
1118997,1118997,5679,2019-09-23 05:00:00-05,0.006,0.246,13941,2019-09-23 05:00:00
1118998,1118998,5679,2019-09-23 05:15:00-05,0.006,0.176,13942,2019-09-23 05:15:00
1118999,1118999,5679,2019-09-23 05:30:00-05,0.006,0.361,13943,2019-09-23 05:30:00
1119000,1119000,5679,2019-09-23 05:45:00-05,0.005,1.201,13944,2019-09-23 05:45:00
1119001,1119001,5679,2019-09-23 06:00:00-05,0.01,0.512,13945,2019-09-23 06:00:00
1119002,1119002,5679,2019-09-23 06:15:00-05,0.105,0.408,13946,2019-09-23 06:15:00
1119003,1119003,5679,2019-09-23 06:30:00-05,0.213,0.36,13947,2019-09-23 06:30:00
1119004,1119004,5679,2019-09-23 06:45:00-05,0.314,0.349,13948,2019-09-23 06:45:00
1119005,1119005,5679,2019-09-23 07:00:00-05,0.409,0.471,13949,2019-09-23 07:00:00
1119006,1119006,5679,2019-09-23 07:15:00-05,0.455,-0.092,13950,2019-09-23 07:15:00
1119007,1119007,5679,2019-09-23 07:30:00-05,0.381,-0.02,13951,2019-09-23 07:30:00
1119008,1119008,5679,2019-09-23 07:45:00-05,0.851,-0.438,13952,2019-09-23 07:45:00
1119009,1119009,5679,2019-09-23 08:00:00-05,1.11,-0.751,13953,2019-09-23 08:00:00
1119010,1119010,5679,2019-09-23 08:15:00-05,1.186,-0.837,13954,2019-09-23 08:15:00
1119011,1119011,5679,2019-09-23 08:30:00-05,0.307,0.043,13955,2019-09-23 08:30:00
1119012,1119012,5679,2019-09-23 08:45:00-05,0.365,0.092,13956,2019-09-23 08:45:00
1119013,1119013,5679,2019-09-23 09:00:00-05,0.444,-0.01,13957,2019-09-23 09:00:00
1119014,1119014,5679,2019-09-23 09:15:00-05,0.421,0.024,13958,2019-09-23 09:15:00
1119015,1119015,5679,2019-09-23 09:30:00-05,0.394,0.074,13959,2019-09-23 09:30:00
1119016,1119016,5679,2019-09-23 09:45:00-05,0.478,-0.087,13960,2019-09-23 09:45:00
1119017,1119017,5679,2019-09-23 10:00:00-05,0.514,0.323,13961,2019-09-23 10:00:00
1119018,1119018,5679,2019-09-23 10:15:00-05,0.619,0.018,13962,2019-09-23 10:15:00
1119019,1119019,5679,2019-09-23 10:30:00-05,0.563,0.24,13963,2019-09-23 10:30:00
1119020,1119020,5679,2019-09-23 10:45:00-05,0.269,0.103,13964,2019-09-23 10:45:00
1119021,1119021,5679,2019-09-23 11:00:00-05,0.413,0.039,13965,2019-09-23 11:00:00
1119022,1119022,5679,2019-09-23 11:15:00-05,0.478,0.315,13966,2019-09-23 11:15:00
1119023,1119023,5679,2019-09-23 11:30:00-05,0.367,-0.064,13967,2019-09-23 11:30:00
1119024,1119024,5679,2019-09-23 11:45:00-05,0.33,0.045,13968,2019-09-23 11:45:00
1119025,1119025,5679,2019-09-23 12:00:00-05,0.349,0.075,13969,2019-09-23 12:00:00
1119026,1119026,5679,2019-09-23 12:15:00-05,0.354,0.058,13970,2019-09-23 12:15:00
1119027,1119027,5679,2019-09-23 12:30:00-05,0.394,1.481,13971,2019-09-23 12:30:00
1119028,1119028,5679,2019-09-23 12:45:00-05,0.378,1.408,13972,2019-09-23 12:45:00
1119029,1119029,5679,2019-09-23 13:00:00-05,0.436,1.135,13973,2019-09-23 13:00:00
1119030,1119030,5679,2019-09-23 13:15:00-05,1.037,0.374,13974,2019-09-23 13:15:00
1119031,1119031,5679,2019-09-23 13:30:00-05,0.655,0.933,13975,2019-09-23 13:30:00
1119032,1119032,5679,2019-09-23 13:45:00-05,0.691,0.713,13976,2019-09-23 13:45:00
1119033,1119033,5679,2019-09-23 14:00:00-05,0.555,0.845,13977,2019-09-23 14:00:00
1119034,1119034,5679,2019-09-23 14:15:00-05,0.646,0.645,13978,2019-09-23 14:15:00
1119035,1119035,5679,2019-09-23 14:30:00-05,1.1,0.105,13979,2019-09-23 14:30:00
1119036,1119036,5679,2019-09-23 14:45:00-05,1.399,-0.26,13980,2019-09-23 14:45:00
1119037,1119037,5679,2019-09-23 15:00:00-05,0.931,0.589,13981,2019-09-23 15:00:00
1119038,1119038,5679,2019-09-23 15:15:00-05,0.851,0.019,13982,2019-09-23 15:15:00
1119039,1119039,5679,2019-09-23 15:30:00-05,0.233,0.678,13983,2019-09-23 15:30:00
1119040,1119040,5679,2019-09-23 15:45:00-05,0.539,1.576,13984,2019-09-23 15:45:00
1119041,1119041,5679,2019-09-23 16:00:00-05,0.357,2.724,13985,2019-09-23 16:00:00
1119042,1119042,5679,2019-09-23 16:15:00-05,0.176,2.594,13986,2019-09-23 16:15:00
1119043,1119043,5679,2019-09-23 16:30:00-05,0.136,2.422,13987,2019-09-23 16:30:00
1119044,1119044,5679,2019-09-23 16:45:00-05,0.012,2.25,13988,2019-09-23 16:45:00
1119045,1119045,5679,2019-09-23 17:00:00-05,0.12,1.008,13989,2019-09-23 17:00:00
1119046,1119046,5679,2019-09-23 17:15:00-05,0.372,0.176,13990,2019-09-23 17:15:00
1119047,1119047,5679,2019-09-23 17:30:00-05,0.061,0.614,13991,2019-09-23 17:30:00
1119048,1119048,5679,2019-09-23 17:45:00-05,0.014,0.837,13992,2019-09-23 17:45:00
1119049,1119049,5679,2019-09-23 18:00:00-05,0.006,0.868,13993,2019-09-23 18:00:00
1119050,1119050,5679,2019-09-23 18:15:00-05,0.005,1.183,13994,2019-09-23 18:15:00
1119051,1119051,5679,2019-09-23 18:30:00-05,0.005,1.572,13995,2019-09-23 18:30:00
1119052,1119052,5679,2019-09-23 18:45:00-05,0.006,1.622,13996,2019-09-23 18:45:00
1119053,1119053,5679,2019-09-23 19:00:00-05,0.007,0.878,13997,2019-09-23 19:00:00
1119054,1119054,5679,2019-09-23 19:15:00-05,0.007,0.878,13998,2019-09-23 19:15:00
1119055,1119055,5679,2019-09-23 19:30:00-05,0.006,1.004,13999,2019-09-23 19:30:00
1119056,1119056,5679,2019-09-23 19:45:00-05,0.005,1.437,14000,2019-09-23 19:45:00
1119057,1119057,5679,2019-09-23 20:00:00-05,0.005,1.364,14001,2019-09-23 20:00:00
1119058,1119058,5679,2019-09-23 20:15:00-05,0.006,1.096,14002,2019-09-23 20:15:00
1119059,1119059,5679,2019-09-23 20:30:00-05,0.005,1.424,14003,2019-09-23 20:30:00
1119060,1119060,5679,2019-09-23 20:45:00-05,0.006,0.612,14004,2019-09-23 20:45:00
1119061,1119061,5679,2019-09-23 21:00:00-05,0.006,0.464,14005,2019-09-23 21:00:00
1119062,1119062,5679,2019-09-23 21:15:00-05,0.006,0.302,14006,2019-09-23 21:15:00
1119063,1119063,5679,2019-09-23 21:30:00-05,0.006,0.294,14007,2019-09-23 21:30:00
1119064,1119064,5679,2019-09-23 21:45:00-05,0.006,0.431,14008,2019-09-23 21:45:00
1119065,1119065,5679,2019-09-23 22:00:00-05,0.006,0.354,14009,2019-09-23 22:00:00
1119066,1119066,5679,2019-09-23 22:15:00-05,0.006,0.357,14010,2019-09-23 22:15:00
1119067,1119067,5679,2019-09-23 22:30:00-05,0.006,0.395,14011,2019-09-23 22:30:00
1119068,1119068,5679,2019-09-23 22:45:00-05,0.006,0.527,14012,2019-09-23 22:45:00
1119069,1119069,5679,2019-09-23 23:00:00-05,0.006,0.467,14013,2019-09-23 23:00:00
1119070,1119070,5679,2019-09-23 23:15:00-05,0.006,0.48,14014,2019-09-23 23:15:00
1119071,1119071,5679,2019-09-23 23:30:00-05,0.006,0.555,14015,2019-09-23 23:30:00
1119072,1119072,5679,2019-09-23 23:45:00-05,0.006,0.46,14016,2019-09-23 23:45:00
1119073,1119073,5679,2019-09-24 00:00:00-05,0.006,0.609,14017,2019-09-24 00:00:00
1119074,1119074,5679,2019-09-24 00:15:00-05,0.006,0.454,14018,2019-09-24 00:15:00
1119075,1119075,5679,2019-09-24 00:30:00-05,0.006,0.427,14019,2019-09-24 00:30:00
1119076,1119076,5679,2019-09-24 00:45:00-05,0.006,0.463,14020,2019-09-24 00:45:00
1119077,1119077,5679,2019-09-24 01:00:00-05,0.006,0.553,14021,2019-09-24 01:00:00
1119078,1119078,5679,2019-09-24 01:15:00-05,0.006,0.467,14022,2019-09-24 01:15:00
1119079,1119079,5679,2019-09-24 01:30:00-05,0.006,0.455,14023,2019-09-24 01:30:00
1119080,1119080,5679,2019-09-24 01:45:00-05,0.006,0.527,14024,2019-09-24 01:45:00
1119081,1119081,5679,2019-09-24 02:00:00-05,0.006,0.453,14025,2019-09-24 02:00:00
1119082,1119082,5679,2019-09-24 02:15:00-05,0.007,0.292,14026,2019-09-24 02:15:00
1119083,1119083,5679,2019-09-24 02:30:00-05,0.007,0.337,14027,2019-09-24 02:30:00
1119084,1119084,5679,2019-09-24 02:45:00-05,0.007,0.337,14028,2019-09-24 02:45:00
1119085,1119085,5679,2019-09-24 03:00:00-05,0.007,0.287,14029,2019-09-24 03:00:00
1119086,1119086,5679,2019-09-24 03:15:00-05,0.007,0.287,14030,2019-09-24 03:15:00
1119087,1119087,5679,2019-09-24 03:30:00-05,0.007,0.383,14031,2019-09-24 03:30:00
1119088,1119088,5679,2019-09-24 03:45:00-05,0.006,0.624,14032,2019-09-24 03:45:00
1119089,1119089,5679,2019-09-24 04:00:00-05,0.007,0.319,14033,2019-09-24 04:00:00
1119090,1119090,5679,2019-09-24 04:15:00-05,0.006,0.493,14034,2019-09-24 04:15:00
1119091,1119091,5679,2019-09-24 04:30:00-05,0.007,0.429,14035,2019-09-24 04:30:00
1119092,1119092,5679,2019-09-24 04:45:00-05,0.007,0.484,14036,2019-09-24 04:45:00
1119093,1119093,5679,2019-09-24 05:00:00-05,0.006,0.584,14037,2019-09-24 05:00:00
1119094,1119094,5679,2019-09-24 05:15:00-05,0.006,0.458,14038,2019-09-24 05:15:00
1119095,1119095,5679,2019-09-24 05:30:00-05,0.007,0.292,14039,2019-09-24 05:30:00
1119096,1119096,5679,2019-09-24 05:45:00-05,0.007,0.34,14040,2019-09-24 05:45:00
1119097,1119097,5679,2019-09-24 06:00:00-05,0.01,1.004,14041,2019-09-24 06:00:00
1119098,1119098,5679,2019-09-24 06:15:00-05,0.012,0.566,14042,2019-09-24 06:15:00
1119099,1119099,5679,2019-09-24 06:30:00-05,0.038,0.474,14043,2019-09-24 06:30:00
1119100,1119100,5679,2019-09-24 06:45:00-05,0.165,0.365,14044,2019-09-24 06:45:00
1119101,1119101,5679,2019-09-24 07:00:00-05,0.343,0.8,14045,2019-09-24 07:00:00
1119102,1119102,5679,2019-09-24 07:15:00-05,0.444,4.36,14046,2019-09-24 07:15:00
1119103,1119103,5679,2019-09-24 07:30:00-05,0.655,3.695,14047,2019-09-24 07:30:00
1119104,1119104,5679,2019-09-24 07:45:00-05,0.448,2.241,14048,2019-09-24 07:45:00
1119105,1119105,5679,2019-09-24 08:00:00-05,0.416,0.903,14049,2019-09-24 08:00:00
1119106,1119106,5679,2019-09-24 08:15:00-05,0.967,3.884,14050,2019-09-24 08:15:00
1119107,1119107,5679,2019-09-24 08:30:00-05,0.293,4.305,14051,2019-09-24 08:30:00
1119108,1119108,5679,2019-09-24 08:45:00-05,0.236,3.366,14052,2019-09-24 08:45:00
1119109,1119109,5679,2019-09-24 09:00:00-05,0.295,0.863,14053,2019-09-24 09:00:00
1119110,1119110,5679,2019-09-24 09:15:00-05,0.49,0.346,14054,2019-09-24 09:15:00
1119111,1119111,5679,2019-09-24 09:30:00-05,0.405,0.921,14055,2019-09-24 09:30:00
1119112,1119112,5679,2019-09-24 09:45:00-05,0.557,4.365,14056,2019-09-24 09:45:00
1119113,1119113,5679,2019-09-24 10:00:00-05,1.199,3.368,14057,2019-09-24 10:00:00
1119114,1119114,5679,2019-09-24 10:15:00-05,2.549,1.971,14058,2019-09-24 10:15:00
1119115,1119115,5679,2019-09-24 10:30:00-05,2.817,1.162,14059,2019-09-24 10:30:00
1119116,1119116,5679,2019-09-24 10:45:00-05,3.583,0.061,14060,2019-09-24 10:45:00
1119117,1119117,5679,2019-09-24 11:00:00-05,3.859,-1.432,14061,2019-09-24 11:00:00
1119118,1119118,5679,2019-09-24 11:15:00-05,4.051,-1.556,14062,2019-09-24 11:15:00
1119119,1119119,5679,2019-09-24 11:30:00-05,3.597,-0.956,14063,2019-09-24 11:30:00
1119120,1119120,5679,2019-09-24 11:45:00-05,2.356,2.55,14064,2019-09-24 11:45:00
1119121,1119121,5679,2019-09-24 12:00:00-05,2.417,1.641,14065,2019-09-24 12:00:00
1119122,1119122,5679,2019-09-24 12:15:00-05,2.068,0.553,14066,2019-09-24 12:15:00
1119123,1119123,5679,2019-09-24 12:30:00-05,3.073,-1.627,14067,2019-09-24 12:30:00
1119124,1119124,5679,2019-09-24 12:45:00-05,2.193,-1.456,14068,2019-09-24 12:45:00
1119125,1119125,5679,2019-09-24 13:00:00-05,0.941,-0.609,14069,2019-09-24 13:00:00
1119126,1119126,5679,2019-09-24 13:15:00-05,1.077,-0.707,14070,2019-09-24 13:15:00
1119127,1119127,5679,2019-09-24 13:30:00-05,1.05,-0.653,14071,2019-09-24 13:30:00
1119128,1119128,5679,2019-09-24 13:45:00-05,0.961,-0.639,14072,2019-09-24 13:45:00
1119129,1119129,5679,2019-09-24 14:00:00-05,1.278,-0.878,14073,2019-09-24 14:00:00
1119130,1119130,5679,2019-09-24 14:15:00-05,1.227,-0.73,14074,2019-09-24 14:15:00
1119131,1119131,5679,2019-09-24 14:30:00-05,1.759,-1.369,14075,2019-09-24 14:30:00
1119132,1119132,5679,2019-09-24 14:45:00-05,1.593,1.452,14076,2019-09-24 14:45:00
1119133,1119133,5679,2019-09-24 15:00:00-05,1.391,5.946,14077,2019-09-24 15:00:00
1119134,1119134,5679,2019-09-24 15:15:00-05,1.226,6.013,14078,2019-09-24 15:15:00
1119135,1119135,5679,2019-09-24 15:30:00-05,1.081,6.131,14079,2019-09-24 15:30:00
1119136,1119136,5679,2019-09-24 15:45:00-05,0.891,6.36,14080,2019-09-24 15:45:00
1119137,1119137,5679,2019-09-24 16:00:00-05,0.687,6.483,14081,2019-09-24 16:00:00
1119138,1119138,5679,2019-09-24 16:15:00-05,0.388,2.128,14082,2019-09-24 16:15:00
1119139,1119139,5679,2019-09-24 16:30:00-05,0.293,0.097,14083,2019-09-24 16:30:00
1119140,1119140,5679,2019-09-24 16:45:00-05,0.287,0.027,14084,2019-09-24 16:45:00
1119141,1119141,5679,2019-09-24 17:00:00-05,0.104,0.253,14085,2019-09-24 17:00:00
1119142,1119142,5679,2019-09-24 17:15:00-05,0.102,0.388,14086,2019-09-24 17:15:00
1119143,1119143,5679,2019-09-24 17:30:00-05,0.055,0.348,14087,2019-09-24 17:30:00
1119144,1119144,5679,2019-09-24 17:45:00-05,0.011,0.359,14088,2019-09-24 17:45:00
1119145,1119145,5679,2019-09-24 18:00:00-05,0.006,0.422,14089,2019-09-24 18:00:00
1119146,1119146,5679,2019-09-24 18:15:00-05,0.006,0.619,14090,2019-09-24 18:15:00
1119147,1119147,5679,2019-09-24 18:30:00-05,0.006,0.592,14091,2019-09-24 18:30:00
1119148,1119148,5679,2019-09-24 18:45:00-05,0.006,0.452,14092,2019-09-24 18:45:00
1119149,1119149,5679,2019-09-24 19:00:00-05,0.006,0.448,14093,2019-09-24 19:00:00
1119150,1119150,5679,2019-09-24 19:15:00-05,0.006,0.473,14094,2019-09-24 19:15:00
1119151,1119151,5679,2019-09-24 19:30:00-05,0.006,0.497,14095,2019-09-24 19:30:00
1119152,1119152,5679,2019-09-24 19:45:00-05,0.006,0.422,14096,2019-09-24 19:45:00
1119153,1119153,5679,2019-09-24 20:00:00-05,0.006,0.272,14097,2019-09-24 20:00:00
1119154,1119154,5679,2019-09-24 20:15:00-05,0.006,0.237,14098,2019-09-24 20:15:00
1119155,1119155,5679,2019-09-24 20:30:00-05,0.006,0.346,14099,2019-09-24 20:30:00
1119156,1119156,5679,2019-09-24 20:45:00-05,0.006,0.354,14100,2019-09-24 20:45:00
1119157,1119157,5679,2019-09-24 21:00:00-05,0.006,0.359,14101,2019-09-24 21:00:00
1119158,1119158,5679,2019-09-24 21:15:00-05,0.006,0.451,14102,2019-09-24 21:15:00
1119159,1119159,5679,2019-09-24 21:30:00-05,0.006,0.342,14103,2019-09-24 21:30:00
1119160,1119160,5679,2019-09-24 21:45:00-05,0.006,0.292,14104,2019-09-24 21:45:00
1119161,1119161,5679,2019-09-24 22:00:00-05,0.006,0.441,14105,2019-09-24 22:00:00
1119162,1119162,5679,2019-09-24 22:15:00-05,0.007,0.315,14106,2019-09-24 22:15:00
1119163,1119163,5679,2019-09-24 22:30:00-05,0.007,0.207,14107,2019-09-24 22:30:00
1119164,1119164,5679,2019-09-24 22:45:00-05,0.007,0.386,14108,2019-09-24 22:45:00
1119165,1119165,5679,2019-09-24 23:00:00-05,0.007,0.289,14109,2019-09-24 23:00:00
1119166,1119166,5679,2019-09-24 23:15:00-05,0.007,0.287,14110,2019-09-24 23:15:00
1119167,1119167,5679,2019-09-24 23:30:00-05,0.007,0.39,14111,2019-09-24 23:30:00
1119168,1119168,5679,2019-09-24 23:45:00-05,0.007,0.285,14112,2019-09-24 23:45:00
1119169,1119169,5679,2019-09-25 00:00:00-05,0.007,0.288,14113,2019-09-25 00:00:00
1119170,1119170,5679,2019-09-25 00:15:00-05,0.007,0.376,14114,2019-09-25 00:15:00
1119171,1119171,5679,2019-09-25 00:30:00-05,0.007,0.179,14115,2019-09-25 00:30:00
1119172,1119172,5679,2019-09-25 00:45:00-05,0.007,0.26,14116,2019-09-25 00:45:00
1119173,1119173,5679,2019-09-25 01:00:00-05,0.007,0.377,14117,2019-09-25 01:00:00
1119174,1119174,5679,2019-09-25 01:15:00-05,0.007,0.227,14118,2019-09-25 01:15:00
1119175,1119175,5679,2019-09-25 01:30:00-05,0.007,0.179,14119,2019-09-25 01:30:00
1119176,1119176,5679,2019-09-25 01:45:00-05,0.007,0.269,14120,2019-09-25 01:45:00
1119177,1119177,5679,2019-09-25 02:00:00-05,0.007,0.21,14121,2019-09-25 02:00:00
1119178,1119178,5679,2019-09-25 02:15:00-05,0.007,0.291,14122,2019-09-25 02:15:00
1119179,1119179,5679,2019-09-25 02:30:00-05,0.007,0.346,14123,2019-09-25 02:30:00
1119180,1119180,5679,2019-09-25 02:45:00-05,0.007,0.323,14124,2019-09-25 02:45:00
1119181,1119181,5679,2019-09-25 03:00:00-05,0.007,0.288,14125,2019-09-25 03:00:00
1119182,1119182,5679,2019-09-25 03:15:00-05,0.007,0.345,14126,2019-09-25 03:15:00
1119183,1119183,5679,2019-09-25 03:30:00-05,0.007,0.299,14127,2019-09-25 03:30:00
1119184,1119184,5679,2019-09-25 03:45:00-05,0.007,0.181,14128,2019-09-25 03:45:00
1119185,1119185,5679,2019-09-25 04:00:00-05,0.007,0.231,14129,2019-09-25 04:00:00
1119186,1119186,5679,2019-09-25 04:15:00-05,0.007,0.22,14130,2019-09-25 04:15:00
1119187,1119187,5679,2019-09-25 04:30:00-05,0.007,0.179,14131,2019-09-25 04:30:00
1119188,1119188,5679,2019-09-25 04:45:00-05,0.007,0.201,14132,2019-09-25 04:45:00
1119189,1119189,5679,2019-09-25 05:00:00-05,0.007,0.352,14133,2019-09-25 05:00:00
1119190,1119190,5679,2019-09-25 05:15:00-05,0.007,0.415,14134,2019-09-25 05:15:00
1119191,1119191,5679,2019-09-25 05:30:00-05,0.007,0.416,14135,2019-09-25 05:30:00
1119192,1119192,5679,2019-09-25 05:45:00-05,0.008,0.997,14136,2019-09-25 05:45:00
1119193,1119193,5679,2019-09-25 06:00:00-05,0.027,0.812,14137,2019-09-25 06:00:00
1119194,1119194,5679,2019-09-25 06:15:00-05,0.053,0.589,14138,2019-09-25 06:15:00
1119195,1119195,5679,2019-09-25 06:30:00-05,0.067,0.526,14139,2019-09-25 06:30:00
1119196,1119196,5679,2019-09-25 06:45:00-05,0.096,0.286,14140,2019-09-25 06:45:00
1119197,1119197,5679,2019-09-25 07:00:00-05,0.13,0.176,14141,2019-09-25 07:00:00
1119198,1119198,5679,2019-09-25 07:15:00-05,0.169,0.433,14142,2019-09-25 07:15:00
1119199,1119199,5679,2019-09-25 07:30:00-05,0.207,0.124,14143,2019-09-25 07:30:00
1119200,1119200,5679,2019-09-25 07:45:00-05,0.25,0.147,14144,2019-09-25 07:45:00
1119201,1119201,5679,2019-09-25 08:00:00-05,0.373,-0.003,14145,2019-09-25 08:00:00
1119202,1119202,5679,2019-09-25 08:15:00-05,0.533,-0.192,14146,2019-09-25 08:15:00
1119203,1119203,5679,2019-09-25 08:30:00-05,0.828,-0.435,14147,2019-09-25 08:30:00
1119204,1119204,5679,2019-09-25 08:45:00-05,1.333,-0.906,14148,2019-09-25 08:45:00
1119205,1119205,5679,2019-09-25 09:00:00-05,1.661,-1.197,14149,2019-09-25 09:00:00
1119206,1119206,5679,2019-09-25 09:15:00-05,2.012,-1.729,14150,2019-09-25 09:15:00
1119207,1119207,5679,2019-09-25 09:30:00-05,2.133,-1.487,14151,2019-09-25 09:30:00
1119208,1119208,5679,2019-09-25 09:45:00-05,1.98,-1.64,14152,2019-09-25 09:45:00
1119209,1119209,5679,2019-09-25 10:00:00-05,1.91,-1.636,14153,2019-09-25 10:00:00
1119210,1119210,5679,2019-09-25 10:15:00-05,2.081,-1.853,14154,2019-09-25 10:15:00
1119211,1119211,5679,2019-09-25 10:30:00-05,2.576,-2.352,14155,2019-09-25 10:30:00
1119212,1119212,5679,2019-09-25 10:45:00-05,3.266,-3.098,14156,2019-09-25 10:45:00
1119213,1119213,5679,2019-09-25 11:00:00-05,3.562,-3.375,14157,2019-09-25 11:00:00
1119214,1119214,5679,2019-09-25 11:15:00-05,3.738,-3.51,14158,2019-09-25 11:15:00
1119215,1119215,5679,2019-09-25 11:30:00-05,3.88,-3.729,14159,2019-09-25 11:30:00
1119216,1119216,5679,2019-09-25 11:45:00-05,3.226,-3.052,14160,2019-09-25 11:45:00
1119217,1119217,5679,2019-09-25 12:00:00-05,4.034,-3.628,14161,2019-09-25 12:00:00
1119218,1119218,5679,2019-09-25 12:15:00-05,3.721,-3.328,14162,2019-09-25 12:15:00
1119219,1119219,5679,2019-09-25 12:30:00-05,2.68,-1.676,14163,2019-09-25 12:30:00
1119220,1119220,5679,2019-09-25 12:45:00-05,2.193,-1.682,14164,2019-09-25 12:45:00
1119221,1119221,5679,2019-09-25 13:00:00-05,3.241,-2.833,14165,2019-09-25 13:00:00
1119222,1119222,5679,2019-09-25 13:15:00-05,2.051,-1.648,14166,2019-09-25 13:15:00
1119223,1119223,5679,2019-09-25 13:30:00-05,2.451,-2.052,14167,2019-09-25 13:30:00
1119224,1119224,5679,2019-09-25 13:45:00-05,1.68,-1.394,14168,2019-09-25 13:45:00
1119225,1119225,5679,2019-09-25 14:00:00-05,1.054,-0.77,14169,2019-09-25 14:00:00
1119226,1119226,5679,2019-09-25 14:15:00-05,2.16,-1.804,14170,2019-09-25 14:15:00
1119227,1119227,5679,2019-09-25 14:30:00-05,1.526,-1.241,14171,2019-09-25 14:30:00
1119228,1119228,5679,2019-09-25 14:45:00-05,1.607,-1.329,14172,2019-09-25 14:45:00
1119229,1119229,5679,2019-09-25 15:00:00-05,1.579,-1.211,14173,2019-09-25 15:00:00
1119230,1119230,5679,2019-09-25 15:15:00-05,0.757,-0.298,14174,2019-09-25 15:15:00
1119231,1119231,5679,2019-09-25 15:30:00-05,0.798,0.034,14175,2019-09-25 15:30:00
1119232,1119232,5679,2019-09-25 15:45:00-05,0.966,-0.495,14176,2019-09-25 15:45:00
1119233,1119233,5679,2019-09-25 16:00:00-05,0.605,-0.079,14177,2019-09-25 16:00:00
1119234,1119234,5679,2019-09-25 16:15:00-05,0.345,0.158,14178,2019-09-25 16:15:00
1119235,1119235,5679,2019-09-25 16:30:00-05,0.294,0.815,14179,2019-09-25 16:30:00
1119236,1119236,5679,2019-09-25 16:45:00-05,0.214,0.085,14180,2019-09-25 16:45:00
1119237,1119237,5679,2019-09-25 17:00:00-05,0.176,0.209,14181,2019-09-25 17:00:00
1119238,1119238,5679,2019-09-25 17:15:00-05,0.114,0.274,14182,2019-09-25 17:15:00
1119239,1119239,5679,2019-09-25 17:30:00-05,0.06,0.388,14183,2019-09-25 17:30:00
1119240,1119240,5679,2019-09-25 17:45:00-05,0.017,0.335,14184,2019-09-25 17:45:00
1119241,1119241,5679,2019-09-25 18:00:00-05,0.007,0.377,14185,2019-09-25 18:00:00
1119242,1119242,5679,2019-09-25 18:15:00-05,0.005,0.619,14186,2019-09-25 18:15:00
1119243,1119243,5679,2019-09-25 18:30:00-05,0.005,0.52,14187,2019-09-25 18:30:00
1119244,1119244,5679,2019-09-25 18:45:00-05,0.005,0.52,14188,2019-09-25 18:45:00
1119245,1119245,5679,2019-09-25 19:00:00-05,0.005,0.575,14189,2019-09-25 19:00:00
1119246,1119246,5679,2019-09-25 19:15:00-05,0.006,0.474,14190,2019-09-25 19:15:00
1119247,1119247,5679,2019-09-25 19:30:00-05,0.006,0.47,14191,2019-09-25 19:30:00
1119248,1119248,5679,2019-09-25 19:45:00-05,0.006,0.558,14192,2019-09-25 19:45:00
1119249,1119249,5679,2019-09-25 20:00:00-05,0.006,0.532,14193,2019-09-25 20:00:00
1119250,1119250,5679,2019-09-25 20:15:00-05,0.006,0.612,14194,2019-09-25 20:15:00
1119251,1119251,5679,2019-09-25 20:30:00-05,0.006,0.453,14195,2019-09-25 20:30:00
1119252,1119252,5679,2019-09-25 20:45:00-05,0.005,0.703,14196,2019-09-25 20:45:00
1119253,1119253,5679,2019-09-25 21:00:00-05,0.006,0.372,14197,2019-09-25 21:00:00
1119254,1119254,5679,2019-09-25 21:15:00-05,0.006,0.487,14198,2019-09-25 21:15:00
1119255,1119255,5679,2019-09-25 21:30:00-05,0.006,0.405,14199,2019-09-25 21:30:00
1119256,1119256,5679,2019-09-25 21:45:00-05,0.006,0.291,14200,2019-09-25 21:45:00
1119257,1119257,5679,2019-09-25 22:00:00-05,0.006,0.29,14201,2019-09-25 22:00:00
1119258,1119258,5679,2019-09-25 22:15:00-05,0.006,0.322,14202,2019-09-25 22:15:00
1119259,1119259,5679,2019-09-25 22:30:00-05,0.006,0.395,14203,2019-09-25 22:30:00
1119260,1119260,5679,2019-09-25 22:45:00-05,0.006,0.293,14204,2019-09-25 22:45:00
1119261,1119261,5679,2019-09-25 23:00:00-05,0.006,0.22,14205,2019-09-25 23:00:00
1119262,1119262,5679,2019-09-25 23:15:00-05,0.006,0.184,14206,2019-09-25 23:15:00
1119263,1119263,5679,2019-09-25 23:30:00-05,0.006,0.294,14207,2019-09-25 23:30:00
1119264,1119264,5679,2019-09-25 23:45:00-05,0.007,0.193,14208,2019-09-25 23:45:00
1119265,1119265,5679,2019-09-26 00:00:00-05,0.006,0.182,14209,2019-09-26 00:00:00
1119266,1119266,5679,2019-09-26 00:15:00-05,0.006,0.278,14210,2019-09-26 00:15:00
1119267,1119267,5679,2019-09-26 00:30:00-05,0.006,0.189,14211,2019-09-26 00:30:00
1119268,1119268,5679,2019-09-26 00:45:00-05,0.006,0.288,14212,2019-09-26 00:45:00
1119269,1119269,5679,2019-09-26 01:00:00-05,0.006,0.366,14213,2019-09-26 01:00:00
1119270,1119270,5679,2019-09-26 01:15:00-05,0.006,0.322,14214,2019-09-26 01:15:00
1119271,1119271,5679,2019-09-26 01:30:00-05,0.006,0.291,14215,2019-09-26 01:30:00
1119272,1119272,5679,2019-09-26 01:45:00-05,0.006,0.36,14216,2019-09-26 01:45:00
1119273,1119273,5679,2019-09-26 02:00:00-05,0.006,0.329,14217,2019-09-26 02:00:00
1119274,1119274,5679,2019-09-26 02:15:00-05,0.006,0.309,14218,2019-09-26 02:15:00
1119275,1119275,5679,2019-09-26 02:30:00-05,0.006,0.459,14219,2019-09-26 02:30:00
1119276,1119276,5679,2019-09-26 02:45:00-05,0.006,0.421,14220,2019-09-26 02:45:00
1119277,1119277,5679,2019-09-26 03:00:00-05,0.007,0.178,14221,2019-09-26 03:00:00
1119278,1119278,5679,2019-09-26 03:15:00-05,0.007,0.227,14222,2019-09-26 03:15:00
1119279,1119279,5679,2019-09-26 03:30:00-05,0.007,0.23,14223,2019-09-26 03:30:00
1119280,1119280,5679,2019-09-26 03:45:00-05,0.007,0.177,14224,2019-09-26 03:45:00
1119281,1119281,5679,2019-09-26 04:00:00-05,0.007,0.201,14225,2019-09-26 04:00:00
1119282,1119282,5679,2019-09-26 04:15:00-05,0.007,0.255,14226,2019-09-26 04:15:00
1119283,1119283,5679,2019-09-26 04:30:00-05,0.007,0.208,14227,2019-09-26 04:30:00
1119284,1119284,5679,2019-09-26 04:45:00-05,0.007,0.289,14228,2019-09-26 04:45:00
1119285,1119285,5679,2019-09-26 05:00:00-05,0.006,0.389,14229,2019-09-26 05:00:00
1119286,1119286,5679,2019-09-26 05:15:00-05,0.007,0.286,14230,2019-09-26 05:15:00
1119287,1119287,5679,2019-09-26 05:30:00-05,0.006,0.583,14231,2019-09-26 05:30:00
1119288,1119288,5679,2019-09-26 05:45:00-05,0.006,0.804,14232,2019-09-26 05:45:00
1119289,1119289,5679,2019-09-26 06:00:00-05,0.007,0.481,14233,2019-09-26 06:00:00
1119290,1119290,5679,2019-09-26 06:15:00-05,0.038,0.67,14234,2019-09-26 06:15:00
1119291,1119291,5679,2019-09-26 06:30:00-05,0.147,0.296,14235,2019-09-26 06:30:00
1119292,1119292,5679,2019-09-26 06:45:00-05,0.193,0.467,14236,2019-09-26 06:45:00
1119293,1119293,5679,2019-09-26 07:00:00-05,0.227,0.107,14237,2019-09-26 07:00:00
1119294,1119294,5679,2019-09-26 07:15:00-05,0.437,-0.031,14238,2019-09-26 07:15:00
1119295,1119295,5679,2019-09-26 07:30:00-05,0.576,-0.278,14239,2019-09-26 07:30:00
1119296,1119296,5679,2019-09-26 07:45:00-05,0.297,0.067,14240,2019-09-26 07:45:00
1119297,1119297,5679,2019-09-26 08:00:00-05,0.203,0.221,14241,2019-09-26 08:00:00
1119298,1119298,5679,2019-09-26 08:15:00-05,0.129,0.321,14242,2019-09-26 08:15:00
1119299,1119299,5679,2019-09-26 08:30:00-05,0.188,0.241,14243,2019-09-26 08:30:00
1119300,1119300,5679,2019-09-26 08:45:00-05,0.205,0.283,14244,2019-09-26 08:45:00
1119301,1119301,5679,2019-09-26 09:00:00-05,0.054,0.424,14245,2019-09-26 09:00:00
1119302,1119302,5679,2019-09-26 09:15:00-05,0.238,0.212,14246,2019-09-26 09:15:00
1119303,1119303,5679,2019-09-26 09:30:00-05,0.22,0.252,14247,2019-09-26 09:30:00
1119304,1119304,5679,2019-09-26 09:45:00-05,0.254,0.239,14248,2019-09-26 09:45:00
1119305,1119305,5679,2019-09-26 10:00:00-05,0.288,0.049,14249,2019-09-26 10:00:00
1119306,1119306,5679,2019-09-26 10:15:00-05,0.197,0.149,14250,2019-09-26 10:15:00
1119307,1119307,5679,2019-09-26 10:30:00-05,0.296,0.107,14251,2019-09-26 10:30:00
1119308,1119308,5679,2019-09-26 10:45:00-05,0.108,0.282,14252,2019-09-26 10:45:00
1119309,1119309,5679,2019-09-26 11:00:00-05,0.153,0.253,14253,2019-09-26 11:00:00
1119310,1119310,5679,2019-09-26 11:15:00-05,0.291,0.13,14254,2019-09-26 11:15:00
1119311,1119311,5679,2019-09-26 11:30:00-05,0.192,0.138,14255,2019-09-26 11:30:00
1119312,1119312,5679,2019-09-26 11:45:00-05,0.326,0.13,14256,2019-09-26 11:45:00
1119313,1119313,5679,2019-09-26 12:00:00-05,0.533,0.004,14257,2019-09-26 12:00:00
1119314,1119314,5679,2019-09-26 12:15:00-05,0.419,0.563,14258,2019-09-26 12:15:00
1119315,1119315,5679,2019-09-26 12:30:00-05,0.386,0.06,14259,2019-09-26 12:30:00
1119316,1119316,5679,2019-09-26 12:45:00-05,0.279,0.397,14260,2019-09-26 12:45:00
1119317,1119317,5679,2019-09-26 13:00:00-05,0.24,0.423,14261,2019-09-26 13:00:00
1119318,1119318,5679,2019-09-26 13:15:00-05,0.272,0.341,14262,2019-09-26 13:15:00
1119319,1119319,5679,2019-09-26 13:30:00-05,0.42,0.265,14263,2019-09-26 13:30:00
1119320,1119320,5679,2019-09-26 13:45:00-05,0.596,-0.064,14264,2019-09-26 13:45:00
1119321,1119321,5679,2019-09-26 14:00:00-05,0.863,-0.356,14265,2019-09-26 14:00:00
1119322,1119322,5679,2019-09-26 14:15:00-05,1.347,-0.801,14266,2019-09-26 14:15:00
1119323,1119323,5679,2019-09-26 14:30:00-05,1.658,-1.159,14267,2019-09-26 14:30:00
1119324,1119324,5679,2019-09-26 14:45:00-05,1.679,-1.307,14268,2019-09-26 14:45:00
1119325,1119325,5679,2019-09-26 15:00:00-05,1.462,-1.099,14269,2019-09-26 15:00:00
1119326,1119326,5679,2019-09-26 15:15:00-05,1.159,-0.81,14270,2019-09-26 15:15:00
1119327,1119327,5679,2019-09-26 15:30:00-05,1.325,-0.751,14271,2019-09-26 15:30:00
1119328,1119328,5679,2019-09-26 15:45:00-05,0.875,-0.476,14272,2019-09-26 15:45:00
1119329,1119329,5679,2019-09-26 16:00:00-05,0.702,-0.244,14273,2019-09-26 16:00:00
1119330,1119330,5679,2019-09-26 16:15:00-05,0.658,0.07,14274,2019-09-26 16:15:00
1119331,1119331,5679,2019-09-26 16:30:00-05,0.488,0.026,14275,2019-09-26 16:30:00
1119332,1119332,5679,2019-09-26 16:45:00-05,0.235,0.329,14276,2019-09-26 16:45:00
1119333,1119333,5679,2019-09-26 17:00:00-05,0.148,0.259,14277,2019-09-26 17:00:00
1119334,1119334,5679,2019-09-26 17:15:00-05,0.094,0.41,14278,2019-09-26 17:15:00
1119335,1119335,5679,2019-09-26 17:30:00-05,0.053,0.336,14279,2019-09-26 17:30:00
1119336,1119336,5679,2019-09-26 17:45:00-05,0.015,0.372,14280,2019-09-26 17:45:00
1119337,1119337,5679,2019-09-26 18:00:00-05,0.006,0.473,14281,2019-09-26 18:00:00
1119338,1119338,5679,2019-09-26 18:15:00-05,0.006,0.421,14282,2019-09-26 18:15:00
1119339,1119339,5679,2019-09-26 18:30:00-05,0.006,0.536,14283,2019-09-26 18:30:00
1119340,1119340,5679,2019-09-26 18:45:00-05,0.006,0.572,14284,2019-09-26 18:45:00
1119341,1119341,5679,2019-09-26 19:00:00-05,0.006,0.441,14285,2019-09-26 19:00:00
1119342,1119342,5679,2019-09-26 19:15:00-05,0.006,0.485,14286,2019-09-26 19:15:00
1119343,1119343,5679,2019-09-26 19:30:00-05,0.006,0.551,14287,2019-09-26 19:30:00
1119344,1119344,5679,2019-09-26 19:45:00-05,0.006,0.679,14288,2019-09-26 19:45:00
1119345,1119345,5679,2019-09-26 20:00:00-05,0.006,0.607,14289,2019-09-26 20:00:00
1119346,1119346,5679,2019-09-26 20:15:00-05,0.006,0.501,14290,2019-09-26 20:15:00
1119347,1119347,5679,2019-09-26 20:30:00-05,0.006,0.552,14291,2019-09-26 20:30:00
1119348,1119348,5679,2019-09-26 20:45:00-05,0.006,0.469,14292,2019-09-26 20:45:00
1119349,1119349,5679,2019-09-26 21:00:00-05,0.006,0.487,14293,2019-09-26 21:00:00
1119350,1119350,5679,2019-09-26 21:15:00-05,0.006,0.549,14294,2019-09-26 21:15:00
1119351,1119351,5679,2019-09-26 21:30:00-05,0.007,0.313,14295,2019-09-26 21:30:00
1119352,1119352,5679,2019-09-26 21:45:00-05,0.007,0.286,14296,2019-09-26 21:45:00
1119353,1119353,5679,2019-09-26 22:00:00-05,0.007,0.328,14297,2019-09-26 22:00:00
1119354,1119354,5679,2019-09-26 22:15:00-05,0.007,0.18,14298,2019-09-26 22:15:00
1119355,1119355,5679,2019-09-26 22:30:00-05,0.007,0.182,14299,2019-09-26 22:30:00
1119356,1119356,5679,2019-09-26 22:45:00-05,0.007,0.276,14300,2019-09-26 22:45:00
1119357,1119357,5679,2019-09-26 23:00:00-05,0.007,0.18,14301,2019-09-26 23:00:00
1119358,1119358,5679,2019-09-26 23:15:00-05,0.007,0.18,14302,2019-09-26 23:15:00
1119359,1119359,5679,2019-09-26 23:30:00-05,0.007,0.242,14303,2019-09-26 23:30:00
1119360,1119360,5679,2019-09-26 23:45:00-05,0.007,0.325,14304,2019-09-26 23:45:00
1119361,1119361,5679,2019-09-27 00:00:00-05,0.007,0.289,14305,2019-09-27 00:00:00
1119362,1119362,5679,2019-09-27 00:15:00-05,0.007,0.323,14306,2019-09-27 00:15:00
1119363,1119363,5679,2019-09-27 00:30:00-05,0.007,0.349,14307,2019-09-27 00:30:00
1119364,1119364,5679,2019-09-27 00:45:00-05,0.007,0.399,14308,2019-09-27 00:45:00
1119365,1119365,5679,2019-09-27 01:00:00-05,0.007,0.431,14309,2019-09-27 01:00:00
1119366,1119366,5679,2019-09-27 01:15:00-05,0.007,0.341,14310,2019-09-27 01:15:00
1119367,1119367,5679,2019-09-27 01:30:00-05,0.007,0.181,14311,2019-09-27 01:30:00
1119368,1119368,5679,2019-09-27 01:45:00-05,0.007,0.193,14312,2019-09-27 01:45:00
1119369,1119369,5679,2019-09-27 02:00:00-05,0.007,0.276,14313,2019-09-27 02:00:00
1119370,1119370,5679,2019-09-27 02:15:00-05,0.007,0.185,14314,2019-09-27 02:15:00
1119371,1119371,5679,2019-09-27 02:30:00-05,0.007,0.185,14315,2019-09-27 02:30:00
1119372,1119372,5679,2019-09-27 02:45:00-05,0.007,0.254,14316,2019-09-27 02:45:00
1119373,1119373,5679,2019-09-27 03:00:00-05,0.007,0.263,14317,2019-09-27 03:00:00
1119374,1119374,5679,2019-09-27 03:15:00-05,0.007,0.293,14318,2019-09-27 03:15:00
1119375,1119375,5679,2019-09-27 03:30:00-05,0.007,0.323,14319,2019-09-27 03:30:00
1119376,1119376,5679,2019-09-27 03:45:00-05,0.007,0.355,14320,2019-09-27 03:45:00
1119377,1119377,5679,2019-09-27 04:00:00-05,0.007,0.286,14321,2019-09-27 04:00:00
1119378,1119378,5679,2019-09-27 04:15:00-05,0.007,0.297,14322,2019-09-27 04:15:00
1119379,1119379,5679,2019-09-27 04:30:00-05,0.007,0.37,14323,2019-09-27 04:30:00
1119380,1119380,5679,2019-09-27 04:45:00-05,0.007,0.213,14324,2019-09-27 04:45:00
1119381,1119381,5679,2019-09-27 05:00:00-05,0.007,0.234,14325,2019-09-27 05:00:00
1119382,1119382,5679,2019-09-27 05:15:00-05,0.007,0.399,14326,2019-09-27 05:15:00
1119383,1119383,5679,2019-09-27 05:30:00-05,0.007,0.788,14327,2019-09-27 05:30:00
1119384,1119384,5679,2019-09-27 05:45:00-05,0.007,0.186,14328,2019-09-27 05:45:00
1119385,1119385,5679,2019-09-27 06:00:00-05,0.018,0.711,14329,2019-09-27 06:00:00
1119386,1119386,5679,2019-09-27 06:15:00-05,0.04,0.301,14330,2019-09-27 06:15:00
1119387,1119387,5679,2019-09-27 06:30:00-05,0.06,0.355,14331,2019-09-27 06:30:00
1119388,1119388,5679,2019-09-27 06:45:00-05,0.082,0.72,14332,2019-09-27 06:45:00
1119389,1119389,5679,2019-09-27 07:00:00-05,0.111,0.407,14333,2019-09-27 07:00:00
1119390,1119390,5679,2019-09-27 07:15:00-05,0.146,0.336,14334,2019-09-27 07:15:00
1119391,1119391,5679,2019-09-27 07:30:00-05,0.181,0.258,14335,2019-09-27 07:30:00
1119392,1119392,5679,2019-09-27 07:45:00-05,0.217,0.314,14336,2019-09-27 07:45:00
1119393,1119393,5679,2019-09-27 08:00:00-05,0.29,0.114,14337,2019-09-27 08:00:00
1119394,1119394,5679,2019-09-27 08:15:00-05,0.391,-0.06,14338,2019-09-27 08:15:00
1119395,1119395,5679,2019-09-27 08:30:00-05,0.73,-0.335,14339,2019-09-27 08:30:00
1119396,1119396,5679,2019-09-27 08:45:00-05,1.292,-0.992,14340,2019-09-27 08:45:00
1119397,1119397,5679,2019-09-27 09:00:00-05,1.606,-1.323,14341,2019-09-27 09:00:00
1119398,1119398,5679,2019-09-27 09:15:00-05,1.949,-1.647,14342,2019-09-27 09:15:00
1119399,1119399,5679,2019-09-27 09:30:00-05,2.068,-1.474,14343,2019-09-27 09:30:00
1119400,1119400,5679,2019-09-27 09:45:00-05,1.798,-1.498,14344,2019-09-27 09:45:00
1119401,1119401,5679,2019-09-27 10:00:00-05,1.736,-1.232,14345,2019-09-27 10:00:00
1119402,1119402,5679,2019-09-27 10:15:00-05,2.05,-1.446,14346,2019-09-27 10:15:00
1119403,1119403,5679,2019-09-27 10:30:00-05,2.662,-2.301,14347,2019-09-27 10:30:00
1119404,1119404,5679,2019-09-27 10:45:00-05,3.341,-2.982,14348,2019-09-27 10:45:00
1119405,1119405,5679,2019-09-27 11:00:00-05,3.672,-3.268,14349,2019-09-27 11:00:00
1119406,1119406,5679,2019-09-27 11:15:00-05,3.851,-3.415,14350,2019-09-27 11:15:00
1119407,1119407,5679,2019-09-27 11:30:00-05,3.944,-3.475,14351,2019-09-27 11:30:00
1119408,1119408,5679,2019-09-27 11:45:00-05,3.891,-3.607,14352,2019-09-27 11:45:00
1119409,1119409,5679,2019-09-27 12:00:00-05,3.86,-3.531,14353,2019-09-27 12:00:00
1119410,1119410,5679,2019-09-27 12:15:00-05,3.743,-2.985,14354,2019-09-27 12:15:00
1119411,1119411,5679,2019-09-27 12:30:00-05,3.543,-2.987,14355,2019-09-27 12:30:00
1119412,1119412,5679,2019-09-27 12:45:00-05,3.374,-2.931,14356,2019-09-27 12:45:00
1119413,1119413,5679,2019-09-27 13:00:00-05,3.046,-2.718,14357,2019-09-27 13:00:00
1119414,1119414,5679,2019-09-27 13:15:00-05,2.476,-1.976,14358,2019-09-27 13:15:00
1119415,1119415,5679,2019-09-27 13:30:00-05,2.295,-1.901,14359,2019-09-27 13:30:00
1119416,1119416,5679,2019-09-27 13:45:00-05,2.121,-1.733,14360,2019-09-27 13:45:00
1119417,1119417,5679,2019-09-27 14:00:00-05,1.864,-1.35,14361,2019-09-27 14:00:00
1119418,1119418,5679,2019-09-27 14:15:00-05,1.735,-1.308,14362,2019-09-27 14:15:00
1119419,1119419,5679,2019-09-27 14:30:00-05,1.623,-1.226,14363,2019-09-27 14:30:00
1119420,1119420,5679,2019-09-27 14:45:00-05,1.497,-0.936,14364,2019-09-27 14:45:00
1119421,1119421,5679,2019-09-27 15:00:00-05,1.36,-0.809,14365,2019-09-27 15:00:00
1119422,1119422,5679,2019-09-27 15:15:00-05,1.213,-0.977,14366,2019-09-27 15:15:00
1119423,1119423,5679,2019-09-27 15:30:00-05,1.069,-0.78,14367,2019-09-27 15:30:00
1119424,1119424,5679,2019-09-27 15:45:00-05,0.792,-0.516,14368,2019-09-27 15:45:00
1119425,1119425,5679,2019-09-27 16:00:00-05,0.569,-0.391,14369,2019-09-27 16:00:00
1119426,1119426,5679,2019-09-27 16:15:00-05,0.356,-0.161,14370,2019-09-27 16:15:00
1119427,1119427,5679,2019-09-27 16:30:00-05,0.325,-0.033,14371,2019-09-27 16:30:00
1119428,1119428,5679,2019-09-27 16:45:00-05,0.22,0.066,14372,2019-09-27 16:45:00
1119429,1119429,5679,2019-09-27 17:00:00-05,0.099,0.268,14373,2019-09-27 17:00:00
1119430,1119430,5679,2019-09-27 17:15:00-05,0.051,4.615,14374,2019-09-27 17:15:00
1119431,1119431,5679,2019-09-27 17:30:00-05,0.017,7.124,14375,2019-09-27 17:30:00
1119432,1119432,5679,2019-09-27 17:45:00-05,0.001,7.18,14376,2019-09-27 17:45:00
1119433,1119433,5679,2019-09-27 18:00:00-05,-0.001,7.217,14377,2019-09-27 18:00:00
1119434,1119434,5679,2019-09-27 18:15:00-05,-0.001,7.249,14378,2019-09-27 18:15:00
1119435,1119435,5679,2019-09-27 18:30:00-05,0.0,5.563,14379,2019-09-27 18:30:00
1119436,1119436,5679,2019-09-27 18:45:00-05,0.005,0.57,14380,2019-09-27 18:45:00
1119437,1119437,5679,2019-09-27 19:00:00-05,0.006,0.406,14381,2019-09-27 19:00:00
1119438,1119438,5679,2019-09-27 19:15:00-05,0.006,0.353,14382,2019-09-27 19:15:00
1119439,1119439,5679,2019-09-27 19:30:00-05,0.006,0.408,14383,2019-09-27 19:30:00
1119440,1119440,5679,2019-09-27 19:45:00-05,0.006,0.424,14384,2019-09-27 19:45:00
1119441,1119441,5679,2019-09-27 20:00:00-05,0.006,0.465,14385,2019-09-27 20:00:00
1119442,1119442,5679,2019-09-27 20:15:00-05,0.006,0.312,14386,2019-09-27 20:15:00
1119443,1119443,5679,2019-09-27 20:30:00-05,0.006,0.3,14387,2019-09-27 20:30:00
1119444,1119444,5679,2019-09-27 20:45:00-05,0.006,0.24,14388,2019-09-27 20:45:00
1119445,1119445,5679,2019-09-27 21:00:00-05,0.006,0.259,14389,2019-09-27 21:00:00
1119446,1119446,5679,2019-09-27 21:15:00-05,0.006,0.328,14390,2019-09-27 21:15:00
1119447,1119447,5679,2019-09-27 21:30:00-05,0.006,0.232,14391,2019-09-27 21:30:00
1119448,1119448,5679,2019-09-27 21:45:00-05,0.006,0.231,14392,2019-09-27 21:45:00
1119449,1119449,5679,2019-09-27 22:00:00-05,0.006,0.38,14393,2019-09-27 22:00:00
1119450,1119450,5679,2019-09-27 22:15:00-05,0.006,0.302,14394,2019-09-27 22:15:00
1119451,1119451,5679,2019-09-27 22:30:00-05,0.006,0.319,14395,2019-09-27 22:30:00
1119452,1119452,5679,2019-09-27 22:45:00-05,0.006,0.476,14396,2019-09-27 22:45:00
1119453,1119453,5679,2019-09-27 23:00:00-05,0.006,0.418,14397,2019-09-27 23:00:00
1119454,1119454,5679,2019-09-27 23:15:00-05,0.007,0.298,14398,2019-09-27 23:15:00
1119455,1119455,5679,2019-09-27 23:30:00-05,0.006,0.321,14399,2019-09-27 23:30:00
1119456,1119456,5679,2019-09-27 23:45:00-05,0.007,0.247,14400,2019-09-27 23:45:00
1119457,1119457,5679,2019-09-28 00:00:00-05,0.007,0.232,14401,2019-09-28 00:00:00
1119458,1119458,5679,2019-09-28 00:15:00-05,0.007,0.409,14402,2019-09-28 00:15:00
1119459,1119459,5679,2019-09-28 00:30:00-05,0.007,0.414,14403,2019-09-28 00:30:00
1119460,1119460,5679,2019-09-28 00:45:00-05,0.007,0.342,14404,2019-09-28 00:45:00
1119461,1119461,5679,2019-09-28 01:00:00-05,0.007,0.311,14405,2019-09-28 01:00:00
1119462,1119462,5679,2019-09-28 01:15:00-05,0.006,0.497,14406,2019-09-28 01:15:00
1119463,1119463,5679,2019-09-28 01:30:00-05,0.007,0.524,14407,2019-09-28 01:30:00
1119464,1119464,5679,2019-09-28 01:45:00-05,0.007,0.451,14408,2019-09-28 01:45:00
1119465,1119465,5679,2019-09-28 02:00:00-05,0.007,0.477,14409,2019-09-28 02:00:00
1119466,1119466,5679,2019-09-28 02:15:00-05,0.007,0.455,14410,2019-09-28 02:15:00
1119467,1119467,5679,2019-09-28 02:30:00-05,0.007,0.417,14411,2019-09-28 02:30:00
1119468,1119468,5679,2019-09-28 02:45:00-05,0.007,0.457,14412,2019-09-28 02:45:00
1119469,1119469,5679,2019-09-28 03:00:00-05,0.007,0.335,14413,2019-09-28 03:00:00
1119470,1119470,5679,2019-09-28 03:15:00-05,0.007,0.319,14414,2019-09-28 03:15:00
1119471,1119471,5679,2019-09-28 03:30:00-05,0.007,0.339,14415,2019-09-28 03:30:00
1119472,1119472,5679,2019-09-28 03:45:00-05,0.007,0.365,14416,2019-09-28 03:45:00
1119473,1119473,5679,2019-09-28 04:00:00-05,0.007,0.292,14417,2019-09-28 04:00:00
1119474,1119474,5679,2019-09-28 04:15:00-05,0.007,0.376,14418,2019-09-28 04:15:00
1119475,1119475,5679,2019-09-28 04:30:00-05,0.006,0.496,14419,2019-09-28 04:30:00
1119476,1119476,5679,2019-09-28 04:45:00-05,0.007,0.398,14420,2019-09-28 04:45:00
1119477,1119477,5679,2019-09-28 05:00:00-05,0.007,0.396,14421,2019-09-28 05:00:00
1119478,1119478,5679,2019-09-28 05:15:00-05,0.006,0.578,14422,2019-09-28 05:15:00
1119479,1119479,5679,2019-09-28 05:30:00-05,0.006,1.135,14423,2019-09-28 05:30:00
1119480,1119480,5679,2019-09-28 05:45:00-05,0.007,0.368,14424,2019-09-28 05:45:00
1119481,1119481,5679,2019-09-28 06:00:00-05,0.011,0.287,14425,2019-09-28 06:00:00
1119482,1119482,5679,2019-09-28 06:15:00-05,0.024,0.428,14426,2019-09-28 06:15:00
1119483,1119483,5679,2019-09-28 06:30:00-05,0.067,0.229,14427,2019-09-28 06:30:00
1119484,1119484,5679,2019-09-28 06:45:00-05,0.161,0.074,14428,2019-09-28 06:45:00
1119485,1119485,5679,2019-09-28 07:00:00-05,0.123,0.449,14429,2019-09-28 07:00:00
1119486,1119486,5679,2019-09-28 07:15:00-05,0.187,0.011,14430,2019-09-28 07:15:00
1119487,1119487,5679,2019-09-28 07:30:00-05,0.248,0.14,14431,2019-09-28 07:30:00
1119488,1119488,5679,2019-09-28 07:45:00-05,0.259,0.268,14432,2019-09-28 07:45:00
1119489,1119489,5679,2019-09-28 08:00:00-05,0.27,0.181,14433,2019-09-28 08:00:00
1119490,1119490,5679,2019-09-28 08:15:00-05,0.377,0.055,14434,2019-09-28 08:15:00
1119491,1119491,5679,2019-09-28 08:30:00-05,0.739,-0.235,14435,2019-09-28 08:30:00
1119492,1119492,5679,2019-09-28 08:45:00-05,1.378,-0.886,14436,2019-09-28 08:45:00
1119493,1119493,5679,2019-09-28 09:00:00-05,1.486,-1.064,14437,2019-09-28 09:00:00
1119494,1119494,5679,2019-09-28 09:15:00-05,1.732,-1.356,14438,2019-09-28 09:15:00
1119495,1119495,5679,2019-09-28 09:30:00-05,1.276,-0.893,14439,2019-09-28 09:30:00
1119496,1119496,5679,2019-09-28 09:45:00-05,1.572,-1.276,14440,2019-09-28 09:45:00
1119497,1119497,5679,2019-09-28 10:00:00-05,1.542,-1.15,14441,2019-09-28 10:00:00
1119498,1119498,5679,2019-09-28 10:15:00-05,1.815,-1.507,14442,2019-09-28 10:15:00
1119499,1119499,5679,2019-09-28 10:30:00-05,2.301,-2.033,14443,2019-09-28 10:30:00
1119500,1119500,5679,2019-09-28 10:45:00-05,2.905,-2.608,14444,2019-09-28 10:45:00
1119501,1119501,5679,2019-09-28 11:00:00-05,2.694,-2.23,14445,2019-09-28 11:00:00
1119502,1119502,5679,2019-09-28 11:15:00-05,4.041,-3.593,14446,2019-09-28 11:15:00
1119503,1119503,5679,2019-09-28 11:30:00-05,3.857,-3.452,14447,2019-09-28 11:30:00
1119504,1119504,5679,2019-09-28 11:45:00-05,3.589,-3.121,14448,2019-09-28 11:45:00
1119505,1119505,5679,2019-09-28 12:00:00-05,2.346,-1.968,14449,2019-09-28 12:00:00
1119506,1119506,5679,2019-09-28 12:15:00-05,1.999,-1.618,14450,2019-09-28 12:15:00
1119507,1119507,5679,2019-09-28 12:30:00-05,1.634,-0.384,14451,2019-09-28 12:30:00
1119508,1119508,5679,2019-09-28 12:45:00-05,1.548,0.564,14452,2019-09-28 12:45:00
1119509,1119509,5679,2019-09-28 13:00:00-05,3.039,-1.013,14453,2019-09-28 13:00:00
1119510,1119510,5679,2019-09-28 13:15:00-05,2.178,0.102,14454,2019-09-28 13:15:00
1119511,1119511,5679,2019-09-28 13:30:00-05,2.204,-0.111,14455,2019-09-28 13:30:00
1119512,1119512,5679,2019-09-28 13:45:00-05,1.631,0.335,14456,2019-09-28 13:45:00
1119513,1119513,5679,2019-09-28 14:00:00-05,1.741,0.434,14457,2019-09-28 14:00:00
1119514,1119514,5679,2019-09-28 14:15:00-05,1.653,0.501,14458,2019-09-28 14:15:00
1119515,1119515,5679,2019-09-28 14:30:00-05,1.688,0.367,14459,2019-09-28 14:30:00
1119516,1119516,5679,2019-09-28 14:45:00-05,1.579,0.627,14460,2019-09-28 14:45:00
1119517,1119517,5679,2019-09-28 15:00:00-05,1.366,0.061,14461,2019-09-28 15:00:00
1119518,1119518,5679,2019-09-28 15:15:00-05,1.406,-0.408,14462,2019-09-28 15:15:00
1119519,1119519,5679,2019-09-28 15:30:00-05,1.002,0.182,14463,2019-09-28 15:30:00
1119520,1119520,5679,2019-09-28 15:45:00-05,0.643,0.796,14464,2019-09-28 15:45:00
1119521,1119521,5679,2019-09-28 16:00:00-05,0.321,0.798,14465,2019-09-28 16:00:00
1119522,1119522,5679,2019-09-28 16:15:00-05,0.238,0.172,14466,2019-09-28 16:15:00
1119523,1119523,5679,2019-09-28 16:30:00-05,0.116,0.381,14467,2019-09-28 16:30:00
1119524,1119524,5679,2019-09-28 16:45:00-05,0.125,0.277,14468,2019-09-28 16:45:00
1119525,1119525,5679,2019-09-28 17:00:00-05,0.1,0.237,14469,2019-09-28 17:00:00
1119526,1119526,5679,2019-09-28 17:15:00-05,0.066,0.328,14470,2019-09-28 17:15:00
1119527,1119527,5679,2019-09-28 17:30:00-05,0.013,0.278,14471,2019-09-28 17:30:00
1119528,1119528,5679,2019-09-28 17:45:00-05,0.006,0.24,14472,2019-09-28 17:45:00
1119529,1119529,5679,2019-09-28 18:00:00-05,0.006,0.278,14473,2019-09-28 18:00:00
1119530,1119530,5679,2019-09-28 18:15:00-05,0.006,0.181,14474,2019-09-28 18:15:00
1119531,1119531,5679,2019-09-28 18:30:00-05,0.006,0.18,14475,2019-09-28 18:30:00
1119532,1119532,5679,2019-09-28 18:45:00-05,0.006,0.272,14476,2019-09-28 18:45:00
1119533,1119533,5679,2019-09-28 19:00:00-05,0.006,0.191,14477,2019-09-28 19:00:00
1119534,1119534,5679,2019-09-28 19:15:00-05,0.006,0.181,14478,2019-09-28 19:15:00
1119535,1119535,5679,2019-09-28 19:30:00-05,0.006,0.339,14479,2019-09-28 19:30:00
1119536,1119536,5679,2019-09-28 19:45:00-05,0.006,0.335,14480,2019-09-28 19:45:00
1119537,1119537,5679,2019-09-28 20:00:00-05,0.006,0.29,14481,2019-09-28 20:00:00
1119538,1119538,5679,2019-09-28 20:15:00-05,0.006,0.335,14482,2019-09-28 20:15:00
1119539,1119539,5679,2019-09-28 20:30:00-05,0.001,5.266,14483,2019-09-28 20:30:00
1119540,1119540,5679,2019-09-28 20:45:00-05,-0.002,7.966,14484,2019-09-28 20:45:00
1119541,1119541,5679,2019-09-28 21:00:00-05,-0.002,7.856,14485,2019-09-28 21:00:00
1119542,1119542,5679,2019-09-28 21:15:00-05,-0.002,7.893,14486,2019-09-28 21:15:00
1119543,1119543,5679,2019-09-28 21:30:00-05,-0.001,7.255,14487,2019-09-28 21:30:00
1119544,1119544,5679,2019-09-28 21:45:00-05,-0.001,7.331,14488,2019-09-28 21:45:00
1119545,1119545,5679,2019-09-28 22:00:00-05,-0.001,7.437,14489,2019-09-28 22:00:00
1119546,1119546,5679,2019-09-28 22:15:00-05,0.004,1.355,14490,2019-09-28 22:15:00
1119547,1119547,5679,2019-09-28 22:30:00-05,0.006,0.317,14491,2019-09-28 22:30:00
1119548,1119548,5679,2019-09-28 22:45:00-05,0.006,0.296,14492,2019-09-28 22:45:00
1119549,1119549,5679,2019-09-28 23:00:00-05,0.006,0.29,14493,2019-09-28 23:00:00
1119550,1119550,5679,2019-09-28 23:15:00-05,0.006,0.334,14494,2019-09-28 23:15:00
1119551,1119551,5679,2019-09-28 23:30:00-05,0.006,0.379,14495,2019-09-28 23:30:00
1119552,1119552,5679,2019-09-28 23:45:00-05,0.006,0.284,14496,2019-09-28 23:45:00
1119553,1119553,5679,2019-09-29 00:00:00-05,0.006,0.31,14497,2019-09-29 00:00:00
1119554,1119554,5679,2019-09-29 00:15:00-05,0.006,0.267,14498,2019-09-29 00:15:00
1119555,1119555,5679,2019-09-29 00:30:00-05,0.006,0.18,14499,2019-09-29 00:30:00
1119556,1119556,5679,2019-09-29 00:45:00-05,0.006,0.182,14500,2019-09-29 00:45:00
1119557,1119557,5679,2019-09-29 01:00:00-05,0.006,0.269,14501,2019-09-29 01:00:00
1119558,1119558,5679,2019-09-29 01:15:00-05,0.006,0.179,14502,2019-09-29 01:15:00
1119559,1119559,5679,2019-09-29 01:30:00-05,0.006,0.179,14503,2019-09-29 01:30:00
1119560,1119560,5679,2019-09-29 01:45:00-05,0.006,0.359,14504,2019-09-29 01:45:00
1119561,1119561,5679,2019-09-29 02:00:00-05,0.006,0.289,14505,2019-09-29 02:00:00
1119562,1119562,5679,2019-09-29 02:15:00-05,0.006,0.288,14506,2019-09-29 02:15:00
1119563,1119563,5679,2019-09-29 02:30:00-05,0.006,0.389,14507,2019-09-29 02:30:00
1119564,1119564,5679,2019-09-29 02:45:00-05,0.006,0.363,14508,2019-09-29 02:45:00
1119565,1119565,5679,2019-09-29 03:00:00-05,0.006,0.412,14509,2019-09-29 03:00:00
1119566,1119566,5679,2019-09-29 03:15:00-05,0.006,0.51,14510,2019-09-29 03:15:00
1119567,1119567,5679,2019-09-29 03:30:00-05,0.006,0.296,14511,2019-09-29 03:30:00
1119568,1119568,5679,2019-09-29 03:45:00-05,0.006,0.373,14512,2019-09-29 03:45:00
1119569,1119569,5679,2019-09-29 04:00:00-05,0.006,0.48,14513,2019-09-29 04:00:00
1119570,1119570,5679,2019-09-29 04:15:00-05,0.006,0.236,14514,2019-09-29 04:15:00
1119571,1119571,5679,2019-09-29 04:30:00-05,0.006,0.311,14515,2019-09-29 04:30:00
1119572,1119572,5679,2019-09-29 04:45:00-05,0.006,0.378,14516,2019-09-29 04:45:00
1119573,1119573,5679,2019-09-29 05:00:00-05,0.006,0.398,14517,2019-09-29 05:00:00
1119574,1119574,5679,2019-09-29 05:15:00-05,0.006,0.408,14518,2019-09-29 05:15:00
1119575,1119575,5679,2019-09-29 05:30:00-05,0.006,0.467,14519,2019-09-29 05:30:00
1119576,1119576,5679,2019-09-29 05:45:00-05,0.006,1.115,14520,2019-09-29 05:45:00
1119577,1119577,5679,2019-09-29 06:00:00-05,0.033,0.491,14521,2019-09-29 06:00:00
1119578,1119578,5679,2019-09-29 06:15:00-05,0.052,0.427,14522,2019-09-29 06:15:00
1119579,1119579,5679,2019-09-29 06:30:00-05,0.055,0.364,14523,2019-09-29 06:30:00
1119580,1119580,5679,2019-09-29 06:45:00-05,0.125,0.173,14524,2019-09-29 06:45:00
1119581,1119581,5679,2019-09-29 07:00:00-05,0.115,0.236,14525,2019-09-29 07:00:00
1119582,1119582,5679,2019-09-29 07:15:00-05,0.349,0.251,14526,2019-09-29 07:15:00
1119583,1119583,5679,2019-09-29 07:30:00-05,0.405,0.229,14527,2019-09-29 07:30:00
1119584,1119584,5679,2019-09-29 07:45:00-05,0.477,0.017,14528,2019-09-29 07:45:00
1119585,1119585,5679,2019-09-29 08:00:00-05,0.664,-0.126,14529,2019-09-29 08:00:00
1119586,1119586,5679,2019-09-29 08:15:00-05,0.85,0.126,14530,2019-09-29 08:15:00
1119587,1119587,5679,2019-09-29 08:30:00-05,0.859,0.33,14531,2019-09-29 08:30:00
1119588,1119588,5679,2019-09-29 08:45:00-05,1.209,4.011,14532,2019-09-29 08:45:00
1119589,1119589,5679,2019-09-29 09:00:00-05,1.457,3.038,14533,2019-09-29 09:00:00
1119590,1119590,5679,2019-09-29 09:15:00-05,0.912,2.602,14534,2019-09-29 09:15:00
1119591,1119591,5679,2019-09-29 09:30:00-05,1.434,-0.36,14535,2019-09-29 09:30:00
1119592,1119592,5679,2019-09-29 09:45:00-05,1.451,2.356,14536,2019-09-29 09:45:00
1119593,1119593,5679,2019-09-29 10:00:00-05,2.12,1.979,14537,2019-09-29 10:00:00
1119594,1119594,5679,2019-09-29 10:15:00-05,1.701,0.379,14538,2019-09-29 10:15:00
1119595,1119595,5679,2019-09-29 10:30:00-05,2.635,-1.633,14539,2019-09-29 10:30:00
1119596,1119596,5679,2019-09-29 10:45:00-05,3.266,-3.097,14540,2019-09-29 10:45:00
1119597,1119597,5679,2019-09-29 11:00:00-05,3.557,-3.252,14541,2019-09-29 11:00:00
1119598,1119598,5679,2019-09-29 11:15:00-05,3.482,-3.004,14542,2019-09-29 11:15:00
1119599,1119599,5679,2019-09-29 11:30:00-05,3.339,-2.952,14543,2019-09-29 11:30:00
1119600,1119600,5679,2019-09-29 11:45:00-05,3.867,-3.454,14544,2019-09-29 11:45:00
1119601,1119601,5679,2019-09-29 12:00:00-05,3.807,-3.481,14545,2019-09-29 12:00:00
1119602,1119602,5679,2019-09-29 12:15:00-05,3.398,-3.071,14546,2019-09-29 12:15:00
1119603,1119603,5679,2019-09-29 12:30:00-05,3.426,-3.016,14547,2019-09-29 12:30:00
1119604,1119604,5679,2019-09-29 12:45:00-05,2.569,-1.847,14548,2019-09-29 12:45:00
1119605,1119605,5679,2019-09-29 13:00:00-05,3.041,-2.515,14549,2019-09-29 13:00:00
1119606,1119606,5679,2019-09-29 13:15:00-05,2.478,-2.013,14550,2019-09-29 13:15:00
1119607,1119607,5679,2019-09-29 13:30:00-05,1.644,-1.358,14551,2019-09-29 13:30:00
1119608,1119608,5679,2019-09-29 13:45:00-05,2.357,-2.039,14552,2019-09-29 13:45:00
1119609,1119609,5679,2019-09-29 14:00:00-05,2.095,-1.768,14553,2019-09-29 14:00:00
1119610,1119610,5679,2019-09-29 14:15:00-05,2.016,-1.741,14554,2019-09-29 14:15:00
1119611,1119611,5679,2019-09-29 14:30:00-05,1.764,-1.449,14555,2019-09-29 14:30:00
1119612,1119612,5679,2019-09-29 14:45:00-05,1.599,-0.695,14556,2019-09-29 14:45:00
1119613,1119613,5679,2019-09-29 15:00:00-05,1.516,-1.097,14557,2019-09-29 15:00:00
1119614,1119614,5679,2019-09-29 15:15:00-05,1.391,-0.914,14558,2019-09-29 15:15:00
1119615,1119615,5679,2019-09-29 15:30:00-05,0.893,-0.556,14559,2019-09-29 15:30:00
1119616,1119616,5679,2019-09-29 15:45:00-05,0.493,-0.082,14560,2019-09-29 15:45:00
1119617,1119617,5679,2019-09-29 16:00:00-05,0.589,-0.048,14561,2019-09-29 16:00:00
1119618,1119618,5679,2019-09-29 16:15:00-05,0.479,0.17,14562,2019-09-29 16:15:00
1119619,1119619,5679,2019-09-29 16:30:00-05,0.317,0.152,14563,2019-09-29 16:30:00
1119620,1119620,5679,2019-09-29 16:45:00-05,0.209,0.498,14564,2019-09-29 16:45:00
1119621,1119621,5679,2019-09-29 17:00:00-05,0.16,0.599,14565,2019-09-29 17:00:00
1119622,1119622,5679,2019-09-29 17:15:00-05,0.053,0.375,14566,2019-09-29 17:15:00
1119623,1119623,5679,2019-09-29 17:30:00-05,0.017,0.571,14567,2019-09-29 17:30:00
1119624,1119624,5679,2019-09-29 17:45:00-05,0.006,0.465,14568,2019-09-29 17:45:00
1119625,1119625,5679,2019-09-29 18:00:00-05,0.006,0.516,14569,2019-09-29 18:00:00
1119626,1119626,5679,2019-09-29 18:15:00-05,0.006,0.599,14570,2019-09-29 18:15:00
1119627,1119627,5679,2019-09-29 18:30:00-05,0.006,0.502,14571,2019-09-29 18:30:00
1119628,1119628,5679,2019-09-29 18:45:00-05,0.006,0.514,14572,2019-09-29 18:45:00
1119629,1119629,5679,2019-09-29 19:00:00-05,0.006,0.472,14573,2019-09-29 19:00:00
1119630,1119630,5679,2019-09-29 19:15:00-05,0.006,0.379,14574,2019-09-29 19:15:00
1119631,1119631,5679,2019-09-29 19:30:00-05,0.006,0.406,14575,2019-09-29 19:30:00
1119632,1119632,5679,2019-09-29 19:45:00-05,0.006,0.441,14576,2019-09-29 19:45:00
1119633,1119633,5679,2019-09-29 20:00:00-05,0.006,0.386,14577,2019-09-29 20:00:00
1119634,1119634,5679,2019-09-29 20:15:00-05,0.006,0.397,14578,2019-09-29 20:15:00
1119635,1119635,5679,2019-09-29 20:30:00-05,0.006,0.547,14579,2019-09-29 20:30:00
1119636,1119636,5679,2019-09-29 20:45:00-05,0.006,0.488,14580,2019-09-29 20:45:00
1119637,1119637,5679,2019-09-29 21:00:00-05,0.006,0.486,14581,2019-09-29 21:00:00
1119638,1119638,5679,2019-09-29 21:15:00-05,0.006,0.401,14582,2019-09-29 21:15:00
1119639,1119639,5679,2019-09-29 21:30:00-05,0.007,0.286,14583,2019-09-29 21:30:00
1119640,1119640,5679,2019-09-29 21:45:00-05,0.007,0.331,14584,2019-09-29 21:45:00
1119641,1119641,5679,2019-09-29 22:00:00-05,0.007,0.327,14585,2019-09-29 22:00:00
1119642,1119642,5679,2019-09-29 22:15:00-05,0.007,0.284,14586,2019-09-29 22:15:00
1119643,1119643,5679,2019-09-29 22:30:00-05,0.007,0.285,14587,2019-09-29 22:30:00
1119644,1119644,5679,2019-09-29 22:45:00-05,0.007,0.202,14588,2019-09-29 22:45:00
1119645,1119645,5679,2019-09-29 23:00:00-05,0.007,0.177,14589,2019-09-29 23:00:00
1119646,1119646,5679,2019-09-29 23:15:00-05,0.007,0.243,14590,2019-09-29 23:15:00
1119647,1119647,5679,2019-09-29 23:30:00-05,0.007,0.228,14591,2019-09-29 23:30:00
1119648,1119648,5679,2019-09-29 23:45:00-05,0.007,0.291,14592,2019-09-29 23:45:00
1119649,1119649,5679,2019-09-30 00:00:00-05,0.007,0.328,14593,2019-09-30 00:00:00
1119650,1119650,5679,2019-09-30 00:15:00-05,0.007,0.314,14594,2019-09-30 00:15:00
1119651,1119651,5679,2019-09-30 00:30:00-05,0.007,0.287,14595,2019-09-30 00:30:00
1119652,1119652,5679,2019-09-30 00:45:00-05,0.007,0.353,14596,2019-09-30 00:45:00
1119653,1119653,5679,2019-09-30 01:00:00-05,0.007,0.307,14597,2019-09-30 01:00:00
1119654,1119654,5679,2019-09-30 01:15:00-05,0.007,0.284,14598,2019-09-30 01:15:00
1119655,1119655,5679,2019-09-30 01:30:00-05,0.007,0.365,14599,2019-09-30 01:30:00
1119656,1119656,5679,2019-09-30 01:45:00-05,0.007,0.242,14600,2019-09-30 01:45:00
1119657,1119657,5679,2019-09-30 02:00:00-05,0.007,0.176,14601,2019-09-30 02:00:00
1119658,1119658,5679,2019-09-30 02:15:00-05,0.007,0.265,14602,2019-09-30 02:15:00
1119659,1119659,5679,2019-09-30 02:30:00-05,0.007,0.177,14603,2019-09-30 02:30:00
1119660,1119660,5679,2019-09-30 02:45:00-05,0.007,0.177,14604,2019-09-30 02:45:00
1119661,1119661,5679,2019-09-30 03:00:00-05,0.007,0.255,14605,2019-09-30 03:00:00
1119662,1119662,5679,2019-09-30 03:15:00-05,0.007,0.181,14606,2019-09-30 03:15:00
1119663,1119663,5679,2019-09-30 03:30:00-05,0.007,0.275,14607,2019-09-30 03:30:00
1119664,1119664,5679,2019-09-30 03:45:00-05,0.007,0.348,14608,2019-09-30 03:45:00
1119665,1119665,5679,2019-09-30 04:00:00-05,0.007,0.311,14609,2019-09-30 04:00:00
1119666,1119666,5679,2019-09-30 04:15:00-05,0.007,0.283,14610,2019-09-30 04:15:00
1119667,1119667,5679,2019-09-30 04:30:00-05,0.007,0.356,14611,2019-09-30 04:30:00
1119668,1119668,5679,2019-09-30 04:45:00-05,0.007,0.299,14612,2019-09-30 04:45:00
1119669,1119669,5679,2019-09-30 05:00:00-05,0.006,0.676,14613,2019-09-30 05:00:00
1119670,1119670,5679,2019-09-30 05:15:00-05,0.007,0.796,14614,2019-09-30 05:15:00
1119671,1119671,5679,2019-09-30 05:30:00-05,0.007,0.503,14615,2019-09-30 05:30:00
1119672,1119672,5679,2019-09-30 05:45:00-05,0.007,0.542,14616,2019-09-30 05:45:00
1119673,1119673,5679,2019-09-30 06:00:00-05,0.013,0.658,14617,2019-09-30 06:00:00
1119674,1119674,5679,2019-09-30 06:15:00-05,0.023,0.382,14618,2019-09-30 06:15:00
1119675,1119675,5679,2019-09-30 06:30:00-05,0.033,0.309,14619,2019-09-30 06:30:00
1119676,1119676,5679,2019-09-30 06:45:00-05,0.057,0.417,14620,2019-09-30 06:45:00
1119677,1119677,5679,2019-09-30 07:00:00-05,0.136,0.329,14621,2019-09-30 07:00:00
1119678,1119678,5679,2019-09-30 07:15:00-05,0.143,0.291,14622,2019-09-30 07:15:00
1119679,1119679,5679,2019-09-30 07:30:00-05,0.291,0.217,14623,2019-09-30 07:30:00
1119680,1119680,5679,2019-09-30 07:45:00-05,0.393,0.055,14624,2019-09-30 07:45:00
1119681,1119681,5679,2019-09-30 08:00:00-05,0.516,-0.089,14625,2019-09-30 08:00:00
1119682,1119682,5679,2019-09-30 08:15:00-05,0.399,0.091,14626,2019-09-30 08:15:00
1119683,1119683,5679,2019-09-30 08:30:00-05,0.358,-0.005,14627,2019-09-30 08:30:00
1119684,1119684,5679,2019-09-30 08:45:00-05,0.342,-0.021,14628,2019-09-30 08:45:00
1119685,1119685,5679,2019-09-30 09:00:00-05,0.143,0.261,14629,2019-09-30 09:00:00
1119686,1119686,5679,2019-09-30 09:15:00-05,0.184,0.142,14630,2019-09-30 09:15:00
1119687,1119687,5679,2019-09-30 09:30:00-05,0.253,0.061,14631,2019-09-30 09:30:00
1119688,1119688,5679,2019-09-30 09:45:00-05,0.207,0.179,14632,2019-09-30 09:45:00
1119689,1119689,5679,2019-09-30 10:00:00-05,0.205,7.206,14633,2019-09-30 10:00:00
1119690,1119690,5679,2019-09-30 10:15:00-05,0.219,7.381,14634,2019-09-30 10:15:00
1119691,1119691,5679,2019-09-30 10:30:00-05,0.206,7.82,14635,2019-09-30 10:30:00
1119692,1119692,5679,2019-09-30 10:45:00-05,0.389,7.951,14636,2019-09-30 10:45:00
1119693,1119693,5679,2019-09-30 11:00:00-05,0.361,6.039,14637,2019-09-30 11:00:00
1119694,1119694,5679,2019-09-30 11:15:00-05,0.547,0.187,14638,2019-09-30 11:15:00
1119695,1119695,5679,2019-09-30 11:30:00-05,0.391,0.435,14639,2019-09-30 11:30:00
1119696,1119696,5679,2019-09-30 11:45:00-05,0.4,1.1,14640,2019-09-30 11:45:00
1119697,1119697,5679,2019-09-30 12:00:00-05,0.266,1.557,14641,2019-09-30 12:00:00
1119698,1119698,5679,2019-09-30 12:15:00-05,0.255,1.562,14642,2019-09-30 12:15:00
1119699,1119699,5679,2019-09-30 12:30:00-05,0.268,0.993,14643,2019-09-30 12:30:00
1119700,1119700,5679,2019-09-30 12:45:00-05,0.327,0.54,14644,2019-09-30 12:45:00
1119701,1119701,5679,2019-09-30 13:00:00-05,0.331,0.952,14645,2019-09-30 13:00:00
1119702,1119702,5679,2019-09-30 13:15:00-05,0.458,0.341,14646,2019-09-30 13:15:00
1119703,1119703,5679,2019-09-30 13:30:00-05,0.338,0.176,14647,2019-09-30 13:30:00
1119704,1119704,5679,2019-09-30 13:45:00-05,0.347,0.177,14648,2019-09-30 13:45:00
1119705,1119705,5679,2019-09-30 14:00:00-05,0.44,-0.019,14649,2019-09-30 14:00:00
1119706,1119706,5679,2019-09-30 14:15:00-05,0.325,0.19,14650,2019-09-30 14:15:00
1119707,1119707,5679,2019-09-30 14:30:00-05,0.225,0.291,14651,2019-09-30 14:30:00
1119708,1119708,5679,2019-09-30 14:45:00-05,0.202,0.354,14652,2019-09-30 14:45:00
1119709,1119709,5679,2019-09-30 15:00:00-05,0.18,0.49,14653,2019-09-30 15:00:00
1119710,1119710,5679,2019-09-30 15:15:00-05,0.136,0.726,14654,2019-09-30 15:15:00
1119711,1119711,5679,2019-09-30 15:30:00-05,0.091,1.854,14655,2019-09-30 15:30:00
1119712,1119712,5679,2019-09-30 15:45:00-05,0.088,2.003,14656,2019-09-30 15:45:00
1119713,1119713,5679,2019-09-30 16:00:00-05,0.08,6.656,14657,2019-09-30 16:00:00
1119714,1119714,5679,2019-09-30 16:15:00-05,0.064,7.738,14658,2019-09-30 16:15:00
1119715,1119715,5679,2019-09-30 16:30:00-05,0.058,7.537,14659,2019-09-30 16:30:00
1119716,1119716,5679,2019-09-30 16:45:00-05,0.037,7.145,14660,2019-09-30 16:45:00
1119717,1119717,5679,2019-09-30 17:00:00-05,0.021,7.774,14661,2019-09-30 17:00:00
1119718,1119718,5679,2019-09-30 17:15:00-05,0.018,3.824,14662,2019-09-30 17:15:00
1119719,1119719,5679,2019-09-30 17:30:00-05,0.007,1.729,14663,2019-09-30 17:30:00
1119720,1119720,5679,2019-09-30 17:45:00-05,0.005,1.576,14664,2019-09-30 17:45:00
1119721,1119721,5679,2019-09-30 18:00:00-05,0.006,1.279,14665,2019-09-30 18:00:00
1119722,1119722,5679,2019-09-30 18:15:00-05,0.006,1.12,14666,2019-09-30 18:15:00
1119723,1119723,5679,2019-09-30 18:30:00-05,0.006,1.438,14667,2019-09-30 18:30:00
1119724,1119724,5679,2019-09-30 18:45:00-05,0.005,1.56,14668,2019-09-30 18:45:00
1119725,1119725,5679,2019-09-30 19:00:00-05,0.006,0.643,14669,2019-09-30 19:00:00
1119726,1119726,5679,2019-09-30 19:15:00-05,0.007,0.597,14670,2019-09-30 19:15:00
1119727,1119727,5679,2019-09-30 19:30:00-05,0.006,0.949,14671,2019-09-30 19:30:00
1119728,1119728,5679,2019-09-30 19:45:00-05,0.005,1.445,14672,2019-09-30 19:45:00
1119729,1119729,5679,2019-09-30 20:00:00-05,0.006,1.235,14673,2019-09-30 20:00:00
1119730,1119730,5679,2019-09-30 20:15:00-05,0.007,0.589,14674,2019-09-30 20:15:00
1119731,1119731,5679,2019-09-30 20:30:00-05,0.007,0.53,14675,2019-09-30 20:30:00
1119732,1119732,5679,2019-09-30 20:45:00-05,0.007,0.448,14676,2019-09-30 20:45:00
1119733,1119733,5679,2019-09-30 21:00:00-05,0.006,1.262,14677,2019-09-30 21:00:00
1119734,1119734,5679,2019-09-30 21:15:00-05,0.007,0.768,14678,2019-09-30 21:15:00
1119735,1119735,5679,2019-09-30 21:30:00-05,0.007,0.275,14679,2019-09-30 21:30:00
1119736,1119736,5679,2019-09-30 21:45:00-05,0.007,0.396,14680,2019-09-30 21:45:00
1119737,1119737,5679,2019-09-30 22:00:00-05,0.007,0.296,14681,2019-09-30 22:00:00
1119738,1119738,5679,2019-09-30 22:15:00-05,0.007,0.29,14682,2019-09-30 22:15:00
1119739,1119739,5679,2019-09-30 22:30:00-05,0.007,0.409,14683,2019-09-30 22:30:00
1119740,1119740,5679,2019-09-30 22:45:00-05,0.007,0.409,14684,2019-09-30 22:45:00
1119741,1119741,5679,2019-09-30 23:00:00-05,0.007,0.427,14685,2019-09-30 23:00:00
1119742,1119742,5679,2019-09-30 23:15:00-05,0.007,0.465,14686,2019-09-30 23:15:00
1119743,1119743,5679,2019-09-30 23:30:00-05,0.007,0.401,14687,2019-09-30 23:30:00
1119744,1119744,5679,2019-09-30 23:45:00-05,0.007,0.475,14688,2019-09-30 23:45:00
1119745,1119745,5679,2019-10-01 00:00:00-05,0.007,0.418,14689,2019-10-01 00:00:00
1119746,1119746,5679,2019-10-01 00:15:00-05,0.007,0.415,14690,2019-10-01 00:15:00
1119747,1119747,5679,2019-10-01 00:30:00-05,0.007,0.491,14691,2019-10-01 00:30:00
1119748,1119748,5679,2019-10-01 00:45:00-05,0.007,0.341,14692,2019-10-01 00:45:00
1119749,1119749,5679,2019-10-01 01:00:00-05,0.007,0.31,14693,2019-10-01 01:00:00
1119750,1119750,5679,2019-10-01 01:15:00-05,0.007,0.361,14694,2019-10-01 01:15:00
1119751,1119751,5679,2019-10-01 01:30:00-05,0.007,0.288,14695,2019-10-01 01:30:00
1119752,1119752,5679,2019-10-01 01:45:00-05,0.007,0.324,14696,2019-10-01 01:45:00
1119753,1119753,5679,2019-10-01 02:00:00-05,0.007,0.331,14697,2019-10-01 02:00:00
1119754,1119754,5679,2019-10-01 02:15:00-05,0.007,0.289,14698,2019-10-01 02:15:00
1119755,1119755,5679,2019-10-01 02:30:00-05,0.007,0.346,14699,2019-10-01 02:30:00
1119756,1119756,5679,2019-10-01 02:45:00-05,0.007,0.415,14700,2019-10-01 02:45:00
1119757,1119757,5679,2019-10-01 03:00:00-05,0.007,0.408,14701,2019-10-01 03:00:00
1119758,1119758,5679,2019-10-01 03:15:00-05,0.007,0.496,14702,2019-10-01 03:15:00
1119759,1119759,5679,2019-10-01 03:30:00-05,0.007,0.416,14703,2019-10-01 03:30:00
1119760,1119760,5679,2019-10-01 03:45:00-05,0.007,0.398,14704,2019-10-01 03:45:00
1119761,1119761,5679,2019-10-01 04:00:00-05,0.007,0.476,14705,2019-10-01 04:00:00
1119762,1119762,5679,2019-10-01 04:15:00-05,0.006,0.766,14706,2019-10-01 04:15:00
1119763,1119763,5679,2019-10-01 04:30:00-05,0.006,0.707,14707,2019-10-01 04:30:00
1119764,1119764,5679,2019-10-01 04:45:00-05,0.007,0.472,14708,2019-10-01 04:45:00
1119765,1119765,5679,2019-10-01 05:00:00-05,0.006,0.709,14709,2019-10-01 05:00:00
1119766,1119766,5679,2019-10-01 05:15:00-05,0.007,0.434,14710,2019-10-01 05:15:00
1119767,1119767,5679,2019-10-01 05:30:00-05,0.007,0.361,14711,2019-10-01 05:30:00
1119768,1119768,5679,2019-10-01 05:45:00-05,0.006,0.716,14712,2019-10-01 05:45:00
1119769,1119769,5679,2019-10-01 06:00:00-05,0.009,0.385,14713,2019-10-01 06:00:00
1119770,1119770,5679,2019-10-01 06:15:00-05,0.068,0.798,14714,2019-10-01 06:15:00
1119771,1119771,5679,2019-10-01 06:30:00-05,0.13,0.295,14715,2019-10-01 06:30:00
1119772,1119772,5679,2019-10-01 06:45:00-05,0.232,0.283,14716,2019-10-01 06:45:00
1119773,1119773,5679,2019-10-01 07:00:00-05,0.33,0.221,14717,2019-10-01 07:00:00
1119774,1119774,5679,2019-10-01 07:15:00-05,0.434,0.227,14718,2019-10-01 07:15:00
1119775,1119775,5679,2019-10-01 07:30:00-05,0.518,0.68,14719,2019-10-01 07:30:00
1119776,1119776,5679,2019-10-01 07:45:00-05,0.476,0.372,14720,2019-10-01 07:45:00
1119777,1119777,5679,2019-10-01 08:00:00-05,0.7,-0.055,14721,2019-10-01 08:00:00
1119778,1119778,5679,2019-10-01 08:15:00-05,0.492,-0.045,14722,2019-10-01 08:15:00
1119779,1119779,5679,2019-10-01 08:30:00-05,0.605,-0.069,14723,2019-10-01 08:30:00
1119780,1119780,5679,2019-10-01 08:45:00-05,0.63,-0.241,14724,2019-10-01 08:45:00
1119781,1119781,5679,2019-10-01 09:00:00-05,0.792,-0.419,14725,2019-10-01 09:00:00
1119782,1119782,5679,2019-10-01 09:15:00-05,1.031,-0.596,14726,2019-10-01 09:15:00
1119783,1119783,5679,2019-10-01 09:30:00-05,0.861,-0.37,14727,2019-10-01 09:30:00
1119784,1119784,5679,2019-10-01 09:45:00-05,0.955,-0.55,14728,2019-10-01 09:45:00
1119785,1119785,5679,2019-10-01 10:00:00-05,1.147,-0.745,14729,2019-10-01 10:00:00
1119786,1119786,5679,2019-10-01 10:15:00-05,1.438,-0.509,14730,2019-10-01 10:15:00
1119787,1119787,5679,2019-10-01 10:30:00-05,1.504,-1.111,14731,2019-10-01 10:30:00
1119788,1119788,5679,2019-10-01 10:45:00-05,2.751,-1.87,14732,2019-10-01 10:45:00
1119789,1119789,5679,2019-10-01 11:00:00-05,3.359,-3.06,14733,2019-10-01 11:00:00
1119790,1119790,5679,2019-10-01 11:15:00-05,3.458,-2.808,14734,2019-10-01 11:15:00
1119791,1119791,5679,2019-10-01 11:30:00-05,3.452,-2.87,14735,2019-10-01 11:30:00
1119792,1119792,5679,2019-10-01 11:45:00-05,3.41,1.684,14736,2019-10-01 11:45:00
1119793,1119793,5679,2019-10-01 12:00:00-05,3.353,5.551,14737,2019-10-01 12:00:00
1119794,1119794,5679,2019-10-01 12:15:00-05,3.248,6.24,14738,2019-10-01 12:15:00
1119795,1119795,5679,2019-10-01 12:30:00-05,3.008,4.862,14739,2019-10-01 12:30:00
1119796,1119796,5679,2019-10-01 12:45:00-05,2.881,0.378,14740,2019-10-01 12:45:00
1119797,1119797,5679,2019-10-01 13:00:00-05,2.658,5.678,14741,2019-10-01 13:00:00
1119798,1119798,5679,2019-10-01 13:15:00-05,2.306,6.675,14742,2019-10-01 13:15:00
1119799,1119799,5679,2019-10-01 13:30:00-05,1.995,6.845,14743,2019-10-01 13:30:00
1119800,1119800,5679,2019-10-01 13:45:00-05,1.741,7.354,14744,2019-10-01 13:45:00
1119801,1119801,5679,2019-10-01 14:00:00-05,1.974,2.637,14745,2019-10-01 14:00:00
1119802,1119802,5679,2019-10-01 14:15:00-05,1.64,0.857,14746,2019-10-01 14:15:00
1119803,1119803,5679,2019-10-01 14:30:00-05,0.674,1.669,14747,2019-10-01 14:30:00
1119804,1119804,5679,2019-10-01 14:45:00-05,1.393,0.896,14748,2019-10-01 14:45:00
1119805,1119805,5679,2019-10-01 15:00:00-05,0.637,1.86,14749,2019-10-01 15:00:00
1119806,1119806,5679,2019-10-01 15:15:00-05,0.39,2.276,14750,2019-10-01 15:15:00
1119807,1119807,5679,2019-10-01 15:30:00-05,0.935,1.771,14751,2019-10-01 15:30:00
1119808,1119808,5679,2019-10-01 15:45:00-05,0.388,2.346,14752,2019-10-01 15:45:00
1119809,1119809,5679,2019-10-01 16:00:00-05,0.367,2.245,14753,2019-10-01 16:00:00
1119810,1119810,5679,2019-10-01 16:15:00-05,0.377,1.948,14754,2019-10-01 16:15:00
1119811,1119811,5679,2019-10-01 16:30:00-05,0.326,1.793,14755,2019-10-01 16:30:00
1119812,1119812,5679,2019-10-01 16:45:00-05,0.152,1.86,14756,2019-10-01 16:45:00
1119813,1119813,5679,2019-10-01 17:00:00-05,0.062,2.02,14757,2019-10-01 17:00:00
1119814,1119814,5679,2019-10-01 17:15:00-05,0.023,2.077,14758,2019-10-01 17:15:00
1119815,1119815,5679,2019-10-01 17:30:00-05,0.007,1.515,14759,2019-10-01 17:30:00
1119816,1119816,5679,2019-10-01 17:45:00-05,0.004,1.304,14760,2019-10-01 17:45:00
1119817,1119817,5679,2019-10-01 18:00:00-05,0.004,1.254,14761,2019-10-01 18:00:00
1119818,1119818,5679,2019-10-01 18:15:00-05,0.004,1.394,14762,2019-10-01 18:15:00
1119819,1119819,5679,2019-10-01 18:30:00-05,0.005,0.886,14763,2019-10-01 18:30:00
1119820,1119820,5679,2019-10-01 18:45:00-05,0.005,1.162,14764,2019-10-01 18:45:00
1119821,1119821,5679,2019-10-01 19:00:00-05,0.005,1.064,14765,2019-10-01 19:00:00
1119822,1119822,5679,2019-10-01 19:15:00-05,0.005,0.767,14766,2019-10-01 19:15:00
1119823,1119823,5679,2019-10-01 19:30:00-05,0.005,0.837,14767,2019-10-01 19:30:00
1119824,1119824,5679,2019-10-01 19:45:00-05,0.005,1.034,14768,2019-10-01 19:45:00
1119825,1119825,5679,2019-10-01 20:00:00-05,0.005,0.716,14769,2019-10-01 20:00:00
1119826,1119826,5679,2019-10-01 20:15:00-05,0.005,0.838,14770,2019-10-01 20:15:00
1119827,1119827,5679,2019-10-01 20:30:00-05,0.005,0.911,14771,2019-10-01 20:30:00
1119828,1119828,5679,2019-10-01 20:45:00-05,0.005,0.579,14772,2019-10-01 20:45:00
1119829,1119829,5679,2019-10-01 21:00:00-05,0.005,0.628,14773,2019-10-01 21:00:00
1119830,1119830,5679,2019-10-01 21:15:00-05,0.005,0.66,14774,2019-10-01 21:15:00
1119831,1119831,5679,2019-10-01 21:30:00-05,0.006,0.306,14775,2019-10-01 21:30:00
1119832,1119832,5679,2019-10-01 21:45:00-05,0.005,0.727,14776,2019-10-01 21:45:00
1119833,1119833,5679,2019-10-01 22:00:00-05,0.006,0.417,14777,2019-10-01 22:00:00
1119834,1119834,5679,2019-10-01 22:15:00-05,0.006,0.305,14778,2019-10-01 22:15:00
1119835,1119835,5679,2019-10-01 22:30:00-05,0.006,0.298,14779,2019-10-01 22:30:00
1119836,1119836,5679,2019-10-01 22:45:00-05,0.006,0.294,14780,2019-10-01 22:45:00
1119837,1119837,5679,2019-10-01 23:00:00-05,0.005,0.72,14781,2019-10-01 23:00:00
1119838,1119838,5679,2019-10-01 23:15:00-05,0.006,0.395,14782,2019-10-01 23:15:00
1119839,1119839,5679,2019-10-01 23:30:00-05,0.006,0.352,14783,2019-10-01 23:30:00
1119840,1119840,5679,2019-10-01 23:45:00-05,0.006,0.434,14784,2019-10-01 23:45:00
1119841,1119841,5679,2019-10-02 00:00:00-05,0.006,0.483,14785,2019-10-02 00:00:00
1119842,1119842,5679,2019-10-02 00:15:00-05,0.006,0.403,14786,2019-10-02 00:15:00
1119843,1119843,5679,2019-10-02 00:30:00-05,0.006,0.432,14787,2019-10-02 00:30:00
1119844,1119844,5679,2019-10-02 00:45:00-05,0.006,0.475,14788,2019-10-02 00:45:00
1119845,1119845,5679,2019-10-02 01:00:00-05,0.006,0.396,14789,2019-10-02 01:00:00
1119846,1119846,5679,2019-10-02 01:15:00-05,0.006,0.436,14790,2019-10-02 01:15:00
1119847,1119847,5679,2019-10-02 01:30:00-05,0.006,0.46,14791,2019-10-02 01:30:00
1119848,1119848,5679,2019-10-02 01:45:00-05,0.006,0.394,14792,2019-10-02 01:45:00
1119849,1119849,5679,2019-10-02 02:00:00-05,0.006,0.436,14793,2019-10-02 02:00:00
1119850,1119850,5679,2019-10-02 02:15:00-05,0.006,0.383,14794,2019-10-02 02:15:00
1119851,1119851,5679,2019-10-02 02:30:00-05,0.006,0.291,14795,2019-10-02 02:30:00
1119852,1119852,5679,2019-10-02 02:45:00-05,0.006,0.323,14796,2019-10-02 02:45:00
1119853,1119853,5679,2019-10-02 03:00:00-05,0.006,0.351,14797,2019-10-02 03:00:00
1119854,1119854,5679,2019-10-02 03:15:00-05,0.006,0.288,14798,2019-10-02 03:15:00
1119855,1119855,5679,2019-10-02 03:30:00-05,0.006,0.311,14799,2019-10-02 03:30:00
1119856,1119856,5679,2019-10-02 03:45:00-05,0.006,0.357,14800,2019-10-02 03:45:00
1119857,1119857,5679,2019-10-02 04:00:00-05,0.006,0.311,14801,2019-10-02 04:00:00
1119858,1119858,5679,2019-10-02 04:15:00-05,0.006,0.526,14802,2019-10-02 04:15:00
1119859,1119859,5679,2019-10-02 04:30:00-05,0.006,0.302,14803,2019-10-02 04:30:00
1119860,1119860,5679,2019-10-02 04:45:00-05,0.006,0.422,14804,2019-10-02 04:45:00
1119861,1119861,5679,2019-10-02 05:00:00-05,0.006,0.418,14805,2019-10-02 05:00:00
1119862,1119862,5679,2019-10-02 05:15:00-05,0.006,0.496,14806,2019-10-02 05:15:00
1119863,1119863,5679,2019-10-02 05:30:00-05,0.005,0.997,14807,2019-10-02 05:30:00
1119864,1119864,5679,2019-10-02 05:45:00-05,0.005,1.113,14808,2019-10-02 05:45:00
1119865,1119865,5679,2019-10-02 06:00:00-05,0.004,1.535,14809,2019-10-02 06:00:00
1119866,1119866,5679,2019-10-02 06:15:00-05,0.009,1.605,14810,2019-10-02 06:15:00
1119867,1119867,5679,2019-10-02 06:30:00-05,0.068,1.524,14811,2019-10-02 06:30:00
1119868,1119868,5679,2019-10-02 06:45:00-05,0.082,3.743,14812,2019-10-02 06:45:00
1119869,1119869,5679,2019-10-02 07:00:00-05,0.076,5.153,14813,2019-10-02 07:00:00
1119870,1119870,5679,2019-10-02 07:15:00-05,0.042,3.057,14814,2019-10-02 07:15:00
1119871,1119871,5679,2019-10-02 07:30:00-05,0.122,1.398,14815,2019-10-02 07:30:00
1119872,1119872,5679,2019-10-02 07:45:00-05,0.365,0.881,14816,2019-10-02 07:45:00
1119873,1119873,5679,2019-10-02 08:00:00-05,0.446,4.064,14817,2019-10-02 08:00:00
1119874,1119874,5679,2019-10-02 08:15:00-05,0.727,3.628,14818,2019-10-02 08:15:00
1119875,1119875,5679,2019-10-02 08:30:00-05,1.004,0.503,14819,2019-10-02 08:30:00
1119876,1119876,5679,2019-10-02 08:45:00-05,0.817,0.188,14820,2019-10-02 08:45:00
1119877,1119877,5679,2019-10-02 09:00:00-05,1.034,-0.028,14821,2019-10-02 09:00:00
1119878,1119878,5679,2019-10-02 09:15:00-05,0.784,0.194,14822,2019-10-02 09:15:00
1119879,1119879,5679,2019-10-02 09:30:00-05,1.099,-0.059,14823,2019-10-02 09:30:00
1119880,1119880,5679,2019-10-02 09:45:00-05,0.995,0.028,14824,2019-10-02 09:45:00
1119881,1119881,5679,2019-10-02 10:00:00-05,0.329,1.044,14825,2019-10-02 10:00:00
1119882,1119882,5679,2019-10-02 10:15:00-05,0.395,2.422,14826,2019-10-02 10:15:00
1119883,1119883,5679,2019-10-02 10:30:00-05,0.386,0.983,14827,2019-10-02 10:30:00
1119884,1119884,5679,2019-10-02 10:45:00-05,0.642,0.466,14828,2019-10-02 10:45:00
1119885,1119885,5679,2019-10-02 11:00:00-05,0.504,1.305,14829,2019-10-02 11:00:00
1119886,1119886,5679,2019-10-02 11:15:00-05,0.285,3.274,14830,2019-10-02 11:15:00
1119887,1119887,5679,2019-10-02 11:30:00-05,0.386,1.436,14831,2019-10-02 11:30:00
1119888,1119888,5679,2019-10-02 11:45:00-05,0.28,1.207,14832,2019-10-02 11:45:00
1119889,1119889,5679,2019-10-02 12:00:00-05,0.246,1.477,14833,2019-10-02 12:00:00
1119890,1119890,5679,2019-10-02 12:15:00-05,0.244,0.959,14834,2019-10-02 12:15:00
1119891,1119891,5679,2019-10-02 12:30:00-05,0.155,0.785,14835,2019-10-02 12:30:00
1119892,1119892,5679,2019-10-02 12:45:00-05,0.189,4.688,14836,2019-10-02 12:45:00
1119893,1119893,5679,2019-10-02 13:00:00-05,0.188,1.827,14837,2019-10-02 13:00:00
1119894,1119894,5679,2019-10-02 13:15:00-05,0.112,0.835,14838,2019-10-02 13:15:00
1119895,1119895,5679,2019-10-02 13:30:00-05,0.434,0.768,14839,2019-10-02 13:30:00
1119896,1119896,5679,2019-10-02 13:45:00-05,0.416,0.513,14840,2019-10-02 13:45:00
1119897,1119897,5679,2019-10-02 14:00:00-05,0.297,0.509,14841,2019-10-02 14:00:00
1119898,1119898,5679,2019-10-02 14:15:00-05,0.259,2.426,14842,2019-10-02 14:15:00
1119899,1119899,5679,2019-10-02 14:30:00-05,0.224,0.258,14843,2019-10-02 14:30:00
1119900,1119900,5679,2019-10-02 14:45:00-05,0.161,0.363,14844,2019-10-02 14:45:00
1119901,1119901,5679,2019-10-02 15:00:00-05,0.188,0.467,14845,2019-10-02 15:00:00
1119902,1119902,5679,2019-10-02 15:15:00-05,0.245,2.173,14846,2019-10-02 15:15:00
1119903,1119903,5679,2019-10-02 15:30:00-05,0.21,1.072,14847,2019-10-02 15:30:00
1119904,1119904,5679,2019-10-02 15:45:00-05,0.148,2.007,14848,2019-10-02 15:45:00
1119905,1119905,5679,2019-10-02 16:00:00-05,0.167,2.538,14849,2019-10-02 16:00:00
1119906,1119906,5679,2019-10-02 16:15:00-05,0.106,1.76,14850,2019-10-02 16:15:00
1119907,1119907,5679,2019-10-02 16:30:00-05,0.105,0.675,14851,2019-10-02 16:30:00
1119908,1119908,5679,2019-10-02 16:45:00-05,0.037,2.518,14852,2019-10-02 16:45:00
1119909,1119909,5679,2019-10-02 17:00:00-05,0.012,2.521,14853,2019-10-02 17:00:00
1119910,1119910,5679,2019-10-02 17:15:00-05,0.01,0.778,14854,2019-10-02 17:15:00
1119911,1119911,5679,2019-10-02 17:30:00-05,0.007,0.808,14855,2019-10-02 17:30:00
1119912,1119912,5679,2019-10-02 17:45:00-05,0.006,1.249,14856,2019-10-02 17:45:00
1119913,1119913,5679,2019-10-02 18:00:00-05,0.006,1.519,14857,2019-10-02 18:00:00
1119914,1119914,5679,2019-10-02 18:15:00-05,0.006,1.273,14858,2019-10-02 18:15:00
1119915,1119915,5679,2019-10-02 18:30:00-05,0.006,1.214,14859,2019-10-02 18:30:00
1119916,1119916,5679,2019-10-02 18:45:00-05,0.006,1.429,14860,2019-10-02 18:45:00
1119917,1119917,5679,2019-10-02 19:00:00-05,0.006,0.604,14861,2019-10-02 19:00:00
1119918,1119918,5679,2019-10-02 19:15:00-05,0.006,0.692,14862,2019-10-02 19:15:00
1119919,1119919,5679,2019-10-02 19:30:00-05,0.006,0.648,14863,2019-10-02 19:30:00
1119920,1119920,5679,2019-10-02 19:45:00-05,0.006,0.648,14864,2019-10-02 19:45:00
1119921,1119921,5679,2019-10-02 20:00:00-05,0.006,0.632,14865,2019-10-02 20:00:00
1119922,1119922,5679,2019-10-02 20:15:00-05,0.006,0.625,14866,2019-10-02 20:15:00
1119923,1119923,5679,2019-10-02 20:30:00-05,0.006,0.707,14867,2019-10-02 20:30:00
1119924,1119924,5679,2019-10-02 20:45:00-05,0.006,0.679,14868,2019-10-02 20:45:00
1119925,1119925,5679,2019-10-02 21:00:00-05,0.006,0.606,14869,2019-10-02 21:00:00
1119926,1119926,5679,2019-10-02 21:15:00-05,0.006,0.668,14870,2019-10-02 21:15:00
1119927,1119927,5679,2019-10-02 21:30:00-05,0.007,0.563,14871,2019-10-02 21:30:00
1119928,1119928,5679,2019-10-02 21:45:00-05,0.007,0.446,14872,2019-10-02 21:45:00
1119929,1119929,5679,2019-10-02 22:00:00-05,0.007,0.521,14873,2019-10-02 22:00:00
1119930,1119930,5679,2019-10-02 22:15:00-05,0.007,0.398,14874,2019-10-02 22:15:00
1119931,1119931,5679,2019-10-02 22:30:00-05,0.007,0.342,14875,2019-10-02 22:30:00
1119932,1119932,5679,2019-10-02 22:45:00-05,0.007,0.372,14876,2019-10-02 22:45:00
1119933,1119933,5679,2019-10-02 23:00:00-05,0.007,0.181,14877,2019-10-02 23:00:00
1119934,1119934,5679,2019-10-02 23:15:00-05,0.007,0.19,14878,2019-10-02 23:15:00
1119935,1119935,5679,2019-10-02 23:30:00-05,0.007,0.269,14879,2019-10-02 23:30:00
1119936,1119936,5679,2019-10-02 23:45:00-05,0.007,0.179,14880,2019-10-02 23:45:00
1119937,1119937,5679,2019-10-03 00:00:00-05,0.007,0.197,14881,2019-10-03 00:00:00
1119938,1119938,5679,2019-10-03 00:15:00-05,0.007,0.254,14882,2019-10-03 00:15:00
1119939,1119939,5679,2019-10-03 00:30:00-05,0.007,0.178,14883,2019-10-03 00:30:00
1119940,1119940,5679,2019-10-03 00:45:00-05,0.007,0.287,14884,2019-10-03 00:45:00
1119941,1119941,5679,2019-10-03 01:00:00-05,0.007,0.357,14885,2019-10-03 01:00:00
1119942,1119942,5679,2019-10-03 01:15:00-05,0.007,0.28,14886,2019-10-03 01:15:00
1119943,1119943,5679,2019-10-03 01:30:00-05,0.007,0.32,14887,2019-10-03 01:30:00
1119944,1119944,5679,2019-10-03 01:45:00-05,0.007,0.347,14888,2019-10-03 01:45:00
1119945,1119945,5679,2019-10-03 02:00:00-05,0.007,0.307,14889,2019-10-03 02:00:00
1119946,1119946,5679,2019-10-03 02:15:00-05,0.007,0.385,14890,2019-10-03 02:15:00
1119947,1119947,5679,2019-10-03 02:30:00-05,0.007,0.243,14891,2019-10-03 02:30:00
1119948,1119948,5679,2019-10-03 02:45:00-05,0.007,0.293,14892,2019-10-03 02:45:00
1119949,1119949,5679,2019-10-03 03:00:00-05,0.007,0.338,14893,2019-10-03 03:00:00
1119950,1119950,5679,2019-10-03 03:15:00-05,0.007,0.333,14894,2019-10-03 03:15:00
1119951,1119951,5679,2019-10-03 03:30:00-05,0.007,0.287,14895,2019-10-03 03:30:00
1119952,1119952,5679,2019-10-03 03:45:00-05,0.007,0.347,14896,2019-10-03 03:45:00
1119953,1119953,5679,2019-10-03 04:00:00-05,0.007,0.324,14897,2019-10-03 04:00:00
1119954,1119954,5679,2019-10-03 04:15:00-05,0.007,0.284,14898,2019-10-03 04:15:00
1119955,1119955,5679,2019-10-03 04:30:00-05,0.007,0.348,14899,2019-10-03 04:30:00
1119956,1119956,5679,2019-10-03 04:45:00-05,0.007,0.319,14900,2019-10-03 04:45:00
1119957,1119957,5679,2019-10-03 05:00:00-05,0.007,0.285,14901,2019-10-03 05:00:00
1119958,1119958,5679,2019-10-03 05:15:00-05,0.006,0.868,14902,2019-10-03 05:15:00
1119959,1119959,5679,2019-10-03 05:30:00-05,0.004,3.073,14903,2019-10-03 05:30:00
1119960,1119960,5679,2019-10-03 05:45:00-05,0.005,2.015,14904,2019-10-03 05:45:00
1119961,1119961,5679,2019-10-03 06:00:00-05,0.007,0.947,14905,2019-10-03 06:00:00
1119962,1119962,5679,2019-10-03 06:15:00-05,0.015,0.539,14906,2019-10-03 06:15:00
1119963,1119963,5679,2019-10-03 06:30:00-05,0.017,0.813,14907,2019-10-03 06:30:00
1119964,1119964,5679,2019-10-03 06:45:00-05,0.064,0.76,14908,2019-10-03 06:45:00
1119965,1119965,5679,2019-10-03 07:00:00-05,0.076,0.269,14909,2019-10-03 07:00:00
1119966,1119966,5679,2019-10-03 07:15:00-05,0.053,0.796,14910,2019-10-03 07:15:00
1119967,1119967,5679,2019-10-03 07:30:00-05,0.083,1.446,14911,2019-10-03 07:30:00
1119968,1119968,5679,2019-10-03 07:45:00-05,0.078,1.491,14912,2019-10-03 07:45:00
1119969,1119969,5679,2019-10-03 08:00:00-05,0.13,1.059,14913,2019-10-03 08:00:00
1119970,1119970,5679,2019-10-03 08:15:00-05,0.081,0.498,14914,2019-10-03 08:15:00
1119971,1119971,5679,2019-10-03 08:30:00-05,0.111,0.371,14915,2019-10-03 08:30:00
1119972,1119972,5679,2019-10-03 08:45:00-05,0.15,0.462,14916,2019-10-03 08:45:00
1119973,1119973,5679,2019-10-03 09:00:00-05,0.171,1.442,14917,2019-10-03 09:00:00
1119974,1119974,5679,2019-10-03 09:15:00-05,0.209,1.564,14918,2019-10-03 09:15:00
1119975,1119975,5679,2019-10-03 09:30:00-05,0.317,0.649,14919,2019-10-03 09:30:00
1119976,1119976,5679,2019-10-03 09:45:00-05,0.44,0.111,14920,2019-10-03 09:45:00
1119977,1119977,5679,2019-10-03 10:00:00-05,0.557,2.36,14921,2019-10-03 10:00:00
1119978,1119978,5679,2019-10-03 10:15:00-05,0.447,6.982,14922,2019-10-03 10:15:00
1119979,1119979,5679,2019-10-03 10:30:00-05,0.423,6.956,14923,2019-10-03 10:30:00
1119980,1119980,5679,2019-10-03 10:45:00-05,0.595,7.223,14924,2019-10-03 10:45:00
1119981,1119981,5679,2019-10-03 11:00:00-05,0.536,7.351,14925,2019-10-03 11:00:00
1119982,1119982,5679,2019-10-03 11:15:00-05,0.651,7.569,14926,2019-10-03 11:15:00
1119983,1119983,5679,2019-10-03 11:30:00-05,0.496,7.077,14927,2019-10-03 11:30:00
1119984,1119984,5679,2019-10-03 11:45:00-05,0.388,2.443,14928,2019-10-03 11:45:00
1119985,1119985,5679,2019-10-03 12:00:00-05,0.432,0.258,14929,2019-10-03 12:00:00
1119986,1119986,5679,2019-10-03 12:15:00-05,0.344,0.219,14930,2019-10-03 12:15:00
1119987,1119987,5679,2019-10-03 12:30:00-05,0.272,0.183,14931,2019-10-03 12:30:00
1119988,1119988,5679,2019-10-03 12:45:00-05,0.315,0.307,14932,2019-10-03 12:45:00
1119989,1119989,5679,2019-10-03 13:00:00-05,0.297,0.111,14933,2019-10-03 13:00:00
1119990,1119990,5679,2019-10-03 13:15:00-05,0.329,0.661,14934,2019-10-03 13:15:00
1119991,1119991,5679,2019-10-03 13:30:00-05,0.381,0.089,14935,2019-10-03 13:30:00
1119992,1119992,5679,2019-10-03 13:45:00-05,0.171,0.172,14936,2019-10-03 13:45:00
1119993,1119993,5679,2019-10-03 14:00:00-05,0.086,0.246,14937,2019-10-03 14:00:00
1119994,1119994,5679,2019-10-03 14:15:00-05,0.058,0.348,14938,2019-10-03 14:15:00
1119995,1119995,5679,2019-10-03 14:30:00-05,0.135,0.175,14939,2019-10-03 14:30:00
1119996,1119996,5679,2019-10-03 14:45:00-05,0.131,0.206,14940,2019-10-03 14:45:00
1119997,1119997,5679,2019-10-03 15:00:00-05,0.072,0.483,14941,2019-10-03 15:00:00
1119998,1119998,5679,2019-10-03 15:15:00-05,0.138,0.491,14942,2019-10-03 15:15:00
1119999,1119999,5679,2019-10-03 15:30:00-05,0.131,1.081,14943,2019-10-03 15:30:00
1120000,1120000,5679,2019-10-03 15:45:00-05,0.076,1.309,14944,2019-10-03 15:45:00
1120001,1120001,5679,2019-10-03 16:00:00-05,0.069,1.077,14945,2019-10-03 16:00:00
1120002,1120002,5679,2019-10-03 16:15:00-05,0.038,0.903,14946,2019-10-03 16:15:00
1120003,1120003,5679,2019-10-03 16:30:00-05,0.033,0.809,14947,2019-10-03 16:30:00
1120004,1120004,5679,2019-10-03 16:45:00-05,0.03,0.833,14948,2019-10-03 16:45:00
1120005,1120005,5679,2019-10-03 17:00:00-05,0.017,0.885,14949,2019-10-03 17:00:00
1120006,1120006,5679,2019-10-03 17:15:00-05,0.009,1.003,14950,2019-10-03 17:15:00
1120007,1120007,5679,2019-10-03 17:30:00-05,0.007,0.532,14951,2019-10-03 17:30:00
1120008,1120008,5679,2019-10-03 17:45:00-05,0.007,0.504,14952,2019-10-03 17:45:00
1120009,1120009,5679,2019-10-03 18:00:00-05,0.007,0.627,14953,2019-10-03 18:00:00
1120010,1120010,5679,2019-10-03 18:15:00-05,0.007,0.539,14954,2019-10-03 18:15:00
1120011,1120011,5679,2019-10-03 18:30:00-05,0.007,0.545,14955,2019-10-03 18:30:00
1120012,1120012,5679,2019-10-03 18:45:00-05,0.007,0.64,14956,2019-10-03 18:45:00
1120013,1120013,5679,2019-10-03 19:00:00-05,0.007,0.568,14957,2019-10-03 19:00:00
1120014,1120014,5679,2019-10-03 19:15:00-05,0.007,0.541,14958,2019-10-03 19:15:00
1120015,1120015,5679,2019-10-03 19:30:00-05,0.007,0.596,14959,2019-10-03 19:30:00
1120016,1120016,5679,2019-10-03 19:45:00-05,0.007,0.482,14960,2019-10-03 19:45:00
1120017,1120017,5679,2019-10-03 20:00:00-05,0.007,0.857,14961,2019-10-03 20:00:00
1120018,1120018,5679,2019-10-03 20:15:00-05,0.007,0.804,14962,2019-10-03 20:15:00
1120019,1120019,5679,2019-10-03 20:30:00-05,0.007,0.761,14963,2019-10-03 20:30:00
1120020,1120020,5679,2019-10-03 20:45:00-05,0.007,0.639,14964,2019-10-03 20:45:00
1120021,1120021,5679,2019-10-03 21:00:00-05,0.007,0.641,14965,2019-10-03 21:00:00
1120022,1120022,5679,2019-10-03 21:15:00-05,0.007,0.808,14966,2019-10-03 21:15:00
1120023,1120023,5679,2019-10-03 21:30:00-05,0.007,0.497,14967,2019-10-03 21:30:00
1120024,1120024,5679,2019-10-03 21:45:00-05,0.007,0.529,14968,2019-10-03 21:45:00
1120025,1120025,5679,2019-10-03 22:00:00-05,0.007,0.48,14969,2019-10-03 22:00:00
1120026,1120026,5679,2019-10-03 22:15:00-05,0.007,0.483,14970,2019-10-03 22:15:00
1120027,1120027,5679,2019-10-03 22:30:00-05,0.007,0.4,14971,2019-10-03 22:30:00
1120028,1120028,5679,2019-10-03 22:45:00-05,0.007,0.411,14972,2019-10-03 22:45:00
1120029,1120029,5679,2019-10-03 23:00:00-05,0.007,0.494,14973,2019-10-03 23:00:00
1120030,1120030,5679,2019-10-03 23:15:00-05,0.007,0.396,14974,2019-10-03 23:15:00
1120031,1120031,5679,2019-10-03 23:30:00-05,0.007,0.397,14975,2019-10-03 23:30:00
1120032,1120032,5679,2019-10-03 23:45:00-05,0.007,0.503,14976,2019-10-03 23:45:00
1120033,1120033,5679,2019-10-04 00:00:00-05,0.007,0.362,14977,2019-10-04 00:00:00
1120034,1120034,5679,2019-10-04 00:15:00-05,0.007,0.301,14978,2019-10-04 00:15:00
1120035,1120035,5679,2019-10-04 00:30:00-05,0.007,0.375,14979,2019-10-04 00:30:00
1120036,1120036,5679,2019-10-04 00:45:00-05,0.007,0.312,14980,2019-10-04 00:45:00
1120037,1120037,5679,2019-10-04 01:00:00-05,0.008,0.288,14981,2019-10-04 01:00:00
1120038,1120038,5679,2019-10-04 01:15:00-05,0.007,0.315,14982,2019-10-04 01:15:00
1120039,1120039,5679,2019-10-04 01:30:00-05,0.007,0.355,14983,2019-10-04 01:30:00
1120040,1120040,5679,2019-10-04 01:45:00-05,0.008,0.286,14984,2019-10-04 01:45:00
1120041,1120041,5679,2019-10-04 02:00:00-05,0.007,0.303,14985,2019-10-04 02:00:00
1120042,1120042,5679,2019-10-04 02:15:00-05,0.007,0.493,14986,2019-10-04 02:15:00
1120043,1120043,5679,2019-10-04 02:30:00-05,0.007,0.395,14987,2019-10-04 02:30:00
1120044,1120044,5679,2019-10-04 02:45:00-05,0.007,0.473,14988,2019-10-04 02:45:00
1120045,1120045,5679,2019-10-04 03:00:00-05,0.007,0.564,14989,2019-10-04 03:00:00
1120046,1120046,5679,2019-10-04 03:15:00-05,0.007,0.628,14990,2019-10-04 03:15:00
1120047,1120047,5679,2019-10-04 03:30:00-05,0.007,0.471,14991,2019-10-04 03:30:00
1120048,1120048,5679,2019-10-04 03:45:00-05,0.007,0.387,14992,2019-10-04 03:45:00
1120049,1120049,5679,2019-10-04 04:00:00-05,0.007,0.487,14993,2019-10-04 04:00:00
1120050,1120050,5679,2019-10-04 04:15:00-05,0.007,0.304,14994,2019-10-04 04:15:00
1120051,1120051,5679,2019-10-04 04:30:00-05,0.007,0.288,14995,2019-10-04 04:30:00
1120052,1120052,5679,2019-10-04 04:45:00-05,0.007,0.372,14996,2019-10-04 04:45:00
1120053,1120053,5679,2019-10-04 05:00:00-05,0.007,0.313,14997,2019-10-04 05:00:00
1120054,1120054,5679,2019-10-04 05:15:00-05,0.006,1.016,14998,2019-10-04 05:15:00
1120055,1120055,5679,2019-10-04 05:30:00-05,0.005,3.086,14999,2019-10-04 05:30:00
1120056,1120056,5679,2019-10-04 05:45:00-05,0.005,2.515,15000,2019-10-04 05:45:00
1120057,1120057,5679,2019-10-04 06:00:00-05,0.006,1.516,15001,2019-10-04 06:00:00
1120058,1120058,5679,2019-10-04 06:15:00-05,0.007,0.958,15002,2019-10-04 06:15:00
1120059,1120059,5679,2019-10-04 06:30:00-05,0.018,0.604,15003,2019-10-04 06:30:00
1120060,1120060,5679,2019-10-04 06:45:00-05,0.03,0.493,15004,2019-10-04 06:45:00
1120061,1120061,5679,2019-10-04 07:00:00-05,0.04,0.562,15005,2019-10-04 07:00:00
1120062,1120062,5679,2019-10-04 07:15:00-05,0.029,1.162,15006,2019-10-04 07:15:00
1120063,1120063,5679,2019-10-04 07:30:00-05,0.035,1.585,15007,2019-10-04 07:30:00
1120064,1120064,5679,2019-10-04 07:45:00-05,0.063,0.874,15008,2019-10-04 07:45:00
1120065,1120065,5679,2019-10-04 08:00:00-05,0.077,0.431,15009,2019-10-04 08:00:00
1120066,1120066,5679,2019-10-04 08:15:00-05,0.086,0.917,15010,2019-10-04 08:15:00
1120067,1120067,5679,2019-10-04 08:30:00-05,0.079,1.013,15011,2019-10-04 08:30:00
1120068,1120068,5679,2019-10-04 08:45:00-05,0.093,1.105,15012,2019-10-04 08:45:00
1120069,1120069,5679,2019-10-04 09:00:00-05,0.127,1.2,15013,2019-10-04 09:00:00
1120070,1120070,5679,2019-10-04 09:15:00-05,0.12,0.945,15014,2019-10-04 09:15:00
1120071,1120071,5679,2019-10-04 09:30:00-05,0.476,0.574,15015,2019-10-04 09:30:00
1120072,1120072,5679,2019-10-04 09:45:00-05,0.184,0.652,15016,2019-10-04 09:45:00
1120073,1120073,5679,2019-10-04 10:00:00-05,0.216,0.39,15017,2019-10-04 10:00:00
1120074,1120074,5679,2019-10-04 10:15:00-05,1.041,0.934,15018,2019-10-04 10:15:00
1120075,1120075,5679,2019-10-04 10:30:00-05,0.52,0.925,15019,2019-10-04 10:30:00
1120076,1120076,5679,2019-10-04 10:45:00-05,0.676,0.567,15020,2019-10-04 10:45:00
1120077,1120077,5679,2019-10-04 11:00:00-05,1.007,0.14,15021,2019-10-04 11:00:00
1120078,1120078,5679,2019-10-04 11:15:00-05,0.595,0.502,15022,2019-10-04 11:15:00
1120079,1120079,5679,2019-10-04 11:30:00-05,0.416,1.335,15023,2019-10-04 11:30:00
1120080,1120080,5679,2019-10-04 11:45:00-05,0.338,1.49,15024,2019-10-04 11:45:00
1120081,1120081,5679,2019-10-04 12:00:00-05,0.397,3.36,15025,2019-10-04 12:00:00
1120082,1120082,5679,2019-10-04 12:15:00-05,0.239,4.115,15026,2019-10-04 12:15:00
1120083,1120083,5679,2019-10-04 12:30:00-05,0.288,2.55,15027,2019-10-04 12:30:00
1120084,1120084,5679,2019-10-04 12:45:00-05,0.759,1.616,15028,2019-10-04 12:45:00
1120085,1120085,5679,2019-10-04 13:00:00-05,0.676,1.607,15029,2019-10-04 13:00:00
1120086,1120086,5679,2019-10-04 13:15:00-05,0.658,1.442,15030,2019-10-04 13:15:00
1120087,1120087,5679,2019-10-04 13:30:00-05,0.565,1.019,15031,2019-10-04 13:30:00
1120088,1120088,5679,2019-10-04 13:45:00-05,0.6,0.451,15032,2019-10-04 13:45:00
1120089,1120089,5679,2019-10-04 14:00:00-05,0.67,1.066,15033,2019-10-04 14:00:00
1120090,1120090,5679,2019-10-04 14:15:00-05,0.889,1.267,15034,2019-10-04 14:15:00
1120091,1120091,5679,2019-10-04 14:30:00-05,0.66,1.108,15035,2019-10-04 14:30:00
1120092,1120092,5679,2019-10-04 14:45:00-05,0.455,1.264,15036,2019-10-04 14:45:00
1120093,1120093,5679,2019-10-04 15:00:00-05,0.653,0.283,15037,2019-10-04 15:00:00
1120094,1120094,5679,2019-10-04 15:15:00-05,0.667,1.449,15038,2019-10-04 15:15:00
1120095,1120095,5679,2019-10-04 15:30:00-05,0.322,0.988,15039,2019-10-04 15:30:00
1120096,1120096,5679,2019-10-04 15:45:00-05,0.409,1.023,15040,2019-10-04 15:45:00
1120097,1120097,5679,2019-10-04 16:00:00-05,0.22,0.976,15041,2019-10-04 16:00:00
1120098,1120098,5679,2019-10-04 16:15:00-05,0.227,0.837,15042,2019-10-04 16:15:00
1120099,1120099,5679,2019-10-04 16:30:00-05,0.189,0.322,15043,2019-10-04 16:30:00
1120100,1120100,5679,2019-10-04 16:45:00-05,0.127,0.298,15044,2019-10-04 16:45:00
1120101,1120101,5679,2019-10-04 17:00:00-05,0.071,0.651,15045,2019-10-04 17:00:00
1120102,1120102,5679,2019-10-04 17:15:00-05,0.03,0.815,15046,2019-10-04 17:15:00
1120103,1120103,5679,2019-10-04 17:30:00-05,0.013,0.656,15047,2019-10-04 17:30:00
1120104,1120104,5679,2019-10-04 17:45:00-05,0.007,0.652,15048,2019-10-04 17:45:00
1120105,1120105,5679,2019-10-04 18:00:00-05,0.007,0.541,15049,2019-10-04 18:00:00
1120106,1120106,5679,2019-10-04 18:15:00-05,0.007,0.529,15050,2019-10-04 18:15:00
1120107,1120107,5679,2019-10-04 18:30:00-05,0.007,0.507,15051,2019-10-04 18:30:00
1120108,1120108,5679,2019-10-04 18:45:00-05,0.006,1.446,15052,2019-10-04 18:45:00
1120109,1120109,5679,2019-10-04 19:00:00-05,0.005,2.691,15053,2019-10-04 19:00:00
1120110,1120110,5679,2019-10-04 19:15:00-05,0.006,2.23,15054,2019-10-04 19:15:00
1120111,1120111,5679,2019-10-04 19:30:00-05,0.006,2.185,15055,2019-10-04 19:30:00
1120112,1120112,5679,2019-10-04 19:45:00-05,0.006,1.753,15056,2019-10-04 19:45:00
1120113,1120113,5679,2019-10-04 20:00:00-05,0.006,1.51,15057,2019-10-04 20:00:00
1120114,1120114,5679,2019-10-04 20:15:00-05,0.007,0.592,15058,2019-10-04 20:15:00
1120115,1120115,5679,2019-10-04 20:30:00-05,0.007,1.141,15059,2019-10-04 20:30:00
1120116,1120116,5679,2019-10-04 20:45:00-05,0.006,1.601,15060,2019-10-04 20:45:00
1120117,1120117,5679,2019-10-04 21:00:00-05,0.006,1.62,15061,2019-10-04 21:00:00
1120118,1120118,5679,2019-10-04 21:15:00-05,0.006,1.661,15062,2019-10-04 21:15:00
1120119,1120119,5679,2019-10-04 21:30:00-05,0.007,0.999,15063,2019-10-04 21:30:00
1120120,1120120,5679,2019-10-04 21:45:00-05,0.008,0.314,15064,2019-10-04 21:45:00
1120121,1120121,5679,2019-10-04 22:00:00-05,0.008,0.282,15065,2019-10-04 22:00:00
1120122,1120122,5679,2019-10-04 22:15:00-05,0.008,0.2,15066,2019-10-04 22:15:00
1120123,1120123,5679,2019-10-04 22:30:00-05,0.008,0.284,15067,2019-10-04 22:30:00
1120124,1120124,5679,2019-10-04 22:45:00-05,0.008,0.386,15068,2019-10-04 22:45:00
1120125,1120125,5679,2019-10-04 23:00:00-05,0.008,0.287,15069,2019-10-04 23:00:00
1120126,1120126,5679,2019-10-04 23:15:00-05,0.008,0.281,15070,2019-10-04 23:15:00
1120127,1120127,5679,2019-10-04 23:30:00-05,0.008,0.378,15071,2019-10-04 23:30:00
1120128,1120128,5679,2019-10-04 23:45:00-05,0.008,0.309,15072,2019-10-04 23:45:00
1120129,1120129,5679,2019-10-05 00:00:00-05,0.007,1.076,15073,2019-10-05 00:00:00
1120130,1120130,5679,2019-10-05 00:15:00-05,0.007,1.102,15074,2019-10-05 00:15:00
1120131,1120131,5679,2019-10-05 00:30:00-05,0.007,0.989,15075,2019-10-05 00:30:00
1120132,1120132,5679,2019-10-05 00:45:00-05,0.007,1.257,15076,2019-10-05 00:45:00
1120133,1120133,5679,2019-10-05 01:00:00-05,0.007,1.025,15077,2019-10-05 01:00:00
1120134,1120134,5679,2019-10-05 01:15:00-05,0.007,0.944,15078,2019-10-05 01:15:00
1120135,1120135,5679,2019-10-05 01:30:00-05,0.007,0.919,15079,2019-10-05 01:30:00
1120136,1120136,5679,2019-10-05 01:45:00-05,0.007,1.309,15080,2019-10-05 01:45:00
1120137,1120137,5679,2019-10-05 02:00:00-05,0.007,1.055,15081,2019-10-05 02:00:00
1120138,1120138,5679,2019-10-05 02:15:00-05,0.007,0.925,15082,2019-10-05 02:15:00
1120139,1120139,5679,2019-10-05 02:30:00-05,0.007,1.334,15083,2019-10-05 02:30:00
1120140,1120140,5679,2019-10-05 02:45:00-05,0.006,1.525,15084,2019-10-05 02:45:00
1120141,1120141,5679,2019-10-05 03:00:00-05,0.006,1.464,15085,2019-10-05 03:00:00
1120142,1120142,5679,2019-10-05 03:15:00-05,0.007,1.047,15086,2019-10-05 03:15:00
1120143,1120143,5679,2019-10-05 03:30:00-05,0.007,1.152,15087,2019-10-05 03:30:00
1120144,1120144,5679,2019-10-05 03:45:00-05,0.007,1.076,15088,2019-10-05 03:45:00
1120145,1120145,5679,2019-10-05 04:00:00-05,0.006,1.457,15089,2019-10-05 04:00:00
1120146,1120146,5679,2019-10-05 04:15:00-05,0.006,1.56,15090,2019-10-05 04:15:00
1120147,1120147,5679,2019-10-05 04:30:00-05,0.006,1.513,15091,2019-10-05 04:30:00
1120148,1120148,5679,2019-10-05 04:45:00-05,0.007,1.497,15092,2019-10-05 04:45:00
1120149,1120149,5679,2019-10-05 05:00:00-05,0.006,1.556,15093,2019-10-05 05:00:00
1120150,1120150,5679,2019-10-05 05:15:00-05,0.007,1.493,15094,2019-10-05 05:15:00
1120151,1120151,5679,2019-10-05 05:30:00-05,0.007,0.947,15095,2019-10-05 05:30:00
1120152,1120152,5679,2019-10-05 05:45:00-05,0.007,1.119,15096,2019-10-05 05:45:00
1120153,1120153,5679,2019-10-05 06:00:00-05,0.008,2.288,15097,2019-10-05 06:00:00
1120154,1120154,5679,2019-10-05 06:15:00-05,0.026,2.062,15098,2019-10-05 06:15:00
1120155,1120155,5679,2019-10-05 06:30:00-05,0.048,1.441,15099,2019-10-05 06:30:00
1120156,1120156,5679,2019-10-05 06:45:00-05,0.071,0.491,15100,2019-10-05 06:45:00
1120157,1120157,5679,2019-10-05 07:00:00-05,0.096,0.889,15101,2019-10-05 07:00:00
1120158,1120158,5679,2019-10-05 07:15:00-05,0.127,0.911,15102,2019-10-05 07:15:00
1120159,1120159,5679,2019-10-05 07:30:00-05,0.158,1.554,15103,2019-10-05 07:30:00
1120160,1120160,5679,2019-10-05 07:45:00-05,0.195,1.547,15104,2019-10-05 07:45:00
1120161,1120161,5679,2019-10-05 08:00:00-05,0.226,1.101,15105,2019-10-05 08:00:00
1120162,1120162,5679,2019-10-05 08:15:00-05,0.242,1.306,15106,2019-10-05 08:15:00
1120163,1120163,5679,2019-10-05 08:30:00-05,0.557,2.226,15107,2019-10-05 08:30:00
1120164,1120164,5679,2019-10-05 08:45:00-05,1.031,5.556,15108,2019-10-05 08:45:00
1120165,1120165,5679,2019-10-05 09:00:00-05,1.253,4.036,15109,2019-10-05 09:00:00
1120166,1120166,5679,2019-10-05 09:15:00-05,1.606,-0.521,15110,2019-10-05 09:15:00
1120167,1120167,5679,2019-10-05 09:30:00-05,1.487,0.356,15111,2019-10-05 09:30:00
1120168,1120168,5679,2019-10-05 09:45:00-05,1.169,0.845,15112,2019-10-05 09:45:00
1120169,1120169,5679,2019-10-05 10:00:00-05,1.258,-0.297,15113,2019-10-05 10:00:00
1120170,1120170,5679,2019-10-05 10:15:00-05,1.843,-1.189,15114,2019-10-05 10:15:00
1120171,1120171,5679,2019-10-05 10:30:00-05,2.67,-2.246,15115,2019-10-05 10:30:00
1120172,1120172,5679,2019-10-05 10:45:00-05,3.367,-2.036,15116,2019-10-05 10:45:00
1120173,1120173,5679,2019-10-05 11:00:00-05,3.813,0.856,15117,2019-10-05 11:00:00
1120174,1120174,5679,2019-10-05 11:15:00-05,3.962,4.117,15118,2019-10-05 11:15:00
1120175,1120175,5679,2019-10-05 11:30:00-05,3.983,3.299,15119,2019-10-05 11:30:00
1120176,1120176,5679,2019-10-05 11:45:00-05,3.825,3.514,15120,2019-10-05 11:45:00
1120177,1120177,5679,2019-10-05 12:00:00-05,3.715,-3.116,15121,2019-10-05 12:00:00
1120178,1120178,5679,2019-10-05 12:15:00-05,3.678,-3.289,15122,2019-10-05 12:15:00
1120179,1120179,5679,2019-10-05 12:30:00-05,3.461,-2.912,15123,2019-10-05 12:30:00
1120180,1120180,5679,2019-10-05 12:45:00-05,3.144,-2.4,15124,2019-10-05 12:45:00
1120181,1120181,5679,2019-10-05 13:00:00-05,2.895,-2.035,15125,2019-10-05 13:00:00
1120182,1120182,5679,2019-10-05 13:15:00-05,2.663,-1.983,15126,2019-10-05 13:15:00
1120183,1120183,5679,2019-10-05 13:30:00-05,2.314,-1.962,15127,2019-10-05 13:30:00
1120184,1120184,5679,2019-10-05 13:45:00-05,2.196,-1.817,15128,2019-10-05 13:45:00
1120185,1120185,5679,2019-10-05 14:00:00-05,2.085,-1.785,15129,2019-10-05 14:00:00
1120186,1120186,5679,2019-10-05 14:15:00-05,1.957,-1.572,15130,2019-10-05 14:15:00
1120187,1120187,5679,2019-10-05 14:30:00-05,1.871,-1.451,15131,2019-10-05 14:30:00
1120188,1120188,5679,2019-10-05 14:45:00-05,1.74,-1.38,15132,2019-10-05 14:45:00
1120189,1120189,5679,2019-10-05 15:00:00-05,1.661,-1.24,15133,2019-10-05 15:00:00
1120190,1120190,5679,2019-10-05 15:15:00-05,1.414,0.508,15134,2019-10-05 15:15:00
1120191,1120191,5679,2019-10-05 15:30:00-05,1.086,6.27,15135,2019-10-05 15:30:00
1120192,1120192,5679,2019-10-05 15:45:00-05,0.737,6.656,15136,2019-10-05 15:45:00
1120193,1120193,5679,2019-10-05 16:00:00-05,0.553,6.888,15137,2019-10-05 16:00:00
1120194,1120194,5679,2019-10-05 16:15:00-05,0.342,7.226,15138,2019-10-05 16:15:00
1120195,1120195,5679,2019-10-05 16:30:00-05,0.186,5.277,15139,2019-10-05 16:30:00
1120196,1120196,5679,2019-10-05 16:45:00-05,0.122,0.606,15140,2019-10-05 16:45:00
1120197,1120197,5679,2019-10-05 17:00:00-05,0.099,0.659,15141,2019-10-05 17:00:00
1120198,1120198,5679,2019-10-05 17:15:00-05,0.058,0.553,15142,2019-10-05 17:15:00
1120199,1120199,5679,2019-10-05 17:30:00-05,0.01,0.536,15143,2019-10-05 17:30:00
1120200,1120200,5679,2019-10-05 17:45:00-05,0.006,0.396,15144,2019-10-05 17:45:00
1120201,1120201,5679,2019-10-05 18:00:00-05,0.007,0.421,15145,2019-10-05 18:00:00
1120202,1120202,5679,2019-10-05 18:15:00-05,0.007,0.519,15146,2019-10-05 18:15:00
1120203,1120203,5679,2019-10-05 18:30:00-05,0.006,0.49,15147,2019-10-05 18:30:00
1120204,1120204,5679,2019-10-05 18:45:00-05,0.006,0.579,15148,2019-10-05 18:45:00
1120205,1120205,5679,2019-10-05 19:00:00-05,0.006,0.878,15149,2019-10-05 19:00:00
1120206,1120206,5679,2019-10-05 19:15:00-05,0.007,0.598,15150,2019-10-05 19:15:00
1120207,1120207,5679,2019-10-05 19:30:00-05,0.007,0.766,15151,2019-10-05 19:30:00
1120208,1120208,5679,2019-10-05 19:45:00-05,0.007,0.708,15152,2019-10-05 19:45:00
1120209,1120209,5679,2019-10-05 20:00:00-05,0.007,0.628,15153,2019-10-05 20:00:00
1120210,1120210,5679,2019-10-05 20:15:00-05,0.007,0.652,15154,2019-10-05 20:15:00
1120211,1120211,5679,2019-10-05 20:30:00-05,0.007,0.62,15155,2019-10-05 20:30:00
1120212,1120212,5679,2019-10-05 20:45:00-05,0.007,0.666,15156,2019-10-05 20:45:00
1120213,1120213,5679,2019-10-05 21:00:00-05,0.007,0.636,15157,2019-10-05 21:00:00
1120214,1120214,5679,2019-10-05 21:15:00-05,0.007,0.41,15158,2019-10-05 21:15:00
1120215,1120215,5679,2019-10-05 21:30:00-05,0.007,0.263,15159,2019-10-05 21:30:00
1120216,1120216,5679,2019-10-05 21:45:00-05,0.007,0.339,15160,2019-10-05 21:45:00
1120217,1120217,5679,2019-10-05 22:00:00-05,0.007,0.369,15161,2019-10-05 22:00:00
1120218,1120218,5679,2019-10-05 22:15:00-05,0.007,0.332,15162,2019-10-05 22:15:00
1120219,1120219,5679,2019-10-05 22:30:00-05,0.007,0.445,15163,2019-10-05 22:30:00
1120220,1120220,5679,2019-10-05 22:45:00-05,0.007,0.401,15164,2019-10-05 22:45:00
1120221,1120221,5679,2019-10-05 23:00:00-05,0.007,0.453,15165,2019-10-05 23:00:00
1120222,1120222,5679,2019-10-05 23:15:00-05,0.007,0.438,15166,2019-10-05 23:15:00
1120223,1120223,5679,2019-10-05 23:30:00-05,0.007,0.495,15167,2019-10-05 23:30:00
1120224,1120224,5679,2019-10-05 23:45:00-05,0.007,0.65,15168,2019-10-05 23:45:00
1120225,1120225,5679,2019-10-06 00:00:00-05,0.008,0.296,15169,2019-10-06 00:00:00
1120226,1120226,5679,2019-10-06 00:15:00-05,0.007,0.339,15170,2019-10-06 00:15:00
1120227,1120227,5679,2019-10-06 00:30:00-05,0.007,0.356,15171,2019-10-06 00:30:00
1120228,1120228,5679,2019-10-06 00:45:00-05,0.008,0.296,15172,2019-10-06 00:45:00
1120229,1120229,5679,2019-10-06 01:00:00-05,0.007,0.439,15173,2019-10-06 01:00:00
1120230,1120230,5679,2019-10-06 01:15:00-05,0.008,0.426,15174,2019-10-06 01:15:00
1120231,1120231,5679,2019-10-06 01:30:00-05,0.008,0.35,15175,2019-10-06 01:30:00
1120232,1120232,5679,2019-10-06 01:45:00-05,0.008,0.379,15176,2019-10-06 01:45:00
1120233,1120233,5679,2019-10-06 02:00:00-05,0.008,0.364,15177,2019-10-06 02:00:00
1120234,1120234,5679,2019-10-06 02:15:00-05,0.007,0.41,15178,2019-10-06 02:15:00
1120235,1120235,5679,2019-10-06 02:30:00-05,0.007,0.48,15179,2019-10-06 02:30:00
1120236,1120236,5679,2019-10-06 02:45:00-05,0.007,0.395,15180,2019-10-06 02:45:00
1120237,1120237,5679,2019-10-06 03:00:00-05,0.007,0.445,15181,2019-10-06 03:00:00
1120238,1120238,5679,2019-10-06 03:15:00-05,0.008,0.435,15182,2019-10-06 03:15:00
1120239,1120239,5679,2019-10-06 03:30:00-05,0.008,0.391,15183,2019-10-06 03:30:00
1120240,1120240,5679,2019-10-06 03:45:00-05,0.007,0.457,15184,2019-10-06 03:45:00
1120241,1120241,5679,2019-10-06 04:00:00-05,0.008,0.288,15185,2019-10-06 04:00:00
1120242,1120242,5679,2019-10-06 04:15:00-05,0.008,0.294,15186,2019-10-06 04:15:00
1120243,1120243,5679,2019-10-06 04:30:00-05,0.008,0.375,15187,2019-10-06 04:30:00
1120244,1120244,5679,2019-10-06 04:45:00-05,0.008,0.283,15188,2019-10-06 04:45:00
1120245,1120245,5679,2019-10-06 05:00:00-05,0.008,0.305,15189,2019-10-06 05:00:00
1120246,1120246,5679,2019-10-06 05:15:00-05,0.008,0.349,15190,2019-10-06 05:15:00
1120247,1120247,5679,2019-10-06 05:30:00-05,0.008,0.292,15191,2019-10-06 05:30:00
1120248,1120248,5679,2019-10-06 05:45:00-05,0.008,0.41,15192,2019-10-06 05:45:00
1120249,1120249,5679,2019-10-06 06:00:00-05,0.007,0.708,15193,2019-10-06 06:00:00
1120250,1120250,5679,2019-10-06 06:15:00-05,0.02,1.074,15194,2019-10-06 06:15:00
1120251,1120251,5679,2019-10-06 06:30:00-05,0.044,1.239,15195,2019-10-06 06:30:00
1120252,1120252,5679,2019-10-06 06:45:00-05,0.062,1.024,15196,2019-10-06 06:45:00
1120253,1120253,5679,2019-10-06 07:00:00-05,0.101,1.767,15197,2019-10-06 07:00:00
1120254,1120254,5679,2019-10-06 07:15:00-05,0.105,1.191,15198,2019-10-06 07:15:00
1120255,1120255,5679,2019-10-06 07:30:00-05,0.142,1.089,15199,2019-10-06 07:30:00
1120256,1120256,5679,2019-10-06 07:45:00-05,0.155,4.009,15200,2019-10-06 07:45:00
1120257,1120257,5679,2019-10-06 08:00:00-05,0.245,4.202,15201,2019-10-06 08:00:00
1120258,1120258,5679,2019-10-06 08:15:00-05,0.33,0.272,15202,2019-10-06 08:15:00
1120259,1120259,5679,2019-10-06 08:30:00-05,0.451,0.008,15203,2019-10-06 08:30:00
1120260,1120260,5679,2019-10-06 08:45:00-05,0.466,-0.222,15204,2019-10-06 08:45:00
1120261,1120261,5679,2019-10-06 09:00:00-05,0.532,-0.37,15205,2019-10-06 09:00:00
1120262,1120262,5679,2019-10-06 09:15:00-05,0.389,-0.136,15206,2019-10-06 09:15:00
1120263,1120263,5679,2019-10-06 09:30:00-05,0.318,-0.151,15207,2019-10-06 09:30:00
1120264,1120264,5679,2019-10-06 09:45:00-05,0.271,-0.091,15208,2019-10-06 09:45:00
1120265,1120265,5679,2019-10-06 10:00:00-05,0.241,0.039,15209,2019-10-06 10:00:00
1120266,1120266,5679,2019-10-06 10:15:00-05,0.249,0.027,15210,2019-10-06 10:15:00
1120267,1120267,5679,2019-10-06 10:30:00-05,0.349,-0.029,15211,2019-10-06 10:30:00
1120268,1120268,5679,2019-10-06 10:45:00-05,0.395,-0.077,15212,2019-10-06 10:45:00
1120269,1120269,5679,2019-10-06 11:00:00-05,0.394,3.06,15213,2019-10-06 11:00:00
1120270,1120270,5679,2019-10-06 11:15:00-05,0.305,3.665,15214,2019-10-06 11:15:00
1120271,1120271,5679,2019-10-06 11:30:00-05,0.333,1.957,15215,2019-10-06 11:30:00
1120272,1120272,5679,2019-10-06 11:45:00-05,0.46,2.377,15216,2019-10-06 11:45:00
1120273,1120273,5679,2019-10-06 12:00:00-05,0.593,3.074,15217,2019-10-06 12:00:00
1120274,1120274,5679,2019-10-06 12:15:00-05,0.459,1.874,15218,2019-10-06 12:15:00
1120275,1120275,5679,2019-10-06 12:30:00-05,0.193,1.525,15219,2019-10-06 12:30:00
1120276,1120276,5679,2019-10-06 12:45:00-05,0.332,-0.034,15220,2019-10-06 12:45:00
1120277,1120277,5679,2019-10-06 13:00:00-05,0.391,2.448,15221,2019-10-06 13:00:00
1120278,1120278,5679,2019-10-06 13:15:00-05,0.292,2.231,15222,2019-10-06 13:15:00
1120279,1120279,5679,2019-10-06 13:30:00-05,0.2,0.782,15223,2019-10-06 13:30:00
1120280,1120280,5679,2019-10-06 13:45:00-05,0.17,0.57,15224,2019-10-06 13:45:00
1120281,1120281,5679,2019-10-06 14:00:00-05,0.187,2.517,15225,2019-10-06 14:00:00
1120282,1120282,5679,2019-10-06 14:15:00-05,0.22,1.902,15226,2019-10-06 14:15:00
1120283,1120283,5679,2019-10-06 14:30:00-05,0.285,0.722,15227,2019-10-06 14:30:00
1120284,1120284,5679,2019-10-06 14:45:00-05,0.236,0.363,15228,2019-10-06 14:45:00
1120285,1120285,5679,2019-10-06 15:00:00-05,0.357,1.689,15229,2019-10-06 15:00:00
1120286,1120286,5679,2019-10-06 15:15:00-05,0.202,1.982,15230,2019-10-06 15:15:00
1120287,1120287,5679,2019-10-06 15:30:00-05,0.156,1.706,15231,2019-10-06 15:30:00
1120288,1120288,5679,2019-10-06 15:45:00-05,0.187,2.334,15232,2019-10-06 15:45:00
1120289,1120289,5679,2019-10-06 16:00:00-05,0.15,2.317,15233,2019-10-06 16:00:00
1120290,1120290,5679,2019-10-06 16:15:00-05,0.089,1.686,15234,2019-10-06 16:15:00
1120291,1120291,5679,2019-10-06 16:30:00-05,0.056,0.76,15235,2019-10-06 16:30:00
1120292,1120292,5679,2019-10-06 16:45:00-05,0.036,3.569,15236,2019-10-06 16:45:00
1120293,1120293,5679,2019-10-06 17:00:00-05,0.033,4.05,15237,2019-10-06 17:00:00
1120294,1120294,5679,2019-10-06 17:15:00-05,0.015,1.635,15238,2019-10-06 17:15:00
1120295,1120295,5679,2019-10-06 17:30:00-05,0.007,1.003,15239,2019-10-06 17:30:00
1120296,1120296,5679,2019-10-06 17:45:00-05,0.007,0.607,15240,2019-10-06 17:45:00
1120297,1120297,5679,2019-10-06 18:00:00-05,0.006,0.572,15241,2019-10-06 18:00:00
1120298,1120298,5679,2019-10-06 18:15:00-05,0.006,1.297,15242,2019-10-06 18:15:00
1120299,1120299,5679,2019-10-06 18:30:00-05,0.006,1.197,15243,2019-10-06 18:30:00
1120300,1120300,5679,2019-10-06 18:45:00-05,0.006,0.751,15244,2019-10-06 18:45:00
1120301,1120301,5679,2019-10-06 19:00:00-05,0.007,0.473,15245,2019-10-06 19:00:00
1120302,1120302,5679,2019-10-06 19:15:00-05,0.007,0.586,15246,2019-10-06 19:15:00
1120303,1120303,5679,2019-10-06 19:30:00-05,0.007,0.59,15247,2019-10-06 19:30:00
1120304,1120304,5679,2019-10-06 19:45:00-05,0.007,0.545,15248,2019-10-06 19:45:00
1120305,1120305,5679,2019-10-06 20:00:00-05,0.007,0.625,15249,2019-10-06 20:00:00
1120306,1120306,5679,2019-10-06 20:15:00-05,0.007,0.535,15250,2019-10-06 20:15:00
1120307,1120307,5679,2019-10-06 20:30:00-05,0.007,0.554,15251,2019-10-06 20:30:00
1120308,1120308,5679,2019-10-06 20:45:00-05,0.007,0.756,15252,2019-10-06 20:45:00
1120309,1120309,5679,2019-10-06 21:00:00-05,0.007,0.727,15253,2019-10-06 21:00:00
1120310,1120310,5679,2019-10-06 21:15:00-05,0.007,0.711,15254,2019-10-06 21:15:00
1120311,1120311,5679,2019-10-06 21:30:00-05,0.007,0.585,15255,2019-10-06 21:30:00
1120312,1120312,5679,2019-10-06 21:45:00-05,0.007,0.592,15256,2019-10-06 21:45:00
1120313,1120313,5679,2019-10-06 22:00:00-05,0.007,0.6,15257,2019-10-06 22:00:00
1120314,1120314,5679,2019-10-06 22:15:00-05,0.007,0.444,15258,2019-10-06 22:15:00
1120315,1120315,5679,2019-10-06 22:30:00-05,0.007,0.483,15259,2019-10-06 22:30:00
1120316,1120316,5679,2019-10-06 22:45:00-05,0.007,0.41,15260,2019-10-06 22:45:00
1120317,1120317,5679,2019-10-06 23:00:00-05,0.007,0.361,15261,2019-10-06 23:00:00
1120318,1120318,5679,2019-10-06 23:15:00-05,0.007,0.365,15262,2019-10-06 23:15:00
1120319,1120319,5679,2019-10-06 23:30:00-05,0.007,0.287,15263,2019-10-06 23:30:00
1120320,1120320,5679,2019-10-06 23:45:00-05,0.007,0.354,15264,2019-10-06 23:45:00
1120321,1120321,5679,2019-10-07 00:00:00-05,0.007,0.303,15265,2019-10-07 00:00:00
1120322,1120322,5679,2019-10-07 00:15:00-05,0.007,0.285,15266,2019-10-07 00:15:00
1120323,1120323,5679,2019-10-07 00:30:00-05,0.007,0.368,15267,2019-10-07 00:30:00
1120324,1120324,5679,2019-10-07 00:45:00-05,0.007,0.284,15268,2019-10-07 00:45:00
1120325,1120325,5679,2019-10-07 01:00:00-05,0.007,0.416,15269,2019-10-07 01:00:00
1120326,1120326,5679,2019-10-07 01:15:00-05,0.007,0.55,15270,2019-10-07 01:15:00
1120327,1120327,5679,2019-10-07 01:30:00-05,0.007,0.493,15271,2019-10-07 01:30:00
1120328,1120328,5679,2019-10-07 01:45:00-05,0.007,0.476,15272,2019-10-07 01:45:00
1120329,1120329,5679,2019-10-07 02:00:00-05,0.007,0.39,15273,2019-10-07 02:00:00
1120330,1120330,5679,2019-10-07 02:15:00-05,0.007,0.423,15274,2019-10-07 02:15:00
1120331,1120331,5679,2019-10-07 02:30:00-05,0.007,0.441,15275,2019-10-07 02:30:00
1120332,1120332,5679,2019-10-07 02:45:00-05,0.007,0.389,15276,2019-10-07 02:45:00
1120333,1120333,5679,2019-10-07 03:00:00-05,0.007,0.431,15277,2019-10-07 03:00:00
1120334,1120334,5679,2019-10-07 03:15:00-05,0.007,0.281,15278,2019-10-07 03:15:00
1120335,1120335,5679,2019-10-07 03:30:00-05,0.007,0.563,15279,2019-10-07 03:30:00
1120336,1120336,5679,2019-10-07 03:45:00-05,0.007,0.235,15280,2019-10-07 03:45:00
1120337,1120337,5679,2019-10-07 04:00:00-05,0.007,0.301,15281,2019-10-07 04:00:00
1120338,1120338,5679,2019-10-07 04:15:00-05,0.007,0.426,15282,2019-10-07 04:15:00
1120339,1120339,5679,2019-10-07 04:30:00-05,0.007,0.547,15283,2019-10-07 04:30:00
1120340,1120340,5679,2019-10-07 04:45:00-05,0.007,0.314,15284,2019-10-07 04:45:00
1120341,1120341,5679,2019-10-07 05:00:00-05,0.007,0.515,15285,2019-10-07 05:00:00
1120342,1120342,5679,2019-10-07 05:15:00-05,0.007,0.528,15286,2019-10-07 05:15:00
1120343,1120343,5679,2019-10-07 05:30:00-05,0.006,0.807,15287,2019-10-07 05:30:00
1120344,1120344,5679,2019-10-07 05:45:00-05,0.007,0.479,15288,2019-10-07 05:45:00
1120345,1120345,5679,2019-10-07 06:00:00-05,0.007,0.367,15289,2019-10-07 06:00:00
1120346,1120346,5679,2019-10-07 06:15:00-05,0.007,0.285,15290,2019-10-07 06:15:00
1120347,1120347,5679,2019-10-07 06:30:00-05,0.022,0.707,15291,2019-10-07 06:30:00
1120348,1120348,5679,2019-10-07 06:45:00-05,0.046,0.846,15292,2019-10-07 06:45:00
1120349,1120349,5679,2019-10-07 07:00:00-05,0.026,0.474,15293,2019-10-07 07:00:00
1120350,1120350,5679,2019-10-07 07:15:00-05,0.06,0.387,15294,2019-10-07 07:15:00
1120351,1120351,5679,2019-10-07 07:30:00-05,0.066,0.733,15295,2019-10-07 07:30:00
1120352,1120352,5679,2019-10-07 07:45:00-05,0.171,0.192,15296,2019-10-07 07:45:00
1120353,1120353,5679,2019-10-07 08:00:00-05,0.208,0.232,15297,2019-10-07 08:00:00
1120354,1120354,5679,2019-10-07 08:15:00-05,0.158,0.245,15298,2019-10-07 08:15:00
1120355,1120355,5679,2019-10-07 08:30:00-05,0.175,0.23,15299,2019-10-07 08:30:00
1120356,1120356,5679,2019-10-07 08:45:00-05,0.224,0.23,15300,2019-10-07 08:45:00
1120357,1120357,5679,2019-10-07 09:00:00-05,0.174,1.17,15301,2019-10-07 09:00:00
1120358,1120358,5679,2019-10-07 09:15:00-05,0.202,3.05,15302,2019-10-07 09:15:00
1120359,1120359,5679,2019-10-07 09:30:00-05,0.26,2.207,15303,2019-10-07 09:30:00
1120360,1120360,5679,2019-10-07 09:45:00-05,0.367,1.287,15304,2019-10-07 09:45:00
1120361,1120361,5679,2019-10-07 10:00:00-05,0.446,1.142,15305,2019-10-07 10:00:00
1120362,1120362,5679,2019-10-07 10:15:00-05,0.475,1.145,15306,2019-10-07 10:15:00
1120363,1120363,5679,2019-10-07 10:30:00-05,0.443,0.914,15307,2019-10-07 10:30:00
1120364,1120364,5679,2019-10-07 10:45:00-05,0.49,0.698,15308,2019-10-07 10:45:00
1120365,1120365,5679,2019-10-07 11:00:00-05,0.498,0.048,15309,2019-10-07 11:00:00
1120366,1120366,5679,2019-10-07 11:15:00-05,0.304,0.528,15310,2019-10-07 11:15:00
1120367,1120367,5679,2019-10-07 11:30:00-05,0.326,0.247,15311,2019-10-07 11:30:00
1120368,1120368,5679,2019-10-07 11:45:00-05,0.526,0.583,15312,2019-10-07 11:45:00
1120369,1120369,5679,2019-10-07 12:00:00-05,0.65,0.198,15313,2019-10-07 12:00:00
1120370,1120370,5679,2019-10-07 12:15:00-05,0.334,0.437,15314,2019-10-07 12:15:00
1120371,1120371,5679,2019-10-07 12:30:00-05,0.344,0.302,15315,2019-10-07 12:30:00
1120372,1120372,5679,2019-10-07 12:45:00-05,0.268,0.207,15316,2019-10-07 12:45:00
1120373,1120373,5679,2019-10-07 13:00:00-05,0.295,0.316,15317,2019-10-07 13:00:00
1120374,1120374,5679,2019-10-07 13:15:00-05,0.336,0.176,15318,2019-10-07 13:15:00
1120375,1120375,5679,2019-10-07 13:30:00-05,0.349,0.252,15319,2019-10-07 13:30:00
1120376,1120376,5679,2019-10-07 13:45:00-05,0.41,0.144,15320,2019-10-07 13:45:00
1120377,1120377,5679,2019-10-07 14:00:00-05,0.32,0.441,15321,2019-10-07 14:00:00
1120378,1120378,5679,2019-10-07 14:15:00-05,0.282,-0.038,15322,2019-10-07 14:15:00
1120379,1120379,5679,2019-10-07 14:30:00-05,0.245,0.98,15323,2019-10-07 14:30:00
1120380,1120380,5679,2019-10-07 14:45:00-05,0.244,4.144,15324,2019-10-07 14:45:00
1120381,1120381,5679,2019-10-07 15:00:00-05,0.169,3.841,15325,2019-10-07 15:00:00
1120382,1120382,5679,2019-10-07 15:15:00-05,0.18,1.44,15326,2019-10-07 15:15:00
1120383,1120383,5679,2019-10-07 15:30:00-05,0.136,0.866,15327,2019-10-07 15:30:00
1120384,1120384,5679,2019-10-07 15:45:00-05,0.145,0.745,15328,2019-10-07 15:45:00
1120385,1120385,5679,2019-10-07 16:00:00-05,0.173,0.563,15329,2019-10-07 16:00:00
1120386,1120386,5679,2019-10-07 16:15:00-05,0.203,0.71,15330,2019-10-07 16:15:00
1120387,1120387,5679,2019-10-07 16:30:00-05,0.128,0.707,15331,2019-10-07 16:30:00
1120388,1120388,5679,2019-10-07 16:45:00-05,0.053,0.566,15332,2019-10-07 16:45:00
1120389,1120389,5679,2019-10-07 17:00:00-05,0.03,0.648,15333,2019-10-07 17:00:00
1120390,1120390,5679,2019-10-07 17:15:00-05,0.012,0.524,15334,2019-10-07 17:15:00
1120391,1120391,5679,2019-10-07 17:30:00-05,0.007,0.607,15335,2019-10-07 17:30:00
1120392,1120392,5679,2019-10-07 17:45:00-05,0.007,1.371,15336,2019-10-07 17:45:00
1120393,1120393,5679,2019-10-07 18:00:00-05,0.007,1.316,15337,2019-10-07 18:00:00
1120394,1120394,5679,2019-10-07 18:15:00-05,0.007,0.919,15338,2019-10-07 18:15:00
1120395,1120395,5679,2019-10-07 18:30:00-05,0.007,1.348,15339,2019-10-07 18:30:00
1120396,1120396,5679,2019-10-07 18:45:00-05,0.007,0.752,15340,2019-10-07 18:45:00
1120397,1120397,5679,2019-10-07 19:00:00-05,0.007,0.67,15341,2019-10-07 19:00:00
1120398,1120398,5679,2019-10-07 19:15:00-05,0.007,0.748,15342,2019-10-07 19:15:00
1120399,1120399,5679,2019-10-07 19:30:00-05,0.007,0.741,15343,2019-10-07 19:30:00
1120400,1120400,5679,2019-10-07 19:45:00-05,0.007,0.695,15344,2019-10-07 19:45:00
1120401,1120401,5679,2019-10-07 20:00:00-05,0.007,0.581,15345,2019-10-07 20:00:00
1120402,1120402,5679,2019-10-07 20:15:00-05,0.003,4.466,15346,2019-10-07 20:15:00
1120403,1120403,5679,2019-10-07 20:30:00-05,-0.001,7.517,15347,2019-10-07 20:30:00
1120404,1120404,5679,2019-10-07 20:45:00-05,-0.001,7.497,15348,2019-10-07 20:45:00
1120405,1120405,5679,2019-10-07 21:00:00-05,-0.001,7.396,15349,2019-10-07 21:00:00
1120406,1120406,5679,2019-10-07 21:15:00-05,-0.001,7.299,15350,2019-10-07 21:15:00
1120407,1120407,5679,2019-10-07 21:30:00-05,-0.001,7.301,15351,2019-10-07 21:30:00
1120408,1120408,5679,2019-10-07 21:45:00-05,0.0,6.794,15352,2019-10-07 21:45:00
1120409,1120409,5679,2019-10-07 22:00:00-05,0.006,0.929,15353,2019-10-07 22:00:00
1120410,1120410,5679,2019-10-07 22:15:00-05,0.007,0.551,15354,2019-10-07 22:15:00
1120411,1120411,5679,2019-10-07 22:30:00-05,0.007,0.362,15355,2019-10-07 22:30:00
1120412,1120412,5679,2019-10-07 22:45:00-05,0.007,0.325,15356,2019-10-07 22:45:00
1120413,1120413,5679,2019-10-07 23:00:00-05,0.007,0.459,15357,2019-10-07 23:00:00
1120414,1120414,5679,2019-10-07 23:15:00-05,0.007,0.457,15358,2019-10-07 23:15:00
1120415,1120415,5679,2019-10-07 23:30:00-05,0.007,0.404,15359,2019-10-07 23:30:00
1120416,1120416,5679,2019-10-07 23:45:00-05,0.007,0.556,15360,2019-10-07 23:45:00
1120417,1120417,5679,2019-10-08 00:00:00-05,0.007,0.537,15361,2019-10-08 00:00:00
1120418,1120418,5679,2019-10-08 00:15:00-05,0.007,0.44,15362,2019-10-08 00:15:00
1120419,1120419,5679,2019-10-08 00:30:00-05,0.007,0.483,15363,2019-10-08 00:30:00
1120420,1120420,5679,2019-10-08 00:45:00-05,0.007,0.348,15364,2019-10-08 00:45:00
1120421,1120421,5679,2019-10-08 01:00:00-05,0.007,0.333,15365,2019-10-08 01:00:00
1120422,1120422,5679,2019-10-08 01:15:00-05,0.007,0.331,15366,2019-10-08 01:15:00
1120423,1120423,5679,2019-10-08 01:30:00-05,0.008,0.286,15367,2019-10-08 01:30:00
1120424,1120424,5679,2019-10-08 01:45:00-05,0.007,0.352,15368,2019-10-08 01:45:00
1120425,1120425,5679,2019-10-08 02:00:00-05,0.008,0.307,15369,2019-10-08 02:00:00
1120426,1120426,5679,2019-10-08 02:15:00-05,0.008,0.283,15370,2019-10-08 02:15:00
1120427,1120427,5679,2019-10-08 02:30:00-05,0.008,0.355,15371,2019-10-08 02:30:00
1120428,1120428,5679,2019-10-08 02:45:00-05,0.007,0.398,15372,2019-10-08 02:45:00
1120429,1120429,5679,2019-10-08 03:00:00-05,0.007,0.391,15373,2019-10-08 03:00:00
1120430,1120430,5679,2019-10-08 03:15:00-05,0.007,0.424,15374,2019-10-08 03:15:00
1120431,1120431,5679,2019-10-08 03:30:00-05,0.008,0.29,15375,2019-10-08 03:30:00
1120432,1120432,5679,2019-10-08 03:45:00-05,0.008,0.278,15376,2019-10-08 03:45:00
1120433,1120433,5679,2019-10-08 04:00:00-05,0.007,0.375,15377,2019-10-08 04:00:00
1120434,1120434,5679,2019-10-08 04:15:00-05,0.008,0.284,15378,2019-10-08 04:15:00
1120435,1120435,5679,2019-10-08 04:30:00-05,0.008,0.294,15379,2019-10-08 04:30:00
1120436,1120436,5679,2019-10-08 04:45:00-05,0.008,0.242,15380,2019-10-08 04:45:00
1120437,1120437,5679,2019-10-08 05:00:00-05,0.008,0.283,15381,2019-10-08 05:00:00
1120438,1120438,5679,2019-10-08 05:15:00-05,0.007,0.333,15382,2019-10-08 05:15:00
1120439,1120439,5679,2019-10-08 05:30:00-05,0.008,0.26,15383,2019-10-08 05:30:00
1120440,1120440,5679,2019-10-08 05:45:00-05,0.007,1.1,15384,2019-10-08 05:45:00
1120441,1120441,5679,2019-10-08 06:00:00-05,0.007,0.7,15385,2019-10-08 06:00:00
1120442,1120442,5679,2019-10-08 06:15:00-05,0.03,0.426,15386,2019-10-08 06:15:00
1120443,1120443,5679,2019-10-08 06:30:00-05,0.094,1.278,15387,2019-10-08 06:30:00
1120444,1120444,5679,2019-10-08 06:45:00-05,0.196,1.125,15388,2019-10-08 06:45:00
1120445,1120445,5679,2019-10-08 07:00:00-05,0.349,0.096,15389,2019-10-08 07:00:00
1120446,1120446,5679,2019-10-08 07:15:00-05,0.362,0.147,15390,2019-10-08 07:15:00
1120447,1120447,5679,2019-10-08 07:30:00-05,0.242,0.69,15391,2019-10-08 07:30:00
1120448,1120448,5679,2019-10-08 07:45:00-05,0.3,2.296,15392,2019-10-08 07:45:00
1120449,1120449,5679,2019-10-08 08:00:00-05,0.28,0.585,15393,2019-10-08 08:00:00
1120450,1120450,5679,2019-10-08 08:15:00-05,0.306,0.663,15394,2019-10-08 08:15:00
1120451,1120451,5679,2019-10-08 08:30:00-05,0.285,1.0,15395,2019-10-08 08:30:00
1120452,1120452,5679,2019-10-08 08:45:00-05,0.524,0.125,15396,2019-10-08 08:45:00
1120453,1120453,5679,2019-10-08 09:00:00-05,0.639,0.341,15397,2019-10-08 09:00:00
1120454,1120454,5679,2019-10-08 09:15:00-05,0.734,0.76,15398,2019-10-08 09:15:00
1120455,1120455,5679,2019-10-08 09:30:00-05,0.911,0.726,15399,2019-10-08 09:30:00
1120456,1120456,5679,2019-10-08 09:45:00-05,0.785,0.551,15400,2019-10-08 09:45:00
1120457,1120457,5679,2019-10-08 10:00:00-05,1.157,-0.778,15401,2019-10-08 10:00:00
1120458,1120458,5679,2019-10-08 10:15:00-05,1.4,-1.072,15402,2019-10-08 10:15:00
1120459,1120459,5679,2019-10-08 10:30:00-05,1.562,-1.327,15403,2019-10-08 10:30:00
1120460,1120460,5679,2019-10-08 10:45:00-05,2.443,-1.996,15404,2019-10-08 10:45:00
1120461,1120461,5679,2019-10-08 11:00:00-05,3.415,-2.437,15405,2019-10-08 11:00:00
1120462,1120462,5679,2019-10-08 11:15:00-05,3.689,-3.168,15406,2019-10-08 11:15:00
1120463,1120463,5679,2019-10-08 11:30:00-05,3.66,-3.423,15407,2019-10-08 11:30:00
1120464,1120464,5679,2019-10-08 11:45:00-05,3.262,-2.66,15408,2019-10-08 11:45:00
1120465,1120465,5679,2019-10-08 12:00:00-05,3.533,-3.347,15409,2019-10-08 12:00:00
1120466,1120466,5679,2019-10-08 12:15:00-05,3.395,-3.182,15410,2019-10-08 12:15:00
1120467,1120467,5679,2019-10-08 12:30:00-05,3.228,-3.014,15411,2019-10-08 12:30:00
1120468,1120468,5679,2019-10-08 12:45:00-05,2.967,-2.632,15412,2019-10-08 12:45:00
1120469,1120469,5679,2019-10-08 13:00:00-05,2.653,-2.342,15413,2019-10-08 13:00:00
1120470,1120470,5679,2019-10-08 13:15:00-05,2.479,-2.21,15414,2019-10-08 13:15:00
1120471,1120471,5679,2019-10-08 13:30:00-05,2.069,-1.687,15415,2019-10-08 13:30:00
1120472,1120472,5679,2019-10-08 13:45:00-05,2.006,-1.464,15416,2019-10-08 13:45:00
1120473,1120473,5679,2019-10-08 14:00:00-05,1.984,-1.524,15417,2019-10-08 14:00:00
1120474,1120474,5679,2019-10-08 14:15:00-05,1.675,-1.127,15418,2019-10-08 14:15:00
1120475,1120475,5679,2019-10-08 14:30:00-05,1.48,-1.14,15419,2019-10-08 14:30:00
1120476,1120476,5679,2019-10-08 14:45:00-05,1.148,-0.848,15420,2019-10-08 14:45:00
1120477,1120477,5679,2019-10-08 15:00:00-05,1.087,-0.285,15421,2019-10-08 15:00:00
1120478,1120478,5679,2019-10-08 15:15:00-05,0.94,-0.601,15422,2019-10-08 15:15:00
1120479,1120479,5679,2019-10-08 15:30:00-05,0.896,-0.598,15423,2019-10-08 15:30:00
1120480,1120480,5679,2019-10-08 15:45:00-05,0.955,-0.59,15424,2019-10-08 15:45:00
1120481,1120481,5679,2019-10-08 16:00:00-05,0.685,-0.348,15425,2019-10-08 16:00:00
1120482,1120482,5679,2019-10-08 16:15:00-05,0.419,-0.246,15426,2019-10-08 16:15:00
1120483,1120483,5679,2019-10-08 16:30:00-05,0.194,0.063,15427,2019-10-08 16:30:00
1120484,1120484,5679,2019-10-08 16:45:00-05,0.108,0.262,15428,2019-10-08 16:45:00
1120485,1120485,5679,2019-10-08 17:00:00-05,0.068,0.316,15429,2019-10-08 17:00:00
1120486,1120486,5679,2019-10-08 17:15:00-05,0.031,0.362,15430,2019-10-08 17:15:00
1120487,1120487,5679,2019-10-08 17:30:00-05,0.008,1.473,15431,2019-10-08 17:30:00
1120488,1120488,5679,2019-10-08 17:45:00-05,0.005,2.124,15432,2019-10-08 17:45:00
1120489,1120489,5679,2019-10-08 18:00:00-05,0.005,1.868,15433,2019-10-08 18:00:00
1120490,1120490,5679,2019-10-08 18:15:00-05,0.005,1.57,15434,2019-10-08 18:15:00
1120491,1120491,5679,2019-10-08 18:30:00-05,0.006,1.182,15435,2019-10-08 18:30:00
1120492,1120492,5679,2019-10-08 18:45:00-05,0.006,1.232,15436,2019-10-08 18:45:00
1120493,1120493,5679,2019-10-08 19:00:00-05,0.007,0.726,15437,2019-10-08 19:00:00
1120494,1120494,5679,2019-10-08 19:15:00-05,0.006,0.963,15438,2019-10-08 19:15:00
1120495,1120495,5679,2019-10-08 19:30:00-05,0.006,1.661,15439,2019-10-08 19:30:00
1120496,1120496,5679,2019-10-08 19:45:00-05,0.006,1.391,15440,2019-10-08 19:45:00
1120497,1120497,5679,2019-10-08 20:00:00-05,0.007,0.589,15441,2019-10-08 20:00:00
1120498,1120498,5679,2019-10-08 20:15:00-05,0.007,0.343,15442,2019-10-08 20:15:00
1120499,1120499,5679,2019-10-08 20:30:00-05,0.007,0.353,15443,2019-10-08 20:30:00
1120500,1120500,5679,2019-10-08 20:45:00-05,0.007,0.432,15444,2019-10-08 20:45:00
1120501,1120501,5679,2019-10-08 21:00:00-05,0.007,0.331,15445,2019-10-08 21:00:00
1120502,1120502,5679,2019-10-08 21:15:00-05,0.007,0.371,15446,2019-10-08 21:15:00
1120503,1120503,5679,2019-10-08 21:30:00-05,0.007,0.452,15447,2019-10-08 21:30:00
1120504,1120504,5679,2019-10-08 21:45:00-05,0.007,0.356,15448,2019-10-08 21:45:00
1120505,1120505,5679,2019-10-08 22:00:00-05,0.007,0.422,15449,2019-10-08 22:00:00
1120506,1120506,5679,2019-10-08 22:15:00-05,0.007,0.601,15450,2019-10-08 22:15:00
1120507,1120507,5679,2019-10-08 22:30:00-05,0.007,0.339,15451,2019-10-08 22:30:00
1120508,1120508,5679,2019-10-08 22:45:00-05,0.007,0.49,15452,2019-10-08 22:45:00
1120509,1120509,5679,2019-10-08 23:00:00-05,0.007,0.5,15453,2019-10-08 23:00:00
1120510,1120510,5679,2019-10-08 23:15:00-05,0.007,0.568,15454,2019-10-08 23:15:00
1120511,1120511,5679,2019-10-08 23:30:00-05,0.007,0.494,15455,2019-10-08 23:30:00
1120512,1120512,5679,2019-10-08 23:45:00-05,0.007,0.297,15456,2019-10-08 23:45:00
1120513,1120513,5679,2019-10-09 00:00:00-05,0.007,0.383,15457,2019-10-09 00:00:00
1120514,1120514,5679,2019-10-09 00:15:00-05,0.008,0.297,15458,2019-10-09 00:15:00
1120515,1120515,5679,2019-10-09 00:30:00-05,0.008,0.292,15459,2019-10-09 00:30:00
1120516,1120516,5679,2019-10-09 00:45:00-05,0.007,0.377,15460,2019-10-09 00:45:00
1120517,1120517,5679,2019-10-09 01:00:00-05,0.008,0.293,15461,2019-10-09 01:00:00
1120518,1120518,5679,2019-10-09 01:15:00-05,0.008,0.286,15462,2019-10-09 01:15:00
1120519,1120519,5679,2019-10-09 01:30:00-05,0.007,0.37,15463,2019-10-09 01:30:00
1120520,1120520,5679,2019-10-09 01:45:00-05,0.008,0.319,15464,2019-10-09 01:45:00
1120521,1120521,5679,2019-10-09 02:00:00-05,0.007,0.396,15465,2019-10-09 02:00:00
1120522,1120522,5679,2019-10-09 02:15:00-05,0.007,0.481,15466,2019-10-09 02:15:00
1120523,1120523,5679,2019-10-09 02:30:00-05,0.008,0.399,15467,2019-10-09 02:30:00
1120524,1120524,5679,2019-10-09 02:45:00-05,0.007,0.415,15468,2019-10-09 02:45:00
1120525,1120525,5679,2019-10-09 03:00:00-05,0.007,0.461,15469,2019-10-09 03:00:00
1120526,1120526,5679,2019-10-09 03:15:00-05,0.008,0.386,15470,2019-10-09 03:15:00
1120527,1120527,5679,2019-10-09 03:30:00-05,0.007,0.543,15471,2019-10-09 03:30:00
1120528,1120528,5679,2019-10-09 03:45:00-05,0.008,0.473,15472,2019-10-09 03:45:00
1120529,1120529,5679,2019-10-09 04:00:00-05,0.008,0.453,15473,2019-10-09 04:00:00
1120530,1120530,5679,2019-10-09 04:15:00-05,0.008,0.285,15474,2019-10-09 04:15:00
1120531,1120531,5679,2019-10-09 04:30:00-05,0.008,0.255,15475,2019-10-09 04:30:00
1120532,1120532,5679,2019-10-09 04:45:00-05,0.008,0.282,15476,2019-10-09 04:45:00
1120533,1120533,5679,2019-10-09 05:00:00-05,0.008,0.363,15477,2019-10-09 05:00:00
1120534,1120534,5679,2019-10-09 05:15:00-05,0.008,0.275,15478,2019-10-09 05:15:00
1120535,1120535,5679,2019-10-09 05:30:00-05,0.008,0.319,15479,2019-10-09 05:30:00
1120536,1120536,5679,2019-10-09 05:45:00-05,0.008,0.4,15480,2019-10-09 05:45:00
1120537,1120537,5679,2019-10-09 06:00:00-05,0.007,1.184,15481,2019-10-09 06:00:00
1120538,1120538,5679,2019-10-09 06:15:00-05,0.029,1.349,15482,2019-10-09 06:15:00
1120539,1120539,5679,2019-10-09 06:30:00-05,0.124,0.582,15483,2019-10-09 06:30:00
1120540,1120540,5679,2019-10-09 06:45:00-05,0.165,0.678,15484,2019-10-09 06:45:00
1120541,1120541,5679,2019-10-09 07:00:00-05,0.211,1.741,15485,2019-10-09 07:00:00
1120542,1120542,5679,2019-10-09 07:15:00-05,0.255,1.086,15486,2019-10-09 07:15:00
1120543,1120543,5679,2019-10-09 07:30:00-05,0.317,1.172,15487,2019-10-09 07:30:00
1120544,1120544,5679,2019-10-09 07:45:00-05,0.454,0.479,15488,2019-10-09 07:45:00
1120545,1120545,5679,2019-10-09 08:00:00-05,0.563,-0.104,15489,2019-10-09 08:00:00
1120546,1120546,5679,2019-10-09 08:15:00-05,0.646,0.164,15490,2019-10-09 08:15:00
1120547,1120547,5679,2019-10-09 08:30:00-05,0.777,-0.112,15491,2019-10-09 08:30:00
1120548,1120548,5679,2019-10-09 08:45:00-05,0.91,4.13,15492,2019-10-09 08:45:00
1120549,1120549,5679,2019-10-09 09:00:00-05,0.984,3.25,15493,2019-10-09 09:00:00
1120550,1120550,5679,2019-10-09 09:15:00-05,1.008,3.389,15494,2019-10-09 09:15:00
1120551,1120551,5679,2019-10-09 09:30:00-05,1.203,0.209,15495,2019-10-09 09:30:00
1120552,1120552,5679,2019-10-09 09:45:00-05,1.459,-0.841,15496,2019-10-09 09:45:00
1120553,1120553,5679,2019-10-09 10:00:00-05,1.71,-0.529,15497,2019-10-09 10:00:00
1120554,1120554,5679,2019-10-09 10:15:00-05,2.039,-0.632,15498,2019-10-09 10:15:00
1120555,1120555,5679,2019-10-09 10:30:00-05,2.576,-1.428,15499,2019-10-09 10:30:00
1120556,1120556,5679,2019-10-09 10:45:00-05,2.496,-2.097,15500,2019-10-09 10:45:00
1120557,1120557,5679,2019-10-09 11:00:00-05,2.529,-2.222,15501,2019-10-09 11:00:00
1120558,1120558,5679,2019-10-09 11:15:00-05,2.462,-1.932,15502,2019-10-09 11:15:00
1120559,1120559,5679,2019-10-09 11:30:00-05,2.357,-1.744,15503,2019-10-09 11:30:00
1120560,1120560,5679,2019-10-09 11:45:00-05,2.586,-1.719,15504,2019-10-09 11:45:00
1120561,1120561,5679,2019-10-09 12:00:00-05,1.786,-1.419,15505,2019-10-09 12:00:00
1120562,1120562,5679,2019-10-09 12:15:00-05,1.547,0.57,15506,2019-10-09 12:15:00
1120563,1120563,5679,2019-10-09 12:30:00-05,1.139,6.905,15507,2019-10-09 12:30:00
1120564,1120564,5679,2019-10-09 12:45:00-05,1.102,6.289,15508,2019-10-09 12:45:00
1120565,1120565,5679,2019-10-09 13:00:00-05,1.021,6.327,15509,2019-10-09 13:00:00
1120566,1120566,5679,2019-10-09 13:15:00-05,0.977,6.477,15510,2019-10-09 13:15:00
1120567,1120567,5679,2019-10-09 13:30:00-05,0.904,6.424,15511,2019-10-09 13:30:00
1120568,1120568,5679,2019-10-09 13:45:00-05,0.837,2.215,15512,2019-10-09 13:45:00
1120569,1120569,5679,2019-10-09 14:00:00-05,0.923,-0.412,15513,2019-10-09 14:00:00
1120570,1120570,5679,2019-10-09 14:15:00-05,0.885,-0.364,15514,2019-10-09 14:15:00
1120571,1120571,5679,2019-10-09 14:30:00-05,0.932,-0.291,15515,2019-10-09 14:30:00
1120572,1120572,5679,2019-10-09 14:45:00-05,0.849,-0.377,15516,2019-10-09 14:45:00
1120573,1120573,5679,2019-10-09 15:00:00-05,0.984,-0.542,15517,2019-10-09 15:00:00
1120574,1120574,5679,2019-10-09 15:15:00-05,1.537,-1.052,15518,2019-10-09 15:15:00
1120575,1120575,5679,2019-10-09 15:30:00-05,1.435,-0.77,15519,2019-10-09 15:30:00
1120576,1120576,5679,2019-10-09 15:45:00-05,1.137,-0.485,15520,2019-10-09 15:45:00
1120577,1120577,5679,2019-10-09 16:00:00-05,0.85,-0.168,15521,2019-10-09 16:00:00
1120578,1120578,5679,2019-10-09 16:15:00-05,0.544,0.025,15522,2019-10-09 16:15:00
1120579,1120579,5679,2019-10-09 16:30:00-05,0.269,0.219,15523,2019-10-09 16:30:00
1120580,1120580,5679,2019-10-09 16:45:00-05,0.164,0.268,15524,2019-10-09 16:45:00
1120581,1120581,5679,2019-10-09 17:00:00-05,0.107,0.48,15525,2019-10-09 17:00:00
1120582,1120582,5679,2019-10-09 17:15:00-05,0.051,1.313,15526,2019-10-09 17:15:00
1120583,1120583,5679,2019-10-09 17:30:00-05,0.015,1.235,15527,2019-10-09 17:30:00
1120584,1120584,5679,2019-10-09 17:45:00-05,0.005,1.715,15528,2019-10-09 17:45:00
1120585,1120585,5679,2019-10-09 18:00:00-05,0.006,0.827,15529,2019-10-09 18:00:00
1120586,1120586,5679,2019-10-09 18:15:00-05,0.007,0.567,15530,2019-10-09 18:15:00
1120587,1120587,5679,2019-10-09 18:30:00-05,0.007,0.61,15531,2019-10-09 18:30:00
1120588,1120588,5679,2019-10-09 18:45:00-05,0.006,1.366,15532,2019-10-09 18:45:00
1120589,1120589,5679,2019-10-09 19:00:00-05,0.007,0.743,15533,2019-10-09 19:00:00
1120590,1120590,5679,2019-10-09 19:15:00-05,0.007,0.68,15534,2019-10-09 19:15:00
1120591,1120591,5679,2019-10-09 19:30:00-05,0.007,0.761,15535,2019-10-09 19:30:00
1120592,1120592,5679,2019-10-09 19:45:00-05,0.007,0.712,15536,2019-10-09 19:45:00
1120593,1120593,5679,2019-10-09 20:00:00-05,0.007,0.746,15537,2019-10-09 20:00:00
1120594,1120594,5679,2019-10-09 20:15:00-05,0.007,0.712,15538,2019-10-09 20:15:00
1120595,1120595,5679,2019-10-09 20:30:00-05,0.007,0.799,15539,2019-10-09 20:30:00
1120596,1120596,5679,2019-10-09 20:45:00-05,0.007,0.88,15540,2019-10-09 20:45:00
1120597,1120597,5679,2019-10-09 21:00:00-05,0.007,0.774,15541,2019-10-09 21:00:00
1120598,1120598,5679,2019-10-09 21:15:00-05,0.007,0.923,15542,2019-10-09 21:15:00
1120599,1120599,5679,2019-10-09 21:30:00-05,0.007,0.43,15543,2019-10-09 21:30:00
1120600,1120600,5679,2019-10-09 21:45:00-05,0.007,0.431,15544,2019-10-09 21:45:00
1120601,1120601,5679,2019-10-09 22:00:00-05,0.007,0.757,15545,2019-10-09 22:00:00
1120602,1120602,5679,2019-10-09 22:15:00-05,0.007,0.48,15546,2019-10-09 22:15:00
1120603,1120603,5679,2019-10-09 22:30:00-05,0.007,0.411,15547,2019-10-09 22:30:00
1120604,1120604,5679,2019-10-09 22:45:00-05,0.007,0.49,15548,2019-10-09 22:45:00
1120605,1120605,5679,2019-10-09 23:00:00-05,0.007,0.356,15549,2019-10-09 23:00:00
1120606,1120606,5679,2019-10-09 23:15:00-05,0.007,0.283,15550,2019-10-09 23:15:00
1120607,1120607,5679,2019-10-09 23:30:00-05,0.007,0.4,15551,2019-10-09 23:30:00
1120608,1120608,5679,2019-10-09 23:45:00-05,0.008,0.286,15552,2019-10-09 23:45:00
1120609,1120609,5679,2019-10-10 00:00:00-05,0.008,0.28,15553,2019-10-10 00:00:00
1120610,1120610,5679,2019-10-10 00:15:00-05,0.007,0.493,15554,2019-10-10 00:15:00
1120611,1120611,5679,2019-10-10 00:30:00-05,0.008,0.395,15555,2019-10-10 00:30:00
1120612,1120612,5679,2019-10-10 00:45:00-05,0.008,0.321,15556,2019-10-10 00:45:00
1120613,1120613,5679,2019-10-10 01:00:00-05,0.008,0.363,15557,2019-10-10 01:00:00
1120614,1120614,5679,2019-10-10 01:15:00-05,0.008,0.267,15558,2019-10-10 01:15:00
1120615,1120615,5679,2019-10-10 01:30:00-05,0.008,0.33,15559,2019-10-10 01:30:00
1120616,1120616,5679,2019-10-10 01:45:00-05,0.008,0.309,15560,2019-10-10 01:45:00
1120617,1120617,5679,2019-10-10 02:00:00-05,0.008,0.266,15561,2019-10-10 02:00:00
1120618,1120618,5679,2019-10-10 02:15:00-05,0.008,0.339,15562,2019-10-10 02:15:00
1120619,1120619,5679,2019-10-10 02:30:00-05,0.008,0.161,15563,2019-10-10 02:30:00
1120620,1120620,5679,2019-10-10 02:45:00-05,0.008,0.187,15564,2019-10-10 02:45:00
1120621,1120621,5679,2019-10-10 03:00:00-05,0.008,0.226,15565,2019-10-10 03:00:00
1120622,1120622,5679,2019-10-10 03:15:00-05,0.008,0.159,15566,2019-10-10 03:15:00
1120623,1120623,5679,2019-10-10 03:30:00-05,0.008,0.224,15567,2019-10-10 03:30:00
1120624,1120624,5679,2019-10-10 03:45:00-05,0.008,0.182,15568,2019-10-10 03:45:00
1120625,1120625,5679,2019-10-10 04:00:00-05,0.008,0.16,15569,2019-10-10 04:00:00
1120626,1120626,5679,2019-10-10 04:15:00-05,0.008,0.242,15570,2019-10-10 04:15:00
1120627,1120627,5679,2019-10-10 04:30:00-05,0.008,0.296,15571,2019-10-10 04:30:00
1120628,1120628,5679,2019-10-10 04:45:00-05,0.008,0.402,15572,2019-10-10 04:45:00
1120629,1120629,5679,2019-10-10 05:00:00-05,0.008,0.451,15573,2019-10-10 05:00:00
1120630,1120630,5679,2019-10-10 05:15:00-05,0.008,0.288,15574,2019-10-10 05:15:00
1120631,1120631,5679,2019-10-10 05:30:00-05,0.007,0.68,15575,2019-10-10 05:30:00
1120632,1120632,5679,2019-10-10 05:45:00-05,0.007,1.108,15576,2019-10-10 05:45:00
1120633,1120633,5679,2019-10-10 06:00:00-05,0.007,0.779,15577,2019-10-10 06:00:00
1120634,1120634,5679,2019-10-10 06:15:00-05,0.015,0.717,15578,2019-10-10 06:15:00
1120635,1120635,5679,2019-10-10 06:30:00-05,0.034,2.006,15579,2019-10-10 06:30:00
1120636,1120636,5679,2019-10-10 06:45:00-05,0.063,1.602,15580,2019-10-10 06:45:00
1120637,1120637,5679,2019-10-10 07:00:00-05,0.091,1.255,15581,2019-10-10 07:00:00
1120638,1120638,5679,2019-10-10 07:15:00-05,0.119,1.482,15582,2019-10-10 07:15:00
1120639,1120639,5679,2019-10-10 07:30:00-05,0.151,1.302,15583,2019-10-10 07:30:00
1120640,1120640,5679,2019-10-10 07:45:00-05,0.188,0.335,15584,2019-10-10 07:45:00
1120641,1120641,5679,2019-10-10 08:00:00-05,0.221,0.542,15585,2019-10-10 08:00:00
1120642,1120642,5679,2019-10-10 08:15:00-05,0.253,0.278,15586,2019-10-10 08:15:00
1120643,1120643,5679,2019-10-10 08:30:00-05,0.503,-0.072,15587,2019-10-10 08:30:00
1120644,1120644,5679,2019-10-10 08:45:00-05,0.761,0.477,15588,2019-10-10 08:45:00
1120645,1120645,5679,2019-10-10 09:00:00-05,0.911,0.573,15589,2019-10-10 09:00:00
1120646,1120646,5679,2019-10-10 09:15:00-05,1.162,0.489,15590,2019-10-10 09:15:00
1120647,1120647,5679,2019-10-10 09:30:00-05,0.871,0.59,15591,2019-10-10 09:30:00
1120648,1120648,5679,2019-10-10 09:45:00-05,0.695,0.558,15592,2019-10-10 09:45:00
1120649,1120649,5679,2019-10-10 10:00:00-05,0.981,0.537,15593,2019-10-10 10:00:00
1120650,1120650,5679,2019-10-10 10:15:00-05,1.673,0.376,15594,2019-10-10 10:15:00
1120651,1120651,5679,2019-10-10 10:30:00-05,2.39,-0.275,15595,2019-10-10 10:30:00
1120652,1120652,5679,2019-10-10 10:45:00-05,3.087,-1.801,15596,2019-10-10 10:45:00
1120653,1120653,5679,2019-10-10 11:00:00-05,3.558,-2.664,15597,2019-10-10 11:00:00
1120654,1120654,5679,2019-10-10 11:15:00-05,3.591,-2.671,15598,2019-10-10 11:15:00
1120655,1120655,5679,2019-10-10 11:30:00-05,3.641,-2.831,15599,2019-10-10 11:30:00
1120656,1120656,5679,2019-10-10 11:45:00-05,3.544,-2.691,15600,2019-10-10 11:45:00
1120657,1120657,5679,2019-10-10 12:00:00-05,3.384,-2.641,15601,2019-10-10 12:00:00
1120658,1120658,5679,2019-10-10 12:15:00-05,3.316,-2.584,15602,2019-10-10 12:15:00
1120659,1120659,5679,2019-10-10 12:30:00-05,3.118,-1.608,15603,2019-10-10 12:30:00
1120660,1120660,5679,2019-10-10 12:45:00-05,2.855,-1.906,15604,2019-10-10 12:45:00
1120661,1120661,5679,2019-10-10 13:00:00-05,2.665,-1.774,15605,2019-10-10 13:00:00
1120662,1120662,5679,2019-10-10 13:15:00-05,2.443,-1.574,15606,2019-10-10 13:15:00
1120663,1120663,5679,2019-10-10 13:30:00-05,2.245,-1.423,15607,2019-10-10 13:30:00
1120664,1120664,5679,2019-10-10 13:45:00-05,2.11,-1.117,15608,2019-10-10 13:45:00
1120665,1120665,5679,2019-10-10 14:00:00-05,2.044,-0.591,15609,2019-10-10 14:00:00
1120666,1120666,5679,2019-10-10 14:15:00-05,1.906,-0.78,15610,2019-10-10 14:15:00
1120667,1120667,5679,2019-10-10 14:30:00-05,1.794,-0.673,15611,2019-10-10 14:30:00
1120668,1120668,5679,2019-10-10 14:45:00-05,1.713,-0.665,15612,2019-10-10 14:45:00
1120669,1120669,5679,2019-10-10 15:00:00-05,1.512,-0.256,15613,2019-10-10 15:00:00
1120670,1120670,5679,2019-10-10 15:15:00-05,1.133,-0.47,15614,2019-10-10 15:15:00
1120671,1120671,5679,2019-10-10 15:30:00-05,0.889,-0.11,15615,2019-10-10 15:30:00
1120672,1120672,5679,2019-10-10 15:45:00-05,0.698,0.739,15616,2019-10-10 15:45:00
1120673,1120673,5679,2019-10-10 16:00:00-05,0.456,0.43,15617,2019-10-10 16:00:00
1120674,1120674,5679,2019-10-10 16:15:00-05,0.292,0.886,15618,2019-10-10 16:15:00
1120675,1120675,5679,2019-10-10 16:30:00-05,0.15,0.581,15619,2019-10-10 16:30:00
1120676,1120676,5679,2019-10-10 16:45:00-05,0.098,0.608,15620,2019-10-10 16:45:00
1120677,1120677,5679,2019-10-10 17:00:00-05,0.06,0.616,15621,2019-10-10 17:00:00
1120678,1120678,5679,2019-10-10 17:15:00-05,0.024,0.583,15622,2019-10-10 17:15:00
1120679,1120679,5679,2019-10-10 17:30:00-05,0.007,0.711,15623,2019-10-10 17:30:00
1120680,1120680,5679,2019-10-10 17:45:00-05,0.006,1.444,15624,2019-10-10 17:45:00
1120681,1120681,5679,2019-10-10 18:00:00-05,0.006,1.347,15625,2019-10-10 18:00:00
1120682,1120682,5679,2019-10-10 18:15:00-05,0.006,1.018,15626,2019-10-10 18:15:00
1120683,1120683,5679,2019-10-10 18:30:00-05,0.006,1.257,15627,2019-10-10 18:30:00
1120684,1120684,5679,2019-10-10 18:45:00-05,0.007,1.0,15628,2019-10-10 18:45:00
1120685,1120685,5679,2019-10-10 19:00:00-05,0.007,0.616,15629,2019-10-10 19:00:00
1120686,1120686,5679,2019-10-10 19:15:00-05,0.007,0.542,15630,2019-10-10 19:15:00
1120687,1120687,5679,2019-10-10 19:30:00-05,0.007,0.552,15631,2019-10-10 19:30:00
1120688,1120688,5679,2019-10-10 19:45:00-05,0.006,0.852,15632,2019-10-10 19:45:00
1120689,1120689,5679,2019-10-10 20:00:00-05,0.007,0.833,15633,2019-10-10 20:00:00
1120690,1120690,5679,2019-10-10 20:15:00-05,0.007,0.693,15634,2019-10-10 20:15:00
1120691,1120691,5679,2019-10-10 20:30:00-05,0.007,0.649,15635,2019-10-10 20:30:00
1120692,1120692,5679,2019-10-10 20:45:00-05,0.007,0.622,15636,2019-10-10 20:45:00
1120693,1120693,5679,2019-10-10 21:00:00-05,0.007,0.721,15637,2019-10-10 21:00:00
1120694,1120694,5679,2019-10-10 21:15:00-05,0.007,0.597,15638,2019-10-10 21:15:00
1120695,1120695,5679,2019-10-10 21:30:00-05,0.007,0.507,15639,2019-10-10 21:30:00
1120696,1120696,5679,2019-10-10 21:45:00-05,0.007,0.497,15640,2019-10-10 21:45:00
1120697,1120697,5679,2019-10-10 22:00:00-05,0.007,0.344,15641,2019-10-10 22:00:00
1120698,1120698,5679,2019-10-10 22:15:00-05,0.007,0.388,15642,2019-10-10 22:15:00
1120699,1120699,5679,2019-10-10 22:30:00-05,0.007,0.306,15643,2019-10-10 22:30:00
1120700,1120700,5679,2019-10-10 22:45:00-05,0.007,0.283,15644,2019-10-10 22:45:00
1120701,1120701,5679,2019-10-10 23:00:00-05,0.007,0.374,15645,2019-10-10 23:00:00
1120702,1120702,5679,2019-10-10 23:15:00-05,0.007,0.287,15646,2019-10-10 23:15:00
1120703,1120703,5679,2019-10-10 23:30:00-05,0.008,0.287,15647,2019-10-10 23:30:00
1120704,1120704,5679,2019-10-10 23:45:00-05,0.007,0.387,15648,2019-10-10 23:45:00
1120705,1120705,5679,2019-10-11 00:00:00-05,0.007,0.422,15649,2019-10-11 00:00:00
1120706,1120706,5679,2019-10-11 00:15:00-05,0.007,0.526,15650,2019-10-11 00:15:00
1120707,1120707,5679,2019-10-11 00:30:00-05,0.007,0.558,15651,2019-10-11 00:30:00
1120708,1120708,5679,2019-10-11 00:45:00-05,0.007,0.386,15652,2019-10-11 00:45:00
1120709,1120709,5679,2019-10-11 01:00:00-05,0.007,0.443,15653,2019-10-11 01:00:00
1120710,1120710,5679,2019-10-11 01:15:00-05,0.008,0.32,15654,2019-10-11 01:15:00
1120711,1120711,5679,2019-10-11 01:30:00-05,0.008,0.277,15655,2019-10-11 01:30:00
1120712,1120712,5679,2019-10-11 01:45:00-05,0.008,0.295,15656,2019-10-11 01:45:00
1120713,1120713,5679,2019-10-11 02:00:00-05,0.008,0.171,15657,2019-10-11 02:00:00
1120714,1120714,5679,2019-10-11 02:15:00-05,0.008,0.173,15658,2019-10-11 02:15:00
1120715,1120715,5679,2019-10-11 02:30:00-05,0.008,0.258,15659,2019-10-11 02:30:00
1120716,1120716,5679,2019-10-11 02:45:00-05,0.008,0.171,15660,2019-10-11 02:45:00
1120717,1120717,5679,2019-10-11 03:00:00-05,0.008,0.188,15661,2019-10-11 03:00:00
1120718,1120718,5679,2019-10-11 03:15:00-05,0.008,0.243,15662,2019-10-11 03:15:00
1120719,1120719,5679,2019-10-11 03:30:00-05,0.008,0.172,15663,2019-10-11 03:30:00
1120720,1120720,5679,2019-10-11 03:45:00-05,0.008,0.276,15664,2019-10-11 03:45:00
1120721,1120721,5679,2019-10-11 04:00:00-05,0.008,0.347,15665,2019-10-11 04:00:00
1120722,1120722,5679,2019-10-11 04:15:00-05,0.008,0.278,15666,2019-10-11 04:15:00
1120723,1120723,5679,2019-10-11 04:30:00-05,0.008,0.393,15667,2019-10-11 04:30:00
1120724,1120724,5679,2019-10-11 04:45:00-05,0.008,0.431,15668,2019-10-11 04:45:00
1120725,1120725,5679,2019-10-11 05:00:00-05,0.008,0.373,15669,2019-10-11 05:00:00
1120726,1120726,5679,2019-10-11 05:15:00-05,0.008,0.362,15670,2019-10-11 05:15:00
1120727,1120727,5679,2019-10-11 05:30:00-05,0.008,0.277,15671,2019-10-11 05:30:00
1120728,1120728,5679,2019-10-11 05:45:00-05,0.008,0.421,15672,2019-10-11 05:45:00
1120729,1120729,5679,2019-10-11 06:00:00-05,0.007,0.785,15673,2019-10-11 06:00:00
1120730,1120730,5679,2019-10-11 06:15:00-05,0.017,1.023,15674,2019-10-11 06:15:00
1120731,1120731,5679,2019-10-11 06:30:00-05,0.041,0.769,15675,2019-10-11 06:30:00
1120732,1120732,5679,2019-10-11 06:45:00-05,0.064,1.481,15676,2019-10-11 06:45:00
1120733,1120733,5679,2019-10-11 07:00:00-05,0.089,0.801,15677,2019-10-11 07:00:00
1120734,1120734,5679,2019-10-11 07:15:00-05,0.116,0.535,15678,2019-10-11 07:15:00
1120735,1120735,5679,2019-10-11 07:30:00-05,0.147,0.422,15679,2019-10-11 07:30:00
1120736,1120736,5679,2019-10-11 07:45:00-05,0.181,1.557,15680,2019-10-11 07:45:00
1120737,1120737,5679,2019-10-11 08:00:00-05,0.213,1.317,15681,2019-10-11 08:00:00
1120738,1120738,5679,2019-10-11 08:15:00-05,0.245,1.733,15682,2019-10-11 08:15:00
1120739,1120739,5679,2019-10-11 08:30:00-05,0.466,1.008,15683,2019-10-11 08:30:00
1120740,1120740,5679,2019-10-11 08:45:00-05,0.717,-0.335,15684,2019-10-11 08:45:00
1120741,1120741,5679,2019-10-11 09:00:00-05,0.879,-0.354,15685,2019-10-11 09:00:00
1120742,1120742,5679,2019-10-11 09:15:00-05,1.092,0.494,15686,2019-10-11 09:15:00
1120743,1120743,5679,2019-10-11 09:30:00-05,0.753,1.098,15687,2019-10-11 09:30:00
1120744,1120744,5679,2019-10-11 09:45:00-05,0.591,1.029,15688,2019-10-11 09:45:00
1120745,1120745,5679,2019-10-11 10:00:00-05,0.939,0.123,15689,2019-10-11 10:00:00
1120746,1120746,5679,2019-10-11 10:15:00-05,1.671,4.414,15690,2019-10-11 10:15:00
1120747,1120747,5679,2019-10-11 10:30:00-05,2.406,4.927,15691,2019-10-11 10:30:00
1120748,1120748,5679,2019-10-11 10:45:00-05,3.098,4.47,15692,2019-10-11 10:45:00
1120749,1120749,5679,2019-10-11 11:00:00-05,3.576,3.725,15693,2019-10-11 11:00:00
1120750,1120750,5679,2019-10-11 11:15:00-05,3.59,4.622,15694,2019-10-11 11:15:00
1120751,1120751,5679,2019-10-11 11:30:00-05,3.631,-1.242,15695,2019-10-11 11:30:00
1120752,1120752,5679,2019-10-11 11:45:00-05,3.561,-3.184,15696,2019-10-11 11:45:00
1120753,1120753,5679,2019-10-11 12:00:00-05,3.382,-2.445,15697,2019-10-11 12:00:00
1120754,1120754,5679,2019-10-11 12:15:00-05,3.313,-2.773,15698,2019-10-11 12:15:00
1120755,1120755,5679,2019-10-11 12:30:00-05,3.134,-2.754,15699,2019-10-11 12:30:00
1120756,1120756,5679,2019-10-11 12:45:00-05,2.87,-2.369,15700,2019-10-11 12:45:00
1120757,1120757,5679,2019-10-11 13:00:00-05,2.668,-2.279,15701,2019-10-11 13:00:00
1120758,1120758,5679,2019-10-11 13:15:00-05,2.461,-2.055,15702,2019-10-11 13:15:00
1120759,1120759,5679,2019-10-11 13:30:00-05,2.289,-1.803,15703,2019-10-11 13:30:00
1120760,1120760,5679,2019-10-11 13:45:00-05,2.146,-1.74,15704,2019-10-11 13:45:00
1120761,1120761,5679,2019-10-11 14:00:00-05,2.105,-1.607,15705,2019-10-11 14:00:00
1120762,1120762,5679,2019-10-11 14:15:00-05,1.917,-1.32,15706,2019-10-11 14:15:00
1120763,1120763,5679,2019-10-11 14:30:00-05,1.795,-1.285,15707,2019-10-11 14:30:00
1120764,1120764,5679,2019-10-11 14:45:00-05,1.736,-1.257,15708,2019-10-11 14:45:00
1120765,1120765,5679,2019-10-11 15:00:00-05,1.495,-0.495,15709,2019-10-11 15:00:00
1120766,1120766,5679,2019-10-11 15:15:00-05,1.106,-0.597,15710,2019-10-11 15:15:00
1120767,1120767,5679,2019-10-11 15:30:00-05,0.895,-0.277,15711,2019-10-11 15:30:00
1120768,1120768,5679,2019-10-11 15:45:00-05,0.706,-0.198,15712,2019-10-11 15:45:00
1120769,1120769,5679,2019-10-11 16:00:00-05,0.432,0.324,15713,2019-10-11 16:00:00
1120770,1120770,5679,2019-10-11 16:15:00-05,0.263,0.683,15714,2019-10-11 16:15:00
1120771,1120771,5679,2019-10-11 16:30:00-05,0.132,0.587,15715,2019-10-11 16:30:00
1120772,1120772,5679,2019-10-11 16:45:00-05,0.086,0.633,15716,2019-10-11 16:45:00
1120773,1120773,5679,2019-10-11 17:00:00-05,0.053,0.502,15717,2019-10-11 17:00:00
1120774,1120774,5679,2019-10-11 17:15:00-05,0.021,0.491,15718,2019-10-11 17:15:00
1120775,1120775,5679,2019-10-11 17:30:00-05,0.006,0.526,15719,2019-10-11 17:30:00
1120776,1120776,5679,2019-10-11 17:45:00-05,0.006,0.604,15720,2019-10-11 17:45:00
1120777,1120777,5679,2019-10-11 18:00:00-05,0.006,0.4,15721,2019-10-11 18:00:00
1120778,1120778,5679,2019-10-11 18:15:00-05,0.006,0.379,15722,2019-10-11 18:15:00
1120779,1120779,5679,2019-10-11 18:30:00-05,0.006,0.49,15723,2019-10-11 18:30:00
1120780,1120780,5679,2019-10-11 18:45:00-05,0.006,0.714,15724,2019-10-11 18:45:00
1120781,1120781,5679,2019-10-11 19:00:00-05,0.006,1.396,15725,2019-10-11 19:00:00
1120782,1120782,5679,2019-10-11 19:15:00-05,0.005,1.527,15726,2019-10-11 19:15:00
1120783,1120783,5679,2019-10-11 19:30:00-05,0.006,1.414,15727,2019-10-11 19:30:00
1120784,1120784,5679,2019-10-11 19:45:00-05,0.006,0.808,15728,2019-10-11 19:45:00
1120785,1120785,5679,2019-10-11 20:00:00-05,0.007,0.427,15729,2019-10-11 20:00:00
1120786,1120786,5679,2019-10-11 20:15:00-05,0.007,0.345,15730,2019-10-11 20:15:00
1120787,1120787,5679,2019-10-11 20:30:00-05,0.007,0.397,15731,2019-10-11 20:30:00
1120788,1120788,5679,2019-10-11 20:45:00-05,0.007,0.405,15732,2019-10-11 20:45:00
1120789,1120789,5679,2019-10-11 21:00:00-05,0.007,0.35,15733,2019-10-11 21:00:00
1120790,1120790,5679,2019-10-11 21:15:00-05,0.007,0.407,15734,2019-10-11 21:15:00
1120791,1120791,5679,2019-10-11 21:30:00-05,0.007,0.457,15735,2019-10-11 21:30:00
1120792,1120792,5679,2019-10-11 21:45:00-05,0.007,0.385,15736,2019-10-11 21:45:00
1120793,1120793,5679,2019-10-11 22:00:00-05,0.007,0.398,15737,2019-10-11 22:00:00
1120794,1120794,5679,2019-10-11 22:15:00-05,0.007,0.311,15738,2019-10-11 22:15:00
1120795,1120795,5679,2019-10-11 22:30:00-05,0.007,0.28,15739,2019-10-11 22:30:00
1120796,1120796,5679,2019-10-11 22:45:00-05,0.007,0.409,15740,2019-10-11 22:45:00
1120797,1120797,5679,2019-10-11 23:00:00-05,0.007,0.395,15741,2019-10-11 23:00:00
1120798,1120798,5679,2019-10-11 23:15:00-05,0.007,0.35,15742,2019-10-11 23:15:00
1120799,1120799,5679,2019-10-11 23:30:00-05,0.007,0.29,15743,2019-10-11 23:30:00
1120800,1120800,5679,2019-10-11 23:45:00-05,0.008,0.172,15744,2019-10-11 23:45:00
1120801,1120801,5679,2019-10-12 00:00:00-05,0.007,0.304,15745,2019-10-12 00:00:00
1120802,1120802,5679,2019-10-12 00:15:00-05,0.007,0.338,15746,2019-10-12 00:15:00
1120803,1120803,5679,2019-10-12 00:30:00-05,0.008,0.171,15747,2019-10-12 00:30:00
1120804,1120804,5679,2019-10-12 00:45:00-05,0.008,0.18,15748,2019-10-12 00:45:00
1120805,1120805,5679,2019-10-12 01:00:00-05,0.007,0.263,15749,2019-10-12 01:00:00
1120806,1120806,5679,2019-10-12 01:15:00-05,0.007,0.275,15750,2019-10-12 01:15:00
1120807,1120807,5679,2019-10-12 01:30:00-05,0.008,0.298,15751,2019-10-12 01:30:00
1120808,1120808,5679,2019-10-12 01:45:00-05,0.007,0.505,15752,2019-10-12 01:45:00
1120809,1120809,5679,2019-10-12 02:00:00-05,0.007,0.59,15753,2019-10-12 02:00:00
1120810,1120810,5679,2019-10-12 02:15:00-05,0.007,0.336,15754,2019-10-12 02:15:00
1120811,1120811,5679,2019-10-12 02:30:00-05,0.007,0.492,15755,2019-10-12 02:30:00
1120812,1120812,5679,2019-10-12 02:45:00-05,0.007,0.402,15756,2019-10-12 02:45:00
1120813,1120813,5679,2019-10-12 03:00:00-05,0.007,0.378,15757,2019-10-12 03:00:00
1120814,1120814,5679,2019-10-12 03:15:00-05,0.007,0.395,15758,2019-10-12 03:15:00
1120815,1120815,5679,2019-10-12 03:30:00-05,0.008,0.403,15759,2019-10-12 03:30:00
1120816,1120816,5679,2019-10-12 03:45:00-05,0.008,0.437,15760,2019-10-12 03:45:00
1120817,1120817,5679,2019-10-12 04:00:00-05,0.008,0.337,15761,2019-10-12 04:00:00
1120818,1120818,5679,2019-10-12 04:15:00-05,0.008,0.285,15762,2019-10-12 04:15:00
1120819,1120819,5679,2019-10-12 04:30:00-05,0.008,0.341,15763,2019-10-12 04:30:00
1120820,1120820,5679,2019-10-12 04:45:00-05,0.008,0.361,15764,2019-10-12 04:45:00
1120821,1120821,5679,2019-10-12 05:00:00-05,0.007,0.803,15765,2019-10-12 05:00:00
1120822,1120822,5679,2019-10-12 05:15:00-05,0.007,0.958,15766,2019-10-12 05:15:00
1120823,1120823,5679,2019-10-12 05:30:00-05,0.007,0.695,15767,2019-10-12 05:30:00
1120824,1120824,5679,2019-10-12 05:45:00-05,0.006,1.36,15768,2019-10-12 05:45:00
1120825,1120825,5679,2019-10-12 06:00:00-05,0.008,1.82,15769,2019-10-12 06:00:00
1120826,1120826,5679,2019-10-12 06:15:00-05,0.044,2.838,15770,2019-10-12 06:15:00
1120827,1120827,5679,2019-10-12 06:30:00-05,0.169,1.919,15771,2019-10-12 06:30:00
1120828,1120828,5679,2019-10-12 06:45:00-05,0.259,1.515,15772,2019-10-12 06:45:00
1120829,1120829,5679,2019-10-12 07:00:00-05,0.491,0.934,15773,2019-10-12 07:00:00
1120830,1120830,5679,2019-10-12 07:15:00-05,0.282,0.796,15774,2019-10-12 07:15:00
1120831,1120831,5679,2019-10-12 07:30:00-05,0.284,0.923,15775,2019-10-12 07:30:00
1120832,1120832,5679,2019-10-12 07:45:00-05,0.199,1.313,15776,2019-10-12 07:45:00
1120833,1120833,5679,2019-10-12 08:00:00-05,0.166,1.532,15777,2019-10-12 08:00:00
1120834,1120834,5679,2019-10-12 08:15:00-05,0.054,1.688,15778,2019-10-12 08:15:00
1120835,1120835,5679,2019-10-12 08:30:00-05,0.101,0.416,15779,2019-10-12 08:30:00
1120836,1120836,5679,2019-10-12 08:45:00-05,0.123,0.597,15780,2019-10-12 08:45:00
1120837,1120837,5679,2019-10-12 09:00:00-05,0.209,0.347,15781,2019-10-12 09:00:00
1120838,1120838,5679,2019-10-12 09:15:00-05,0.219,1.349,15782,2019-10-12 09:15:00
1120839,1120839,5679,2019-10-12 09:30:00-05,0.231,1.769,15783,2019-10-12 09:30:00
1120840,1120840,5679,2019-10-12 09:45:00-05,0.232,1.429,15784,2019-10-12 09:45:00
1120841,1120841,5679,2019-10-12 10:00:00-05,0.162,1.271,15785,2019-10-12 10:00:00
1120842,1120842,5679,2019-10-12 10:15:00-05,0.101,1.211,15786,2019-10-12 10:15:00
1120843,1120843,5679,2019-10-12 10:30:00-05,0.176,0.94,15787,2019-10-12 10:30:00
1120844,1120844,5679,2019-10-12 10:45:00-05,0.246,1.951,15788,2019-10-12 10:45:00
1120845,1120845,5679,2019-10-12 11:00:00-05,0.399,1.322,15789,2019-10-12 11:00:00
1120846,1120846,5679,2019-10-12 11:15:00-05,0.452,1.091,15790,2019-10-12 11:15:00
1120847,1120847,5679,2019-10-12 11:30:00-05,0.292,1.352,15791,2019-10-12 11:30:00
1120848,1120848,5679,2019-10-12 11:45:00-05,0.269,0.65,15792,2019-10-12 11:45:00
1120849,1120849,5679,2019-10-12 12:00:00-05,0.289,0.826,15793,2019-10-12 12:00:00
1120850,1120850,5679,2019-10-12 12:15:00-05,0.472,0.733,15794,2019-10-12 12:15:00
1120851,1120851,5679,2019-10-12 12:30:00-05,0.46,0.844,15795,2019-10-12 12:30:00
1120852,1120852,5679,2019-10-12 12:45:00-05,0.339,1.175,15796,2019-10-12 12:45:00
1120853,1120853,5679,2019-10-12 13:00:00-05,0.267,1.104,15797,2019-10-12 13:00:00
1120854,1120854,5679,2019-10-12 13:15:00-05,0.35,1.011,15798,2019-10-12 13:15:00
1120855,1120855,5679,2019-10-12 13:30:00-05,0.282,0.717,15799,2019-10-12 13:30:00
1120856,1120856,5679,2019-10-12 13:45:00-05,0.334,-0.007,15800,2019-10-12 13:45:00
1120857,1120857,5679,2019-10-12 14:00:00-05,0.306,-0.001,15801,2019-10-12 14:00:00
1120858,1120858,5679,2019-10-12 14:15:00-05,0.261,0.915,15802,2019-10-12 14:15:00
1120859,1120859,5679,2019-10-12 14:30:00-05,0.246,0.638,15803,2019-10-12 14:30:00
1120860,1120860,5679,2019-10-12 14:45:00-05,0.19,0.968,15804,2019-10-12 14:45:00
1120861,1120861,5679,2019-10-12 15:00:00-05,0.173,0.448,15805,2019-10-12 15:00:00
1120862,1120862,5679,2019-10-12 15:15:00-05,0.188,0.485,15806,2019-10-12 15:15:00
1120863,1120863,5679,2019-10-12 15:30:00-05,0.139,6.016,15807,2019-10-12 15:30:00
1120864,1120864,5679,2019-10-12 15:45:00-05,0.077,7.449,15808,2019-10-12 15:45:00
1120865,1120865,5679,2019-10-12 16:00:00-05,0.112,7.764,15809,2019-10-12 16:00:00
1120866,1120866,5679,2019-10-12 16:15:00-05,0.088,8.114,15810,2019-10-12 16:15:00
1120867,1120867,5679,2019-10-12 16:30:00-05,0.045,6.705,15811,2019-10-12 16:30:00
1120868,1120868,5679,2019-10-12 16:45:00-05,0.034,1.221,15812,2019-10-12 16:45:00
1120869,1120869,5679,2019-10-12 17:00:00-05,0.017,1.126,15813,2019-10-12 17:00:00
1120870,1120870,5679,2019-10-12 17:15:00-05,0.007,1.048,15814,2019-10-12 17:15:00
1120871,1120871,5679,2019-10-12 17:30:00-05,0.001,4.994,15815,2019-10-12 17:30:00
1120872,1120872,5679,2019-10-12 17:45:00-05,0.002,4.396,15816,2019-10-12 17:45:00
1120873,1120873,5679,2019-10-12 18:00:00-05,0.004,2.388,15817,2019-10-12 18:00:00
1120874,1120874,5679,2019-10-12 18:15:00-05,0.007,0.578,15818,2019-10-12 18:15:00
1120875,1120875,5679,2019-10-12 18:30:00-05,0.007,0.615,15819,2019-10-12 18:30:00
1120876,1120876,5679,2019-10-12 18:45:00-05,0.007,0.624,15820,2019-10-12 18:45:00
1120877,1120877,5679,2019-10-12 19:00:00-05,0.007,0.6,15821,2019-10-12 19:00:00
1120878,1120878,5679,2019-10-12 19:15:00-05,0.007,0.639,15822,2019-10-12 19:15:00
1120879,1120879,5679,2019-10-12 19:30:00-05,0.007,0.553,15823,2019-10-12 19:30:00
1120880,1120880,5679,2019-10-12 19:45:00-05,0.007,0.609,15824,2019-10-12 19:45:00
1120881,1120881,5679,2019-10-12 20:00:00-05,0.007,0.587,15825,2019-10-12 20:00:00
1120882,1120882,5679,2019-10-12 20:15:00-05,0.007,0.526,15826,2019-10-12 20:15:00
1120883,1120883,5679,2019-10-12 20:30:00-05,0.007,0.579,15827,2019-10-12 20:30:00
1120884,1120884,5679,2019-10-12 20:45:00-05,0.007,0.544,15828,2019-10-12 20:45:00
1120885,1120885,5679,2019-10-12 21:00:00-05,0.008,0.521,15829,2019-10-12 21:00:00
1120886,1120886,5679,2019-10-12 21:15:00-05,0.008,0.474,15830,2019-10-12 21:15:00
1120887,1120887,5679,2019-10-12 21:30:00-05,0.008,0.529,15831,2019-10-12 21:30:00
1120888,1120888,5679,2019-10-12 21:45:00-05,0.008,0.593,15832,2019-10-12 21:45:00
1120889,1120889,5679,2019-10-12 22:00:00-05,0.008,0.384,15833,2019-10-12 22:00:00
1120890,1120890,5679,2019-10-12 22:15:00-05,0.008,0.341,15834,2019-10-12 22:15:00
1120891,1120891,5679,2019-10-12 22:30:00-05,0.008,0.322,15835,2019-10-12 22:30:00
1120892,1120892,5679,2019-10-12 22:45:00-05,0.008,0.288,15836,2019-10-12 22:45:00
1120893,1120893,5679,2019-10-12 23:00:00-05,0.008,0.374,15837,2019-10-12 23:00:00
1120894,1120894,5679,2019-10-12 23:15:00-05,0.008,0.284,15838,2019-10-12 23:15:00
1120895,1120895,5679,2019-10-12 23:30:00-05,0.008,0.414,15839,2019-10-12 23:30:00
1120896,1120896,5679,2019-10-12 23:45:00-05,0.007,0.458,15840,2019-10-12 23:45:00
1120897,1120897,5679,2019-10-13 00:00:00-05,0.008,0.392,15841,2019-10-13 00:00:00
1120898,1120898,5679,2019-10-13 00:15:00-05,0.007,0.472,15842,2019-10-13 00:15:00
1120899,1120899,5679,2019-10-13 00:30:00-05,0.008,0.407,15843,2019-10-13 00:30:00
1120900,1120900,5679,2019-10-13 00:45:00-05,0.008,0.4,15844,2019-10-13 00:45:00
1120901,1120901,5679,2019-10-13 01:00:00-05,0.008,0.472,15845,2019-10-13 01:00:00
1120902,1120902,5679,2019-10-13 01:15:00-05,0.008,0.386,15846,2019-10-13 01:15:00
1120903,1120903,5679,2019-10-13 01:30:00-05,0.008,0.395,15847,2019-10-13 01:30:00
1120904,1120904,5679,2019-10-13 01:45:00-05,0.008,0.309,15848,2019-10-13 01:45:00
1120905,1120905,5679,2019-10-13 02:00:00-05,0.008,0.384,15849,2019-10-13 02:00:00
1120906,1120906,5679,2019-10-13 02:15:00-05,0.008,0.478,15850,2019-10-13 02:15:00
1120907,1120907,5679,2019-10-13 02:30:00-05,0.008,0.285,15851,2019-10-13 02:30:00
1120908,1120908,5679,2019-10-13 02:45:00-05,0.008,0.204,15852,2019-10-13 02:45:00
1120909,1120909,5679,2019-10-13 03:00:00-05,0.008,0.217,15853,2019-10-13 03:00:00
1120910,1120910,5679,2019-10-13 03:15:00-05,0.008,0.183,15854,2019-10-13 03:15:00
1120911,1120911,5679,2019-10-13 03:30:00-05,0.008,0.226,15855,2019-10-13 03:30:00
1120912,1120912,5679,2019-10-13 03:45:00-05,0.008,0.185,15856,2019-10-13 03:45:00
1120913,1120913,5679,2019-10-13 04:00:00-05,0.008,0.164,15857,2019-10-13 04:00:00
1120914,1120914,5679,2019-10-13 04:15:00-05,0.008,0.243,15858,2019-10-13 04:15:00
1120915,1120915,5679,2019-10-13 04:30:00-05,0.008,0.163,15859,2019-10-13 04:30:00
1120916,1120916,5679,2019-10-13 04:45:00-05,0.008,0.17,15860,2019-10-13 04:45:00
1120917,1120917,5679,2019-10-13 05:00:00-05,0.007,1.288,15861,2019-10-13 05:00:00
1120918,1120918,5679,2019-10-13 05:15:00-05,0.007,0.821,15862,2019-10-13 05:15:00
1120919,1120919,5679,2019-10-13 05:30:00-05,0.007,1.09,15863,2019-10-13 05:30:00
1120920,1120920,5679,2019-10-13 05:45:00-05,0.006,1.881,15864,2019-10-13 05:45:00
1120921,1120921,5679,2019-10-13 06:00:00-05,0.006,1.649,15865,2019-10-13 06:00:00
1120922,1120922,5679,2019-10-13 06:15:00-05,0.012,2.268,15866,2019-10-13 06:15:00
1120923,1120923,5679,2019-10-13 06:30:00-05,0.033,5.001,15867,2019-10-13 06:30:00
1120924,1120924,5679,2019-10-13 06:45:00-05,0.07,6.014,15868,2019-10-13 06:45:00
1120925,1120925,5679,2019-10-13 07:00:00-05,0.132,3.178,15869,2019-10-13 07:00:00
1120926,1120926,5679,2019-10-13 07:15:00-05,0.379,1.35,15870,2019-10-13 07:15:00
1120927,1120927,5679,2019-10-13 07:30:00-05,0.328,0.702,15871,2019-10-13 07:30:00
1120928,1120928,5679,2019-10-13 07:45:00-05,0.343,1.0,15872,2019-10-13 07:45:00
1120929,1120929,5679,2019-10-13 08:00:00-05,0.365,5.036,15873,2019-10-13 08:00:00
1120930,1120930,5679,2019-10-13 08:15:00-05,0.253,5.903,15874,2019-10-13 08:15:00
1120931,1120931,5679,2019-10-13 08:30:00-05,0.406,2.704,15875,2019-10-13 08:30:00
1120932,1120932,5679,2019-10-13 08:45:00-05,0.594,1.46,15876,2019-10-13 08:45:00
1120933,1120933,5679,2019-10-13 09:00:00-05,0.782,3.54,15877,2019-10-13 09:00:00
1120934,1120934,5679,2019-10-13 09:15:00-05,0.953,5.082,15878,2019-10-13 09:15:00
1120935,1120935,5679,2019-10-13 09:30:00-05,0.6,4.169,15879,2019-10-13 09:30:00
1120936,1120936,5679,2019-10-13 09:45:00-05,0.478,1.885,15880,2019-10-13 09:45:00
1120937,1120937,5679,2019-10-13 10:00:00-05,0.864,-0.144,15881,2019-10-13 10:00:00
1120938,1120938,5679,2019-10-13 10:15:00-05,1.637,2.068,15882,2019-10-13 10:15:00
1120939,1120939,5679,2019-10-13 10:30:00-05,2.361,1.624,15883,2019-10-13 10:30:00
1120940,1120940,5679,2019-10-13 10:45:00-05,3.147,-1.144,15884,2019-10-13 10:45:00
1120941,1120941,5679,2019-10-13 11:00:00-05,3.644,0.006,15885,2019-10-13 11:00:00
1120942,1120942,5679,2019-10-13 11:15:00-05,3.704,-0.66,15886,2019-10-13 11:15:00
1120943,1120943,5679,2019-10-13 11:30:00-05,3.754,-1.206,15887,2019-10-13 11:30:00
1120944,1120944,5679,2019-10-13 11:45:00-05,3.715,-1.535,15888,2019-10-13 11:45:00
1120945,1120945,5679,2019-10-13 12:00:00-05,3.528,-1.045,15889,2019-10-13 12:00:00
1120946,1120946,5679,2019-10-13 12:15:00-05,3.349,-0.222,15890,2019-10-13 12:15:00
1120947,1120947,5679,2019-10-13 12:30:00-05,3.182,-0.951,15891,2019-10-13 12:30:00
1120948,1120948,5679,2019-10-13 12:45:00-05,2.882,-0.713,15892,2019-10-13 12:45:00
1120949,1120949,5679,2019-10-13 13:00:00-05,2.562,-2.046,15893,2019-10-13 13:00:00
1120950,1120950,5679,2019-10-13 13:15:00-05,2.404,-1.859,15894,2019-10-13 13:15:00
1120951,1120951,5679,2019-10-13 13:30:00-05,2.233,-1.695,15895,2019-10-13 13:30:00
1120952,1120952,5679,2019-10-13 13:45:00-05,2.012,-1.402,15896,2019-10-13 13:45:00
1120953,1120953,5679,2019-10-13 14:00:00-05,2.014,-1.259,15897,2019-10-13 14:00:00
1120954,1120954,5679,2019-10-13 14:15:00-05,1.987,-1.336,15898,2019-10-13 14:15:00
1120955,1120955,5679,2019-10-13 14:30:00-05,1.95,-1.42,15899,2019-10-13 14:30:00
1120956,1120956,5679,2019-10-13 14:45:00-05,1.86,-1.311,15900,2019-10-13 14:45:00
1120957,1120957,5679,2019-10-13 15:00:00-05,1.539,-0.884,15901,2019-10-13 15:00:00
1120958,1120958,5679,2019-10-13 15:15:00-05,1.183,-0.635,15902,2019-10-13 15:15:00
1120959,1120959,5679,2019-10-13 15:30:00-05,0.946,-0.465,15903,2019-10-13 15:30:00
1120960,1120960,5679,2019-10-13 15:45:00-05,0.532,0.418,15904,2019-10-13 15:45:00
1120961,1120961,5679,2019-10-13 16:00:00-05,0.477,0.595,15905,2019-10-13 16:00:00
1120962,1120962,5679,2019-10-13 16:15:00-05,0.302,0.342,15906,2019-10-13 16:15:00
1120963,1120963,5679,2019-10-13 16:30:00-05,0.16,0.304,15907,2019-10-13 16:30:00
1120964,1120964,5679,2019-10-13 16:45:00-05,0.114,0.495,15908,2019-10-13 16:45:00
1120965,1120965,5679,2019-10-13 17:00:00-05,0.064,0.417,15909,2019-10-13 17:00:00
1120966,1120966,5679,2019-10-13 17:15:00-05,0.019,0.45,15910,2019-10-13 17:15:00
1120967,1120967,5679,2019-10-13 17:30:00-05,0.007,0.534,15911,2019-10-13 17:30:00
1120968,1120968,5679,2019-10-13 17:45:00-05,0.006,1.329,15912,2019-10-13 17:45:00
1120969,1120969,5679,2019-10-13 18:00:00-05,0.006,1.309,15913,2019-10-13 18:00:00
1120970,1120970,5679,2019-10-13 18:15:00-05,0.006,1.115,15914,2019-10-13 18:15:00
1120971,1120971,5679,2019-10-13 18:30:00-05,0.006,1.129,15915,2019-10-13 18:30:00
1120972,1120972,5679,2019-10-13 18:45:00-05,0.006,1.36,15916,2019-10-13 18:45:00
1120973,1120973,5679,2019-10-13 19:00:00-05,0.006,0.989,15917,2019-10-13 19:00:00
1120974,1120974,5679,2019-10-13 19:15:00-05,0.007,0.684,15918,2019-10-13 19:15:00
1120975,1120975,5679,2019-10-13 19:30:00-05,0.007,0.53,15919,2019-10-13 19:30:00
1120976,1120976,5679,2019-10-13 19:45:00-05,0.007,0.562,15920,2019-10-13 19:45:00
1120977,1120977,5679,2019-10-13 20:00:00-05,0.007,0.628,15921,2019-10-13 20:00:00
1120978,1120978,5679,2019-10-13 20:15:00-05,0.007,0.525,15922,2019-10-13 20:15:00
1120979,1120979,5679,2019-10-13 20:30:00-05,0.007,0.57,15923,2019-10-13 20:30:00
1120980,1120980,5679,2019-10-13 20:45:00-05,0.007,0.69,15924,2019-10-13 20:45:00
1120981,1120981,5679,2019-10-13 21:00:00-05,0.007,0.664,15925,2019-10-13 21:00:00
1120982,1120982,5679,2019-10-13 21:15:00-05,0.007,0.543,15926,2019-10-13 21:15:00
1120983,1120983,5679,2019-10-13 21:30:00-05,0.007,0.636,15927,2019-10-13 21:30:00
1120984,1120984,5679,2019-10-13 21:45:00-05,0.007,0.412,15928,2019-10-13 21:45:00
1120985,1120985,5679,2019-10-13 22:00:00-05,0.007,0.358,15929,2019-10-13 22:00:00
1120986,1120986,5679,2019-10-13 22:15:00-05,0.007,0.37,15930,2019-10-13 22:15:00
1120987,1120987,5679,2019-10-13 22:30:00-05,0.008,0.311,15931,2019-10-13 22:30:00
1120988,1120988,5679,2019-10-13 22:45:00-05,0.008,0.303,15932,2019-10-13 22:45:00
1120989,1120989,5679,2019-10-13 23:00:00-05,0.008,0.325,15933,2019-10-13 23:00:00
1120990,1120990,5679,2019-10-13 23:15:00-05,0.008,0.311,15934,2019-10-13 23:15:00
1120991,1120991,5679,2019-10-13 23:30:00-05,0.008,0.163,15935,2019-10-13 23:30:00
1120992,1120992,5679,2019-10-13 23:45:00-05,0.008,0.179,15936,2019-10-13 23:45:00
1120993,1120993,5679,2019-10-14 00:00:00-05,0.008,0.241,15937,2019-10-14 00:00:00
1120994,1120994,5679,2019-10-14 00:15:00-05,0.008,0.253,15938,2019-10-14 00:15:00
1120995,1120995,5679,2019-10-14 00:30:00-05,0.008,0.273,15939,2019-10-14 00:30:00
1120996,1120996,5679,2019-10-14 00:45:00-05,0.008,0.379,15940,2019-10-14 00:45:00
1120997,1120997,5679,2019-10-14 01:00:00-05,0.008,0.271,15941,2019-10-14 01:00:00
1120998,1120998,5679,2019-10-14 01:15:00-05,0.008,0.268,15942,2019-10-14 01:15:00
1120999,1120999,5679,2019-10-14 01:30:00-05,0.008,0.366,15943,2019-10-14 01:30:00
1121000,1121000,5679,2019-10-14 01:45:00-05,0.008,0.413,15944,2019-10-14 01:45:00
1121001,1121001,5679,2019-10-14 02:00:00-05,0.008,0.19,15945,2019-10-14 02:00:00
1121002,1121002,5679,2019-10-14 02:15:00-05,0.008,0.28,15946,2019-10-14 02:15:00
1121003,1121003,5679,2019-10-14 02:30:00-05,0.008,0.328,15947,2019-10-14 02:30:00
1121004,1121004,5679,2019-10-14 02:45:00-05,0.008,0.27,15948,2019-10-14 02:45:00
1121005,1121005,5679,2019-10-14 03:00:00-05,0.008,0.389,15949,2019-10-14 03:00:00
1121006,1121006,5679,2019-10-14 03:15:00-05,0.007,0.49,15950,2019-10-14 03:15:00
1121007,1121007,5679,2019-10-14 03:30:00-05,0.008,0.387,15951,2019-10-14 03:30:00
1121008,1121008,5679,2019-10-14 03:45:00-05,0.008,0.394,15952,2019-10-14 03:45:00
1121009,1121009,5679,2019-10-14 04:00:00-05,0.007,0.535,15953,2019-10-14 04:00:00
1121010,1121010,5679,2019-10-14 04:15:00-05,0.008,0.511,15954,2019-10-14 04:15:00
1121011,1121011,5679,2019-10-14 04:30:00-05,0.008,0.473,15955,2019-10-14 04:30:00
1121012,1121012,5679,2019-10-14 04:45:00-05,0.007,1.23,15956,2019-10-14 04:45:00
1121013,1121013,5679,2019-10-14 05:00:00-05,0.007,0.827,15957,2019-10-14 05:00:00
1121014,1121014,5679,2019-10-14 05:15:00-05,0.007,1.129,15958,2019-10-14 05:15:00
1121015,1121015,5679,2019-10-14 05:30:00-05,0.006,1.621,15959,2019-10-14 05:30:00
1121016,1121016,5679,2019-10-14 05:45:00-05,0.005,2.367,15960,2019-10-14 05:45:00
1121017,1121017,5679,2019-10-14 06:00:00-05,0.006,1.985,15961,2019-10-14 06:00:00
1121018,1121018,5679,2019-10-14 06:15:00-05,0.016,2.166,15962,2019-10-14 06:15:00
1121019,1121019,5679,2019-10-14 06:30:00-05,0.053,1.538,15963,2019-10-14 06:30:00
1121020,1121020,5679,2019-10-14 06:45:00-05,0.137,1.619,15964,2019-10-14 06:45:00
1121021,1121021,5679,2019-10-14 07:00:00-05,0.116,1.7,15965,2019-10-14 07:00:00
1121022,1121022,5679,2019-10-14 07:15:00-05,0.223,1.534,15966,2019-10-14 07:15:00
1121023,1121023,5679,2019-10-14 07:30:00-05,0.444,1.317,15967,2019-10-14 07:30:00
1121024,1121024,5679,2019-10-14 07:45:00-05,0.47,1.142,15968,2019-10-14 07:45:00
1121025,1121025,5679,2019-10-14 08:00:00-05,0.65,0.986,15969,2019-10-14 08:00:00
1121026,1121026,5679,2019-10-14 08:15:00-05,0.709,-0.006,15970,2019-10-14 08:15:00
1121027,1121027,5679,2019-10-14 08:30:00-05,0.799,-0.274,15971,2019-10-14 08:30:00
1121028,1121028,5679,2019-10-14 08:45:00-05,0.889,-0.065,15972,2019-10-14 08:45:00
1121029,1121029,5679,2019-10-14 09:00:00-05,0.787,0.773,15973,2019-10-14 09:00:00
1121030,1121030,5679,2019-10-14 09:15:00-05,1.128,0.607,15974,2019-10-14 09:15:00
1121031,1121031,5679,2019-10-14 09:30:00-05,0.797,0.335,15975,2019-10-14 09:30:00
1121032,1121032,5679,2019-10-14 09:45:00-05,1.31,-0.755,15976,2019-10-14 09:45:00
1121033,1121033,5679,2019-10-14 10:00:00-05,1.614,-0.865,15977,2019-10-14 10:00:00
1121034,1121034,5679,2019-10-14 10:15:00-05,1.792,-1.372,15978,2019-10-14 10:15:00
1121035,1121035,5679,2019-10-14 10:30:00-05,1.774,-1.388,15979,2019-10-14 10:30:00
1121036,1121036,5679,2019-10-14 10:45:00-05,1.763,-1.336,15980,2019-10-14 10:45:00
1121037,1121037,5679,2019-10-14 11:00:00-05,1.34,-0.845,15981,2019-10-14 11:00:00
1121038,1121038,5679,2019-10-14 11:15:00-05,1.168,-0.776,15982,2019-10-14 11:15:00
1121039,1121039,5679,2019-10-14 11:30:00-05,1.171,-0.871,15983,2019-10-14 11:30:00
1121040,1121040,5679,2019-10-14 11:45:00-05,1.299,-0.937,15984,2019-10-14 11:45:00
1121041,1121041,5679,2019-10-14 12:00:00-05,0.873,-0.108,15985,2019-10-14 12:00:00
1121042,1121042,5679,2019-10-14 12:15:00-05,1.15,-0.736,15986,2019-10-14 12:15:00
1121043,1121043,5679,2019-10-14 12:30:00-05,1.038,-0.236,15987,2019-10-14 12:30:00
1121044,1121044,5679,2019-10-14 12:45:00-05,0.599,-0.059,15988,2019-10-14 12:45:00
1121045,1121045,5679,2019-10-14 13:00:00-05,0.446,0.03,15989,2019-10-14 13:00:00
1121046,1121046,5679,2019-10-14 13:15:00-05,0.62,-0.233,15990,2019-10-14 13:15:00
1121047,1121047,5679,2019-10-14 13:30:00-05,0.542,4.664,15991,2019-10-14 13:30:00
1121048,1121048,5679,2019-10-14 13:45:00-05,0.374,7.312,15992,2019-10-14 13:45:00
1121049,1121049,5679,2019-10-14 14:00:00-05,0.96,6.691,15993,2019-10-14 14:00:00
1121050,1121050,5679,2019-10-14 14:15:00-05,1.177,6.326,15994,2019-10-14 14:15:00
1121051,1121051,5679,2019-10-14 14:30:00-05,0.701,6.798,15995,2019-10-14 14:30:00
1121052,1121052,5679,2019-10-14 14:45:00-05,0.769,6.849,15996,2019-10-14 14:45:00
1121053,1121053,5679,2019-10-14 15:00:00-05,0.524,7.296,15997,2019-10-14 15:00:00
1121054,1121054,5679,2019-10-14 15:15:00-05,0.452,7.173,15998,2019-10-14 15:15:00
1121055,1121055,5679,2019-10-14 15:30:00-05,0.525,1.675,15999,2019-10-14 15:30:00
1121056,1121056,5679,2019-10-14 15:45:00-05,0.423,0.493,16000,2019-10-14 15:45:00
1121057,1121057,5679,2019-10-14 16:00:00-05,0.468,0.567,16001,2019-10-14 16:00:00
1121058,1121058,5679,2019-10-14 16:15:00-05,0.299,4.062,16002,2019-10-14 16:15:00
1121059,1121059,5679,2019-10-14 16:30:00-05,0.183,4.352,16003,2019-10-14 16:30:00
1121060,1121060,5679,2019-10-14 16:45:00-05,0.117,2.002,16004,2019-10-14 16:45:00
1121061,1121061,5679,2019-10-14 17:00:00-05,0.05,0.725,16005,2019-10-14 17:00:00
1121062,1121062,5679,2019-10-14 17:15:00-05,0.016,0.545,16006,2019-10-14 17:15:00
1121063,1121063,5679,2019-10-14 17:30:00-05,0.007,0.496,16007,2019-10-14 17:30:00
1121064,1121064,5679,2019-10-14 17:45:00-05,0.007,0.521,16008,2019-10-14 17:45:00
1121065,1121065,5679,2019-10-14 18:00:00-05,0.007,0.528,16009,2019-10-14 18:00:00
1121066,1121066,5679,2019-10-14 18:15:00-05,0.007,0.486,16010,2019-10-14 18:15:00
1121067,1121067,5679,2019-10-14 18:30:00-05,0.007,0.397,16011,2019-10-14 18:30:00
1121068,1121068,5679,2019-10-14 18:45:00-05,0.007,0.398,16012,2019-10-14 18:45:00
1121069,1121069,5679,2019-10-14 19:00:00-05,0.007,0.554,16013,2019-10-14 19:00:00
1121070,1121070,5679,2019-10-14 19:15:00-05,0.007,0.58,16014,2019-10-14 19:15:00
1121071,1121071,5679,2019-10-14 19:30:00-05,0.007,0.53,16015,2019-10-14 19:30:00
1121072,1121072,5679,2019-10-14 19:45:00-05,0.007,0.674,16016,2019-10-14 19:45:00
1121073,1121073,5679,2019-10-14 20:00:00-05,0.007,0.816,16017,2019-10-14 20:00:00
1121074,1121074,5679,2019-10-14 20:15:00-05,0.007,0.607,16018,2019-10-14 20:15:00
1121075,1121075,5679,2019-10-14 20:30:00-05,0.008,0.531,16019,2019-10-14 20:30:00
1121076,1121076,5679,2019-10-14 20:45:00-05,0.007,0.619,16020,2019-10-14 20:45:00
1121077,1121077,5679,2019-10-14 21:00:00-05,0.007,0.556,16021,2019-10-14 21:00:00
1121078,1121078,5679,2019-10-14 21:15:00-05,0.008,0.577,16022,2019-10-14 21:15:00
1121079,1121079,5679,2019-10-14 21:30:00-05,0.008,0.321,16023,2019-10-14 21:30:00
1121080,1121080,5679,2019-10-14 21:45:00-05,0.007,0.455,16024,2019-10-14 21:45:00
1121081,1121081,5679,2019-10-14 22:00:00-05,0.008,0.39,16025,2019-10-14 22:00:00
1121082,1121082,5679,2019-10-14 22:15:00-05,0.008,0.387,16026,2019-10-14 22:15:00
1121083,1121083,5679,2019-10-14 22:30:00-05,0.008,0.43,16027,2019-10-14 22:30:00
1121084,1121084,5679,2019-10-14 22:45:00-05,0.008,0.328,16028,2019-10-14 22:45:00
1121085,1121085,5679,2019-10-14 23:00:00-05,0.008,0.278,16029,2019-10-14 23:00:00
1121086,1121086,5679,2019-10-14 23:15:00-05,0.008,0.304,16030,2019-10-14 23:15:00
1121087,1121087,5679,2019-10-14 23:30:00-05,0.008,0.412,16031,2019-10-14 23:30:00
1121088,1121088,5679,2019-10-14 23:45:00-05,0.008,0.286,16032,2019-10-14 23:45:00
1121089,1121089,5679,2019-10-15 00:00:00-05,0.008,0.283,16033,2019-10-15 00:00:00
1121090,1121090,5679,2019-10-15 00:15:00-05,0.007,0.642,16034,2019-10-15 00:15:00
1121091,1121091,5679,2019-10-15 00:30:00-05,0.008,0.313,16035,2019-10-15 00:30:00
1121092,1121092,5679,2019-10-15 00:45:00-05,0.008,0.337,16036,2019-10-15 00:45:00
1121093,1121093,5679,2019-10-15 01:00:00-05,0.008,0.265,16037,2019-10-15 01:00:00
1121094,1121094,5679,2019-10-15 01:15:00-05,0.008,0.173,16038,2019-10-15 01:15:00
1121095,1121095,5679,2019-10-15 01:30:00-05,0.008,0.176,16039,2019-10-15 01:30:00
1121096,1121096,5679,2019-10-15 01:45:00-05,0.008,0.175,16040,2019-10-15 01:45:00
1121097,1121097,5679,2019-10-15 02:00:00-05,0.008,0.241,16041,2019-10-15 02:00:00
1121098,1121098,5679,2019-10-15 02:15:00-05,0.008,0.252,16042,2019-10-15 02:15:00
1121099,1121099,5679,2019-10-15 02:30:00-05,0.008,0.175,16043,2019-10-15 02:30:00
1121100,1121100,5679,2019-10-15 02:45:00-05,0.008,0.18,16044,2019-10-15 02:45:00
1121101,1121101,5679,2019-10-15 03:00:00-05,0.008,0.357,16045,2019-10-15 03:00:00
1121102,1121102,5679,2019-10-15 03:15:00-05,0.008,0.313,16046,2019-10-15 03:15:00
1121103,1121103,5679,2019-10-15 03:30:00-05,0.008,0.281,16047,2019-10-15 03:30:00
1121104,1121104,5679,2019-10-15 03:45:00-05,0.008,0.347,16048,2019-10-15 03:45:00
1121105,1121105,5679,2019-10-15 04:00:00-05,0.008,0.326,16049,2019-10-15 04:00:00
1121106,1121106,5679,2019-10-15 04:15:00-05,0.008,0.278,16050,2019-10-15 04:15:00
1121107,1121107,5679,2019-10-15 04:30:00-05,0.008,0.349,16051,2019-10-15 04:30:00
1121108,1121108,5679,2019-10-15 04:45:00-05,0.008,0.454,16052,2019-10-15 04:45:00
1121109,1121109,5679,2019-10-15 05:00:00-05,0.008,0.392,16053,2019-10-15 05:00:00
1121110,1121110,5679,2019-10-15 05:15:00-05,0.008,0.304,16054,2019-10-15 05:15:00
1121111,1121111,5679,2019-10-15 05:30:00-05,0.007,0.869,16055,2019-10-15 05:30:00
1121112,1121112,5679,2019-10-15 05:45:00-05,0.007,0.917,16056,2019-10-15 05:45:00
1121113,1121113,5679,2019-10-15 06:00:00-05,0.008,0.595,16057,2019-10-15 06:00:00
1121114,1121114,5679,2019-10-15 06:15:00-05,0.014,1.247,16058,2019-10-15 06:15:00
1121115,1121115,5679,2019-10-15 06:30:00-05,0.048,1.503,16059,2019-10-15 06:30:00
1121116,1121116,5679,2019-10-15 06:45:00-05,0.081,1.148,16060,2019-10-15 06:45:00
1121117,1121117,5679,2019-10-15 07:00:00-05,0.103,1.341,16061,2019-10-15 07:00:00
1121118,1121118,5679,2019-10-15 07:15:00-05,0.134,1.4,16062,2019-10-15 07:15:00
1121119,1121119,5679,2019-10-15 07:30:00-05,0.194,1.863,16063,2019-10-15 07:30:00
1121120,1121120,5679,2019-10-15 07:45:00-05,0.201,2.068,16064,2019-10-15 07:45:00
1121121,1121121,5679,2019-10-15 08:00:00-05,0.234,2.074,16065,2019-10-15 08:00:00
1121122,1121122,5679,2019-10-15 08:15:00-05,0.26,1.669,16066,2019-10-15 08:15:00
1121123,1121123,5679,2019-10-15 08:30:00-05,0.411,0.871,16067,2019-10-15 08:30:00
1121124,1121124,5679,2019-10-15 08:45:00-05,0.675,0.126,16068,2019-10-15 08:45:00
1121125,1121125,5679,2019-10-15 09:00:00-05,0.789,0.843,16069,2019-10-15 09:00:00
1121126,1121126,5679,2019-10-15 09:15:00-05,1.004,0.523,16070,2019-10-15 09:15:00
1121127,1121127,5679,2019-10-15 09:30:00-05,0.722,0.958,16071,2019-10-15 09:30:00
1121128,1121128,5679,2019-10-15 09:45:00-05,0.524,0.626,16072,2019-10-15 09:45:00
1121129,1121129,5679,2019-10-15 10:00:00-05,0.818,-0.063,16073,2019-10-15 10:00:00
1121130,1121130,5679,2019-10-15 10:15:00-05,1.579,-1.109,16074,2019-10-15 10:15:00
1121131,1121131,5679,2019-10-15 10:30:00-05,2.265,-1.212,16075,2019-10-15 10:30:00
1121132,1121132,5679,2019-10-15 10:45:00-05,3.023,-1.636,16076,2019-10-15 10:45:00
1121133,1121133,5679,2019-10-15 11:00:00-05,3.407,-1.659,16077,2019-10-15 11:00:00
1121134,1121134,5679,2019-10-15 11:15:00-05,3.543,-3.262,16078,2019-10-15 11:15:00
1121135,1121135,5679,2019-10-15 11:30:00-05,3.537,-3.112,16079,2019-10-15 11:30:00
1121136,1121136,5679,2019-10-15 11:45:00-05,3.472,-3.045,16080,2019-10-15 11:45:00
1121137,1121137,5679,2019-10-15 12:00:00-05,3.318,-2.982,16081,2019-10-15 12:00:00
1121138,1121138,5679,2019-10-15 12:15:00-05,3.153,-2.808,16082,2019-10-15 12:15:00
1121139,1121139,5679,2019-10-15 12:30:00-05,3.02,-2.754,16083,2019-10-15 12:30:00
1121140,1121140,5679,2019-10-15 12:45:00-05,2.893,-2.624,16084,2019-10-15 12:45:00
1121141,1121141,5679,2019-10-15 13:00:00-05,2.63,-1.708,16085,2019-10-15 13:00:00
1121142,1121142,5679,2019-10-15 13:15:00-05,2.471,-2.199,16086,2019-10-15 13:15:00
1121143,1121143,5679,2019-10-15 13:30:00-05,2.38,-2.089,16087,2019-10-15 13:30:00
1121144,1121144,5679,2019-10-15 13:45:00-05,2.314,-1.989,16088,2019-10-15 13:45:00
1121145,1121145,5679,2019-10-15 14:00:00-05,2.21,-1.927,16089,2019-10-15 14:00:00
1121146,1121146,5679,2019-10-15 14:15:00-05,2.036,-1.728,16090,2019-10-15 14:15:00
1121147,1121147,5679,2019-10-15 14:30:00-05,1.896,-1.518,16091,2019-10-15 14:30:00
1121148,1121148,5679,2019-10-15 14:45:00-05,1.725,-1.326,16092,2019-10-15 14:45:00
1121149,1121149,5679,2019-10-15 15:00:00-05,1.401,-0.853,16093,2019-10-15 15:00:00
1121150,1121150,5679,2019-10-15 15:15:00-05,1.046,-0.475,16094,2019-10-15 15:15:00
1121151,1121151,5679,2019-10-15 15:30:00-05,0.84,-0.31,16095,2019-10-15 15:30:00
1121152,1121152,5679,2019-10-15 15:45:00-05,0.618,-0.036,16096,2019-10-15 15:45:00
1121153,1121153,5679,2019-10-15 16:00:00-05,0.401,0.172,16097,2019-10-15 16:00:00
1121154,1121154,5679,2019-10-15 16:15:00-05,0.218,0.824,16098,2019-10-15 16:15:00
1121155,1121155,5679,2019-10-15 16:30:00-05,0.125,0.403,16099,2019-10-15 16:30:00
1121156,1121156,5679,2019-10-15 16:45:00-05,0.082,0.359,16100,2019-10-15 16:45:00
1121157,1121157,5679,2019-10-15 17:00:00-05,0.043,0.763,16101,2019-10-15 17:00:00
1121158,1121158,5679,2019-10-15 17:15:00-05,0.013,0.533,16102,2019-10-15 17:15:00
1121159,1121159,5679,2019-10-15 17:30:00-05,0.006,0.654,16103,2019-10-15 17:30:00
1121160,1121160,5679,2019-10-15 17:45:00-05,0.007,0.524,16104,2019-10-15 17:45:00
1121161,1121161,5679,2019-10-15 18:00:00-05,0.007,0.396,16105,2019-10-15 18:00:00
1121162,1121162,5679,2019-10-15 18:15:00-05,0.007,0.408,16106,2019-10-15 18:15:00
1121163,1121163,5679,2019-10-15 18:30:00-05,0.007,0.423,16107,2019-10-15 18:30:00
1121164,1121164,5679,2019-10-15 18:45:00-05,0.005,1.634,16108,2019-10-15 18:45:00
1121165,1121165,5679,2019-10-15 19:00:00-05,0.004,3.059,16109,2019-10-15 19:00:00
1121166,1121166,5679,2019-10-15 19:15:00-05,0.005,2.579,16110,2019-10-15 19:15:00
1121167,1121167,5679,2019-10-15 19:30:00-05,0.005,2.07,16111,2019-10-15 19:30:00
1121168,1121168,5679,2019-10-15 19:45:00-05,0.006,1.248,16112,2019-10-15 19:45:00
1121169,1121169,5679,2019-10-15 20:00:00-05,0.007,0.755,16113,2019-10-15 20:00:00
1121170,1121170,5679,2019-10-15 20:15:00-05,0.007,0.437,16114,2019-10-15 20:15:00
1121171,1121171,5679,2019-10-15 20:30:00-05,0.007,0.644,16115,2019-10-15 20:30:00
1121172,1121172,5679,2019-10-15 20:45:00-05,0.007,0.55,16116,2019-10-15 20:45:00
1121173,1121173,5679,2019-10-15 21:00:00-05,0.007,0.555,16117,2019-10-15 21:00:00
1121174,1121174,5679,2019-10-15 21:15:00-05,0.007,0.576,16118,2019-10-15 21:15:00
1121175,1121175,5679,2019-10-15 21:30:00-05,0.007,0.444,16119,2019-10-15 21:30:00
1121176,1121176,5679,2019-10-15 21:45:00-05,0.007,0.445,16120,2019-10-15 21:45:00
1121177,1121177,5679,2019-10-15 22:00:00-05,0.007,0.466,16121,2019-10-15 22:00:00
1121178,1121178,5679,2019-10-15 22:15:00-05,0.007,0.544,16122,2019-10-15 22:15:00
1121179,1121179,5679,2019-10-15 22:30:00-05,0.007,0.768,16123,2019-10-15 22:30:00
1121180,1121180,5679,2019-10-15 22:45:00-05,0.007,0.308,16124,2019-10-15 22:45:00
1121181,1121181,5679,2019-10-15 23:00:00-05,0.007,0.432,16125,2019-10-15 23:00:00
1121182,1121182,5679,2019-10-15 23:15:00-05,0.007,0.452,16126,2019-10-15 23:15:00
1121183,1121183,5679,2019-10-15 23:30:00-05,0.007,0.392,16127,2019-10-15 23:30:00
1121184,1121184,5679,2019-10-15 23:45:00-05,0.007,0.472,16128,2019-10-15 23:45:00
1121185,1121185,5679,2019-10-16 00:00:00-05,0.008,0.384,16129,2019-10-16 00:00:00
1121186,1121186,5679,2019-10-16 00:15:00-05,0.008,0.304,16130,2019-10-16 00:15:00
1121187,1121187,5679,2019-10-16 00:30:00-05,0.008,0.368,16131,2019-10-16 00:30:00
1121188,1121188,5679,2019-10-16 00:45:00-05,0.008,0.291,16132,2019-10-16 00:45:00
1121189,1121189,5679,2019-10-16 01:00:00-05,0.008,0.342,16133,2019-10-16 01:00:00
1121190,1121190,5679,2019-10-16 01:15:00-05,0.008,0.326,16134,2019-10-16 01:15:00
1121191,1121191,5679,2019-10-16 01:30:00-05,0.008,0.29,16135,2019-10-16 01:30:00
1121192,1121192,5679,2019-10-16 01:45:00-05,0.008,0.365,16136,2019-10-16 01:45:00
1121193,1121193,5679,2019-10-16 02:00:00-05,0.008,0.296,16137,2019-10-16 02:00:00
1121194,1121194,5679,2019-10-16 02:15:00-05,0.008,0.289,16138,2019-10-16 02:15:00
1121195,1121195,5679,2019-10-16 02:30:00-05,0.008,0.5,16139,2019-10-16 02:30:00
1121196,1121196,5679,2019-10-16 02:45:00-05,0.008,0.515,16140,2019-10-16 02:45:00
1121197,1121197,5679,2019-10-16 03:00:00-05,0.008,0.473,16141,2019-10-16 03:00:00
1121198,1121198,5679,2019-10-16 03:15:00-05,0.008,0.486,16142,2019-10-16 03:15:00
1121199,1121199,5679,2019-10-16 03:30:00-05,0.008,0.394,16143,2019-10-16 03:30:00
1121200,1121200,5679,2019-10-16 03:45:00-05,0.008,0.429,16144,2019-10-16 03:45:00
1121201,1121201,5679,2019-10-16 04:00:00-05,0.008,0.443,16145,2019-10-16 04:00:00
1121202,1121202,5679,2019-10-16 04:15:00-05,0.008,0.391,16146,2019-10-16 04:15:00
1121203,1121203,5679,2019-10-16 04:30:00-05,0.008,0.466,16147,2019-10-16 04:30:00
1121204,1121204,5679,2019-10-16 04:45:00-05,0.008,0.372,16148,2019-10-16 04:45:00
1121205,1121205,5679,2019-10-16 05:00:00-05,0.008,0.285,16149,2019-10-16 05:00:00
1121206,1121206,5679,2019-10-16 05:15:00-05,0.008,0.371,16150,2019-10-16 05:15:00
1121207,1121207,5679,2019-10-16 05:30:00-05,0.008,0.293,16151,2019-10-16 05:30:00
1121208,1121208,5679,2019-10-16 05:45:00-05,0.008,0.321,16152,2019-10-16 05:45:00
1121209,1121209,5679,2019-10-16 06:00:00-05,0.008,0.372,16153,2019-10-16 06:00:00
1121210,1121210,5679,2019-10-16 06:15:00-05,0.014,0.909,16154,2019-10-16 06:15:00
1121211,1121211,5679,2019-10-16 06:30:00-05,0.051,1.108,16155,2019-10-16 06:30:00
1121212,1121212,5679,2019-10-16 06:45:00-05,0.101,0.601,16156,2019-10-16 06:45:00
1121213,1121213,5679,2019-10-16 07:00:00-05,0.123,1.087,16157,2019-10-16 07:00:00
1121214,1121214,5679,2019-10-16 07:15:00-05,0.106,1.342,16158,2019-10-16 07:15:00
1121215,1121215,5679,2019-10-16 07:30:00-05,0.132,0.942,16159,2019-10-16 07:30:00
1121216,1121216,5679,2019-10-16 07:45:00-05,0.122,0.972,16160,2019-10-16 07:45:00
1121217,1121217,5679,2019-10-16 08:00:00-05,0.151,1.201,16161,2019-10-16 08:00:00
1121218,1121218,5679,2019-10-16 08:15:00-05,0.3,1.064,16162,2019-10-16 08:15:00
1121219,1121219,5679,2019-10-16 08:30:00-05,0.334,0.72,16163,2019-10-16 08:30:00
1121220,1121220,5679,2019-10-16 08:45:00-05,0.518,0.526,16164,2019-10-16 08:45:00
1121221,1121221,5679,2019-10-16 09:00:00-05,0.545,-0.102,16165,2019-10-16 09:00:00
1121222,1121222,5679,2019-10-16 09:15:00-05,0.718,0.622,16166,2019-10-16 09:15:00
1121223,1121223,5679,2019-10-16 09:30:00-05,0.851,0.111,16167,2019-10-16 09:30:00
1121224,1121224,5679,2019-10-16 09:45:00-05,0.877,-0.362,16168,2019-10-16 09:45:00
1121225,1121225,5679,2019-10-16 10:00:00-05,0.929,-0.41,16169,2019-10-16 10:00:00
1121226,1121226,5679,2019-10-16 10:15:00-05,0.79,3.616,16170,2019-10-16 10:15:00
1121227,1121227,5679,2019-10-16 10:30:00-05,0.501,6.791,16171,2019-10-16 10:30:00
1121228,1121228,5679,2019-10-16 10:45:00-05,0.376,2.332,16172,2019-10-16 10:45:00
1121229,1121229,5679,2019-10-16 11:00:00-05,0.385,0.686,16173,2019-10-16 11:00:00
1121230,1121230,5679,2019-10-16 11:15:00-05,0.469,0.508,16174,2019-10-16 11:15:00
1121231,1121231,5679,2019-10-16 11:30:00-05,0.437,-0.036,16175,2019-10-16 11:30:00
1121232,1121232,5679,2019-10-16 11:45:00-05,0.301,0.07,16176,2019-10-16 11:45:00
1121233,1121233,5679,2019-10-16 12:00:00-05,0.517,0.455,16177,2019-10-16 12:00:00
1121234,1121234,5679,2019-10-16 12:15:00-05,0.31,0.864,16178,2019-10-16 12:15:00
1121235,1121235,5679,2019-10-16 12:30:00-05,0.244,0.352,16179,2019-10-16 12:30:00
1121236,1121236,5679,2019-10-16 12:45:00-05,0.193,0.608,16180,2019-10-16 12:45:00
1121237,1121237,5679,2019-10-16 13:00:00-05,0.195,0.733,16181,2019-10-16 13:00:00
1121238,1121238,5679,2019-10-16 13:15:00-05,0.193,0.881,16182,2019-10-16 13:15:00
1121239,1121239,5679,2019-10-16 13:30:00-05,0.181,0.608,16183,2019-10-16 13:30:00
1121240,1121240,5679,2019-10-16 13:45:00-05,0.176,0.398,16184,2019-10-16 13:45:00
1121241,1121241,5679,2019-10-16 14:00:00-05,0.178,0.574,16185,2019-10-16 14:00:00
1121242,1121242,5679,2019-10-16 14:15:00-05,0.113,1.585,16186,2019-10-16 14:15:00
1121243,1121243,5679,2019-10-16 14:30:00-05,0.151,0.586,16187,2019-10-16 14:30:00
1121244,1121244,5679,2019-10-16 14:45:00-05,0.094,4.713,16188,2019-10-16 14:45:00
1121245,1121245,5679,2019-10-16 15:00:00-05,0.069,10.191,16189,2019-10-16 15:00:00
1121246,1121246,5679,2019-10-16 15:15:00-05,0.07,9.135,16190,2019-10-16 15:15:00
1121247,1121247,5679,2019-10-16 15:30:00-05,0.029,8.582,16191,2019-10-16 15:30:00
1121248,1121248,5679,2019-10-16 15:45:00-05,0.013,8.808,16192,2019-10-16 15:45:00
1121249,1121249,5679,2019-10-16 16:00:00-05,0.002,8.446,16193,2019-10-16 16:00:00
1121250,1121250,5679,2019-10-16 16:15:00-05,-0.001,7.829,16194,2019-10-16 16:15:00
1121251,1121251,5679,2019-10-16 16:30:00-05,-0.001,7.072,16195,2019-10-16 16:30:00
1121252,1121252,5679,2019-10-16 16:45:00-05,0.006,1.086,16196,2019-10-16 16:45:00
1121253,1121253,5679,2019-10-16 17:00:00-05,0.006,0.784,16197,2019-10-16 17:00:00
1121254,1121254,5679,2019-10-16 17:15:00-05,0.006,0.982,16198,2019-10-16 17:15:00
1121255,1121255,5679,2019-10-16 17:30:00-05,0.005,1.986,16199,2019-10-16 17:30:00
1121256,1121256,5679,2019-10-16 17:45:00-05,0.006,1.949,16200,2019-10-16 17:45:00
1121257,1121257,5679,2019-10-16 18:00:00-05,0.006,1.539,16201,2019-10-16 18:00:00
1121258,1121258,5679,2019-10-16 18:15:00-05,0.006,0.95,16202,2019-10-16 18:15:00
1121259,1121259,5679,2019-10-16 18:30:00-05,0.006,1.501,16203,2019-10-16 18:30:00
1121260,1121260,5679,2019-10-16 18:45:00-05,0.007,0.804,16204,2019-10-16 18:45:00
1121261,1121261,5679,2019-10-16 19:00:00-05,0.007,0.49,16205,2019-10-16 19:00:00
1121262,1121262,5679,2019-10-16 19:15:00-05,0.007,0.644,16206,2019-10-16 19:15:00
1121263,1121263,5679,2019-10-16 19:30:00-05,0.007,0.7,16207,2019-10-16 19:30:00
1121264,1121264,5679,2019-10-16 19:45:00-05,0.007,0.649,16208,2019-10-16 19:45:00
1121265,1121265,5679,2019-10-16 20:00:00-05,0.007,0.763,16209,2019-10-16 20:00:00
1121266,1121266,5679,2019-10-16 20:15:00-05,0.007,0.608,16210,2019-10-16 20:15:00
1121267,1121267,5679,2019-10-16 20:30:00-05,0.007,0.557,16211,2019-10-16 20:30:00
1121268,1121268,5679,2019-10-16 20:45:00-05,0.007,0.687,16212,2019-10-16 20:45:00
1121269,1121269,5679,2019-10-16 21:00:00-05,0.007,0.586,16213,2019-10-16 21:00:00
1121270,1121270,5679,2019-10-16 21:15:00-05,0.007,0.447,16214,2019-10-16 21:15:00
1121271,1121271,5679,2019-10-16 21:30:00-05,0.007,0.54,16215,2019-10-16 21:30:00
1121272,1121272,5679,2019-10-16 21:45:00-05,0.007,0.649,16216,2019-10-16 21:45:00
1121273,1121273,5679,2019-10-16 22:00:00-05,0.008,0.303,16217,2019-10-16 22:00:00
1121274,1121274,5679,2019-10-16 22:15:00-05,0.007,0.505,16218,2019-10-16 22:15:00
1121275,1121275,5679,2019-10-16 22:30:00-05,0.008,0.415,16219,2019-10-16 22:30:00
1121276,1121276,5679,2019-10-16 22:45:00-05,0.008,0.387,16220,2019-10-16 22:45:00
1121277,1121277,5679,2019-10-16 23:00:00-05,0.008,0.396,16221,2019-10-16 23:00:00
1121278,1121278,5679,2019-10-16 23:15:00-05,0.008,0.3,16222,2019-10-16 23:15:00
1121279,1121279,5679,2019-10-16 23:30:00-05,0.008,0.279,16223,2019-10-16 23:30:00
1121280,1121280,5679,2019-10-16 23:45:00-05,0.008,0.447,16224,2019-10-16 23:45:00
1121281,1121281,5679,2019-10-17 00:00:00-05,0.008,0.385,16225,2019-10-17 00:00:00
1121282,1121282,5679,2019-10-17 00:15:00-05,0.008,0.241,16226,2019-10-17 00:15:00
1121283,1121283,5679,2019-10-17 00:30:00-05,0.008,0.265,16227,2019-10-17 00:30:00
1121284,1121284,5679,2019-10-17 00:45:00-05,0.008,0.207,16228,2019-10-17 00:45:00
1121285,1121285,5679,2019-10-17 01:00:00-05,0.008,0.178,16229,2019-10-17 01:00:00
1121286,1121286,5679,2019-10-17 01:15:00-05,0.008,0.323,16230,2019-10-17 01:15:00
1121287,1121287,5679,2019-10-17 01:30:00-05,0.008,0.347,16231,2019-10-17 01:30:00
1121288,1121288,5679,2019-10-17 01:45:00-05,0.008,0.289,16232,2019-10-17 01:45:00
1121289,1121289,5679,2019-10-17 02:00:00-05,0.008,0.333,16233,2019-10-17 02:00:00
1121290,1121290,5679,2019-10-17 02:15:00-05,0.008,0.366,16234,2019-10-17 02:15:00
1121291,1121291,5679,2019-10-17 02:30:00-05,0.008,0.291,16235,2019-10-17 02:30:00
1121292,1121292,5679,2019-10-17 02:45:00-05,0.008,0.305,16236,2019-10-17 02:45:00
1121293,1121293,5679,2019-10-17 03:00:00-05,0.008,0.379,16237,2019-10-17 03:00:00
1121294,1121294,5679,2019-10-17 03:15:00-05,0.008,0.289,16238,2019-10-17 03:15:00
1121295,1121295,5679,2019-10-17 03:30:00-05,0.008,0.288,16239,2019-10-17 03:30:00
1121296,1121296,5679,2019-10-17 03:45:00-05,0.008,0.266,16240,2019-10-17 03:45:00
1121297,1121297,5679,2019-10-17 04:00:00-05,0.008,0.175,16241,2019-10-17 04:00:00
1121298,1121298,5679,2019-10-17 04:15:00-05,0.008,0.276,16242,2019-10-17 04:15:00
1121299,1121299,5679,2019-10-17 04:30:00-05,0.008,0.402,16243,2019-10-17 04:30:00
1121300,1121300,5679,2019-10-17 04:45:00-05,0.008,0.225,16244,2019-10-17 04:45:00
1121301,1121301,5679,2019-10-17 05:00:00-05,0.008,0.175,16245,2019-10-17 05:00:00
1121302,1121302,5679,2019-10-17 05:15:00-05,0.008,0.245,16246,2019-10-17 05:15:00
1121303,1121303,5679,2019-10-17 05:30:00-05,0.008,0.216,16247,2019-10-17 05:30:00
1121304,1121304,5679,2019-10-17 05:45:00-05,0.008,0.422,16248,2019-10-17 05:45:00
1121305,1121305,5679,2019-10-17 06:00:00-05,0.007,1.225,16249,2019-10-17 06:00:00
1121306,1121306,5679,2019-10-17 06:15:00-05,0.007,0.83,16250,2019-10-17 06:15:00
1121307,1121307,5679,2019-10-17 06:30:00-05,0.016,1.068,16251,2019-10-17 06:30:00
1121308,1121308,5679,2019-10-17 06:45:00-05,0.028,1.184,16252,2019-10-17 06:45:00
1121309,1121309,5679,2019-10-17 07:00:00-05,0.072,1.67,16253,2019-10-17 07:00:00
1121310,1121310,5679,2019-10-17 07:15:00-05,0.035,3.34,16254,2019-10-17 07:15:00
1121311,1121311,5679,2019-10-17 07:30:00-05,0.04,5.597,16255,2019-10-17 07:30:00
1121312,1121312,5679,2019-10-17 07:45:00-05,0.043,5.55,16256,2019-10-17 07:45:00
1121313,1121313,5679,2019-10-17 08:00:00-05,0.072,4.235,16257,2019-10-17 08:00:00
1121314,1121314,5679,2019-10-17 08:15:00-05,0.102,3.414,16258,2019-10-17 08:15:00
1121315,1121315,5679,2019-10-17 08:30:00-05,0.142,5.866,16259,2019-10-17 08:30:00
1121316,1121316,5679,2019-10-17 08:45:00-05,0.143,3.844,16260,2019-10-17 08:45:00
1121317,1121317,5679,2019-10-17 09:00:00-05,0.233,2.516,16261,2019-10-17 09:00:00
1121318,1121318,5679,2019-10-17 09:15:00-05,0.313,2.006,16262,2019-10-17 09:15:00
1121319,1121319,5679,2019-10-17 09:30:00-05,0.329,1.423,16263,2019-10-17 09:30:00
1121320,1121320,5679,2019-10-17 09:45:00-05,0.411,1.39,16264,2019-10-17 09:45:00
1121321,1121321,5679,2019-10-17 10:00:00-05,0.514,0.849,16265,2019-10-17 10:00:00
1121322,1121322,5679,2019-10-17 10:15:00-05,0.625,0.824,16266,2019-10-17 10:15:00
1121323,1121323,5679,2019-10-17 10:30:00-05,0.725,0.738,16267,2019-10-17 10:30:00
1121324,1121324,5679,2019-10-17 10:45:00-05,0.868,-0.073,16268,2019-10-17 10:45:00
1121325,1121325,5679,2019-10-17 11:00:00-05,0.465,0.362,16269,2019-10-17 11:00:00
1121326,1121326,5679,2019-10-17 11:15:00-05,0.533,0.705,16270,2019-10-17 11:15:00
1121327,1121327,5679,2019-10-17 11:30:00-05,0.773,0.799,16271,2019-10-17 11:30:00
1121328,1121328,5679,2019-10-17 11:45:00-05,0.807,1.158,16272,2019-10-17 11:45:00
1121329,1121329,5679,2019-10-17 12:00:00-05,0.546,1.239,16273,2019-10-17 12:00:00
1121330,1121330,5679,2019-10-17 12:15:00-05,0.423,0.8,16274,2019-10-17 12:15:00
1121331,1121331,5679,2019-10-17 12:30:00-05,0.519,-0.126,16275,2019-10-17 12:30:00
1121332,1121332,5679,2019-10-17 12:45:00-05,0.456,1.043,16276,2019-10-17 12:45:00
1121333,1121333,5679,2019-10-17 13:00:00-05,0.496,1.055,16277,2019-10-17 13:00:00
1121334,1121334,5679,2019-10-17 13:15:00-05,0.297,1.245,16278,2019-10-17 13:15:00
1121335,1121335,5679,2019-10-17 13:30:00-05,0.186,0.505,16279,2019-10-17 13:30:00
1121336,1121336,5679,2019-10-17 13:45:00-05,0.168,0.354,16280,2019-10-17 13:45:00
1121337,1121337,5679,2019-10-17 14:00:00-05,0.193,0.25,16281,2019-10-17 14:00:00
1121338,1121338,5679,2019-10-17 14:15:00-05,0.155,0.297,16282,2019-10-17 14:15:00
1121339,1121339,5679,2019-10-17 14:30:00-05,0.167,0.383,16283,2019-10-17 14:30:00
1121340,1121340,5679,2019-10-17 14:45:00-05,0.177,0.247,16284,2019-10-17 14:45:00
1121341,1121341,5679,2019-10-17 15:00:00-05,0.113,0.331,16285,2019-10-17 15:00:00
1121342,1121342,5679,2019-10-17 15:15:00-05,0.073,0.433,16286,2019-10-17 15:15:00
1121343,1121343,5679,2019-10-17 15:30:00-05,0.06,0.379,16287,2019-10-17 15:30:00
1121344,1121344,5679,2019-10-17 15:45:00-05,0.065,1.294,16288,2019-10-17 15:45:00
1121345,1121345,5679,2019-10-17 16:00:00-05,0.064,1.523,16289,2019-10-17 16:00:00
1121346,1121346,5679,2019-10-17 16:15:00-05,0.039,2.306,16290,2019-10-17 16:15:00
1121347,1121347,5679,2019-10-17 16:30:00-05,0.037,1.109,16291,2019-10-17 16:30:00
1121348,1121348,5679,2019-10-17 16:45:00-05,0.032,0.739,16292,2019-10-17 16:45:00
1121349,1121349,5679,2019-10-17 17:00:00-05,0.011,0.647,16293,2019-10-17 17:00:00
1121350,1121350,5679,2019-10-17 17:15:00-05,0.008,0.435,16294,2019-10-17 17:15:00
1121351,1121351,5679,2019-10-17 17:30:00-05,0.007,1.098,16295,2019-10-17 17:30:00
1121352,1121352,5679,2019-10-17 17:45:00-05,0.007,1.069,16296,2019-10-17 17:45:00
1121353,1121353,5679,2019-10-17 18:00:00-05,0.007,1.217,16297,2019-10-17 18:00:00
1121354,1121354,5679,2019-10-17 18:15:00-05,0.006,1.547,16298,2019-10-17 18:15:00
1121355,1121355,5679,2019-10-17 18:30:00-05,0.007,1.247,16299,2019-10-17 18:30:00
1121356,1121356,5679,2019-10-17 18:45:00-05,0.006,1.6,16300,2019-10-17 18:45:00
1121357,1121357,5679,2019-10-17 19:00:00-05,0.003,4.632,16301,2019-10-17 19:00:00
1121358,1121358,5679,2019-10-17 19:15:00-05,-0.001,7.414,16302,2019-10-17 19:15:00
1121359,1121359,5679,2019-10-17 19:30:00-05,-0.001,7.363,16303,2019-10-17 19:30:00
1121360,1121360,5679,2019-10-17 19:45:00-05,-0.001,7.376,16304,2019-10-17 19:45:00
1121361,1121361,5679,2019-10-17 20:00:00-05,-0.001,7.237,16305,2019-10-17 20:00:00
1121362,1121362,5679,2019-10-17 20:15:00-05,-0.001,7.344,16306,2019-10-17 20:15:00
1121363,1121363,5679,2019-10-17 20:30:00-05,-0.001,7.387,16307,2019-10-17 20:30:00
1121364,1121364,5679,2019-10-17 20:45:00-05,-0.001,7.324,16308,2019-10-17 20:45:00
1121365,1121365,5679,2019-10-17 21:00:00-05,0.002,4.977,16309,2019-10-17 21:00:00
1121366,1121366,5679,2019-10-17 21:15:00-05,0.007,0.551,16310,2019-10-17 21:15:00
1121367,1121367,5679,2019-10-17 21:30:00-05,0.008,0.391,16311,2019-10-17 21:30:00
1121368,1121368,5679,2019-10-17 21:45:00-05,0.008,0.337,16312,2019-10-17 21:45:00
1121369,1121369,5679,2019-10-17 22:00:00-05,0.008,0.242,16313,2019-10-17 22:00:00
1121370,1121370,5679,2019-10-17 22:15:00-05,0.008,0.169,16314,2019-10-17 22:15:00
1121371,1121371,5679,2019-10-17 22:30:00-05,0.008,0.194,16315,2019-10-17 22:30:00
1121372,1121372,5679,2019-10-17 22:45:00-05,0.008,0.246,16316,2019-10-17 22:45:00
1121373,1121373,5679,2019-10-17 23:00:00-05,0.008,0.169,16317,2019-10-17 23:00:00
1121374,1121374,5679,2019-10-17 23:15:00-05,0.008,0.169,16318,2019-10-17 23:15:00
1121375,1121375,5679,2019-10-17 23:30:00-05,0.008,0.261,16319,2019-10-17 23:30:00
1121376,1121376,5679,2019-10-17 23:45:00-05,0.008,0.168,16320,2019-10-17 23:45:00
1121377,1121377,5679,2019-10-18 00:00:00-05,0.008,0.251,16321,2019-10-18 00:00:00
1121378,1121378,5679,2019-10-18 00:15:00-05,0.008,0.447,16322,2019-10-18 00:15:00
1121379,1121379,5679,2019-10-18 00:30:00-05,0.008,0.417,16323,2019-10-18 00:30:00
1121380,1121380,5679,2019-10-18 00:45:00-05,0.008,0.393,16324,2019-10-18 00:45:00
1121381,1121381,5679,2019-10-18 01:00:00-05,0.008,0.465,16325,2019-10-18 01:00:00
1121382,1121382,5679,2019-10-18 01:15:00-05,0.008,0.414,16326,2019-10-18 01:15:00
1121383,1121383,5679,2019-10-18 01:30:00-05,0.008,0.387,16327,2019-10-18 01:30:00
1121384,1121384,5679,2019-10-18 01:45:00-05,0.008,0.552,16328,2019-10-18 01:45:00
1121385,1121385,5679,2019-10-18 02:00:00-05,0.008,0.528,16329,2019-10-18 02:00:00
1121386,1121386,5679,2019-10-18 02:15:00-05,0.008,0.447,16330,2019-10-18 02:15:00
1121387,1121387,5679,2019-10-18 02:30:00-05,0.008,0.457,16331,2019-10-18 02:30:00
1121388,1121388,5679,2019-10-18 02:45:00-05,0.008,0.377,16332,2019-10-18 02:45:00
1121389,1121389,5679,2019-10-18 03:00:00-05,0.008,0.28,16333,2019-10-18 03:00:00
1121390,1121390,5679,2019-10-18 03:15:00-05,0.008,0.343,16334,2019-10-18 03:15:00
1121391,1121391,5679,2019-10-18 03:30:00-05,0.008,0.305,16335,2019-10-18 03:30:00
1121392,1121392,5679,2019-10-18 03:45:00-05,0.008,0.278,16336,2019-10-18 03:45:00
1121393,1121393,5679,2019-10-18 04:00:00-05,0.008,0.31,16337,2019-10-18 04:00:00
1121394,1121394,5679,2019-10-18 04:15:00-05,0.008,0.337,16338,2019-10-18 04:15:00
1121395,1121395,5679,2019-10-18 04:30:00-05,0.008,0.28,16339,2019-10-18 04:30:00
1121396,1121396,5679,2019-10-18 04:45:00-05,0.008,0.281,16340,2019-10-18 04:45:00
1121397,1121397,5679,2019-10-18 05:00:00-05,0.008,0.363,16341,2019-10-18 05:00:00
1121398,1121398,5679,2019-10-18 05:15:00-05,0.008,0.204,16342,2019-10-18 05:15:00
1121399,1121399,5679,2019-10-18 05:30:00-05,0.008,0.218,16343,2019-10-18 05:30:00
1121400,1121400,5679,2019-10-18 05:45:00-05,0.008,0.292,16344,2019-10-18 05:45:00
1121401,1121401,5679,2019-10-18 06:00:00-05,0.008,0.362,16345,2019-10-18 06:00:00
1121402,1121402,5679,2019-10-18 06:15:00-05,0.006,1.589,16346,2019-10-18 06:15:00
1121403,1121403,5679,2019-10-18 06:30:00-05,0.008,1.011,16347,2019-10-18 06:30:00
1121404,1121404,5679,2019-10-18 06:45:00-05,0.016,0.907,16348,2019-10-18 06:45:00
1121405,1121405,5679,2019-10-18 07:00:00-05,0.025,0.999,16349,2019-10-18 07:00:00
1121406,1121406,5679,2019-10-18 07:15:00-05,0.036,1.281,16350,2019-10-18 07:15:00
1121407,1121407,5679,2019-10-18 07:30:00-05,0.07,1.761,16351,2019-10-18 07:30:00
1121408,1121408,5679,2019-10-18 07:45:00-05,0.092,0.645,16352,2019-10-18 07:45:00
1121409,1121409,5679,2019-10-18 08:00:00-05,0.13,0.878,16353,2019-10-18 08:00:00
1121410,1121410,5679,2019-10-18 08:15:00-05,0.183,1.774,16354,2019-10-18 08:15:00
1121411,1121411,5679,2019-10-18 08:30:00-05,0.151,2.054,16355,2019-10-18 08:30:00
1121412,1121412,5679,2019-10-18 08:45:00-05,0.19,1.318,16356,2019-10-18 08:45:00
1121413,1121413,5679,2019-10-18 09:00:00-05,0.226,0.053,16357,2019-10-18 09:00:00
1121414,1121414,5679,2019-10-18 09:15:00-05,0.255,1.366,16358,2019-10-18 09:15:00
1121415,1121415,5679,2019-10-18 09:30:00-05,0.274,1.919,16359,2019-10-18 09:30:00
1121416,1121416,5679,2019-10-18 09:45:00-05,0.268,1.381,16360,2019-10-18 09:45:00
1121417,1121417,5679,2019-10-18 10:00:00-05,0.382,1.217,16361,2019-10-18 10:00:00
1121418,1121418,5679,2019-10-18 10:15:00-05,0.343,1.873,16362,2019-10-18 10:15:00
1121419,1121419,5679,2019-10-18 10:30:00-05,0.466,1.113,16363,2019-10-18 10:30:00
1121420,1121420,5679,2019-10-18 10:45:00-05,0.453,0.864,16364,2019-10-18 10:45:00
1121421,1121421,5679,2019-10-18 11:00:00-05,0.48,0.022,16365,2019-10-18 11:00:00
1121422,1121422,5679,2019-10-18 11:15:00-05,0.628,-0.27,16366,2019-10-18 11:15:00
1121423,1121423,5679,2019-10-18 11:30:00-05,0.625,0.855,16367,2019-10-18 11:30:00
1121424,1121424,5679,2019-10-18 11:45:00-05,0.554,1.091,16368,2019-10-18 11:45:00
1121425,1121425,5679,2019-10-18 12:00:00-05,0.599,0.759,16369,2019-10-18 12:00:00
1121426,1121426,5679,2019-10-18 12:15:00-05,0.887,-0.173,16370,2019-10-18 12:15:00
1121427,1121427,5679,2019-10-18 12:30:00-05,0.837,-0.35,16371,2019-10-18 12:30:00
1121428,1121428,5679,2019-10-18 12:45:00-05,1.064,0.996,16372,2019-10-18 12:45:00
1121429,1121429,5679,2019-10-18 13:00:00-05,1.353,-0.28,16373,2019-10-18 13:00:00
1121430,1121430,5679,2019-10-18 13:15:00-05,1.511,-0.517,16374,2019-10-18 13:15:00
1121431,1121431,5679,2019-10-18 13:30:00-05,0.701,-0.08,16375,2019-10-18 13:30:00
1121432,1121432,5679,2019-10-18 13:45:00-05,0.709,-0.456,16376,2019-10-18 13:45:00
1121433,1121433,5679,2019-10-18 14:00:00-05,0.914,-0.261,16377,2019-10-18 14:00:00
1121434,1121434,5679,2019-10-18 14:15:00-05,0.663,3.247,16378,2019-10-18 14:15:00
1121435,1121435,5679,2019-10-18 14:30:00-05,0.632,7.342,16379,2019-10-18 14:30:00
1121436,1121436,5679,2019-10-18 14:45:00-05,0.858,7.057,16380,2019-10-18 14:45:00
1121437,1121437,5679,2019-10-18 15:00:00-05,0.805,6.505,16381,2019-10-18 15:00:00
1121438,1121438,5679,2019-10-18 15:15:00-05,1.323,6.487,16382,2019-10-18 15:15:00
1121439,1121439,5679,2019-10-18 15:30:00-05,0.462,7.02,16383,2019-10-18 15:30:00
1121440,1121440,5679,2019-10-18 15:45:00-05,0.384,1.976,16384,2019-10-18 15:45:00
1121441,1121441,5679,2019-10-18 16:00:00-05,0.302,0.501,16385,2019-10-18 16:00:00
1121442,1121442,5679,2019-10-18 16:15:00-05,0.234,0.569,16386,2019-10-18 16:15:00
1121443,1121443,5679,2019-10-18 16:30:00-05,0.124,0.622,16387,2019-10-18 16:30:00
1121444,1121444,5679,2019-10-18 16:45:00-05,0.061,0.82,16388,2019-10-18 16:45:00
1121445,1121445,5679,2019-10-18 17:00:00-05,0.027,0.608,16389,2019-10-18 17:00:00
1121446,1121446,5679,2019-10-18 17:15:00-05,0.009,0.783,16390,2019-10-18 17:15:00
1121447,1121447,5679,2019-10-18 17:30:00-05,0.009,1.003,16391,2019-10-18 17:30:00
1121448,1121448,5679,2019-10-18 17:45:00-05,0.008,0.921,16392,2019-10-18 17:45:00
1121449,1121449,5679,2019-10-18 18:00:00-05,0.008,1.154,16393,2019-10-18 18:00:00
1121450,1121450,5679,2019-10-18 18:15:00-05,0.007,1.457,16394,2019-10-18 18:15:00
1121451,1121451,5679,2019-10-18 18:30:00-05,0.007,1.495,16395,2019-10-18 18:30:00
1121452,1121452,5679,2019-10-18 18:45:00-05,0.007,1.04,16396,2019-10-18 18:45:00
1121453,1121453,5679,2019-10-18 19:00:00-05,0.007,1.54,16397,2019-10-18 19:00:00
1121454,1121454,5679,2019-10-18 19:15:00-05,0.008,0.776,16398,2019-10-18 19:15:00
1121455,1121455,5679,2019-10-18 19:30:00-05,0.008,0.54,16399,2019-10-18 19:30:00
1121456,1121456,5679,2019-10-18 19:45:00-05,0.008,0.598,16400,2019-10-18 19:45:00
1121457,1121457,5679,2019-10-18 20:00:00-05,0.008,0.715,16401,2019-10-18 20:00:00
1121458,1121458,5679,2019-10-18 20:15:00-05,0.007,0.846,16402,2019-10-18 20:15:00
1121459,1121459,5679,2019-10-18 20:30:00-05,0.008,0.635,16403,2019-10-18 20:30:00
1121460,1121460,5679,2019-10-18 20:45:00-05,0.008,0.701,16404,2019-10-18 20:45:00
1121461,1121461,5679,2019-10-18 21:00:00-05,0.008,0.633,16405,2019-10-18 21:00:00
1121462,1121462,5679,2019-10-18 21:15:00-05,0.008,0.62,16406,2019-10-18 21:15:00
1121463,1121463,5679,2019-10-18 21:30:00-05,0.008,0.711,16407,2019-10-18 21:30:00
1121464,1121464,5679,2019-10-18 21:45:00-05,0.008,0.617,16408,2019-10-18 21:45:00
1121465,1121465,5679,2019-10-18 22:00:00-05,0.008,0.6,16409,2019-10-18 22:00:00
1121466,1121466,5679,2019-10-18 22:15:00-05,0.008,0.586,16410,2019-10-18 22:15:00
1121467,1121467,5679,2019-10-18 22:30:00-05,0.008,0.552,16411,2019-10-18 22:30:00
1121468,1121468,5679,2019-10-18 22:45:00-05,0.008,0.578,16412,2019-10-18 22:45:00
1121469,1121469,5679,2019-10-18 23:00:00-05,0.008,0.367,16413,2019-10-18 23:00:00
1121470,1121470,5679,2019-10-18 23:15:00-05,0.008,0.334,16414,2019-10-18 23:15:00
1121471,1121471,5679,2019-10-18 23:30:00-05,0.008,0.426,16415,2019-10-18 23:30:00
1121472,1121472,5679,2019-10-18 23:45:00-05,0.008,0.336,16416,2019-10-18 23:45:00
1121473,1121473,5679,2019-10-19 00:00:00-05,0.008,0.331,16417,2019-10-19 00:00:00
1121474,1121474,5679,2019-10-19 00:15:00-05,0.008,0.413,16418,2019-10-19 00:15:00
1121475,1121475,5679,2019-10-19 00:30:00-05,0.008,0.344,16419,2019-10-19 00:30:00
1121476,1121476,5679,2019-10-19 00:45:00-05,0.008,0.333,16420,2019-10-19 00:45:00
1121477,1121477,5679,2019-10-19 01:00:00-05,0.008,0.39,16421,2019-10-19 01:00:00
1121478,1121478,5679,2019-10-19 01:15:00-05,0.008,0.364,16422,2019-10-19 01:15:00
1121479,1121479,5679,2019-10-19 01:30:00-05,0.008,0.332,16423,2019-10-19 01:30:00
1121480,1121480,5679,2019-10-19 01:45:00-05,0.008,0.436,16424,2019-10-19 01:45:00
1121481,1121481,5679,2019-10-19 02:00:00-05,0.008,0.788,16425,2019-10-19 02:00:00
1121482,1121482,5679,2019-10-19 02:15:00-05,0.008,0.634,16426,2019-10-19 02:15:00
1121483,1121483,5679,2019-10-19 02:30:00-05,0.008,0.626,16427,2019-10-19 02:30:00
1121484,1121484,5679,2019-10-19 02:45:00-05,0.008,0.534,16428,2019-10-19 02:45:00
1121485,1121485,5679,2019-10-19 03:00:00-05,0.008,0.439,16429,2019-10-19 03:00:00
1121486,1121486,5679,2019-10-19 03:15:00-05,0.008,0.44,16430,2019-10-19 03:15:00
1121487,1121487,5679,2019-10-19 03:30:00-05,0.008,0.548,16431,2019-10-19 03:30:00
1121488,1121488,5679,2019-10-19 03:45:00-05,0.008,0.446,16432,2019-10-19 03:45:00
1121489,1121489,5679,2019-10-19 04:00:00-05,0.007,1.277,16433,2019-10-19 04:00:00
1121490,1121490,5679,2019-10-19 04:15:00-05,0.008,1.096,16434,2019-10-19 04:15:00
1121491,1121491,5679,2019-10-19 04:30:00-05,0.008,0.47,16435,2019-10-19 04:30:00
1121492,1121492,5679,2019-10-19 04:45:00-05,0.009,0.208,16436,2019-10-19 04:45:00
1121493,1121493,5679,2019-10-19 05:00:00-05,0.009,0.26,16437,2019-10-19 05:00:00
1121494,1121494,5679,2019-10-19 05:15:00-05,0.009,0.436,16438,2019-10-19 05:15:00
1121495,1121495,5679,2019-10-19 05:30:00-05,0.008,0.62,16439,2019-10-19 05:30:00
1121496,1121496,5679,2019-10-19 05:45:00-05,0.008,1.053,16440,2019-10-19 05:45:00
1121497,1121497,5679,2019-10-19 06:00:00-05,0.008,0.804,16441,2019-10-19 06:00:00
1121498,1121498,5679,2019-10-19 06:15:00-05,0.009,1.776,16442,2019-10-19 06:15:00
1121499,1121499,5679,2019-10-19 06:30:00-05,0.024,2.497,16443,2019-10-19 06:30:00
1121500,1121500,5679,2019-10-19 06:45:00-05,0.047,1.773,16444,2019-10-19 06:45:00
1121501,1121501,5679,2019-10-19 07:00:00-05,0.067,2.466,16445,2019-10-19 07:00:00
1121502,1121502,5679,2019-10-19 07:15:00-05,0.092,2.501,16446,2019-10-19 07:15:00
1121503,1121503,5679,2019-10-19 07:30:00-05,0.116,2.185,16447,2019-10-19 07:30:00
1121504,1121504,5679,2019-10-19 07:45:00-05,0.141,2.088,16448,2019-10-19 07:45:00
1121505,1121505,5679,2019-10-19 08:00:00-05,0.17,1.643,16449,2019-10-19 08:00:00
1121506,1121506,5679,2019-10-19 08:15:00-05,0.203,2.033,16450,2019-10-19 08:15:00
1121507,1121507,5679,2019-10-19 08:30:00-05,0.252,2.232,16451,2019-10-19 08:30:00
1121508,1121508,5679,2019-10-19 08:45:00-05,0.299,1.33,16452,2019-10-19 08:45:00
1121509,1121509,5679,2019-10-19 09:00:00-05,0.402,0.197,16453,2019-10-19 09:00:00
1121510,1121510,5679,2019-10-19 09:15:00-05,0.493,-0.099,16454,2019-10-19 09:15:00
1121511,1121511,5679,2019-10-19 09:30:00-05,0.337,0.156,16455,2019-10-19 09:30:00
1121512,1121512,5679,2019-10-19 09:45:00-05,0.332,0.09,16456,2019-10-19 09:45:00
1121513,1121513,5679,2019-10-19 10:00:00-05,0.623,-0.225,16457,2019-10-19 10:00:00
1121514,1121514,5679,2019-10-19 10:15:00-05,1.214,-0.751,16458,2019-10-19 10:15:00
1121515,1121515,5679,2019-10-19 10:30:00-05,1.896,-1.443,16459,2019-10-19 10:30:00
1121516,1121516,5679,2019-10-19 10:45:00-05,2.713,-2.177,16460,2019-10-19 10:45:00
1121517,1121517,5679,2019-10-19 11:00:00-05,3.098,-2.586,16461,2019-10-19 11:00:00
1121518,1121518,5679,2019-10-19 11:15:00-05,3.12,-2.732,16462,2019-10-19 11:15:00
1121519,1121519,5679,2019-10-19 11:30:00-05,3.13,-2.678,16463,2019-10-19 11:30:00
1121520,1121520,5679,2019-10-19 11:45:00-05,3.148,-2.778,16464,2019-10-19 11:45:00
1121521,1121521,5679,2019-10-19 12:00:00-05,3.095,-2.657,16465,2019-10-19 12:00:00
1121522,1121522,5679,2019-10-19 12:15:00-05,2.901,-1.973,16466,2019-10-19 12:15:00
1121523,1121523,5679,2019-10-19 12:30:00-05,2.787,-2.518,16467,2019-10-19 12:30:00
1121524,1121524,5679,2019-10-19 12:45:00-05,2.669,-2.32,16468,2019-10-19 12:45:00
1121525,1121525,5679,2019-10-19 13:00:00-05,2.545,-1.923,16469,2019-10-19 13:00:00
1121526,1121526,5679,2019-10-19 13:15:00-05,2.441,-1.016,16470,2019-10-19 13:15:00
1121527,1121527,5679,2019-10-19 13:30:00-05,2.296,-1.082,16471,2019-10-19 13:30:00
1121528,1121528,5679,2019-10-19 13:45:00-05,2.23,-1.965,16472,2019-10-19 13:45:00
1121529,1121529,5679,2019-10-19 14:00:00-05,2.136,-0.964,16473,2019-10-19 14:00:00
1121530,1121530,5679,2019-10-19 14:15:00-05,1.969,5.34,16474,2019-10-19 14:15:00
1121531,1121531,5679,2019-10-19 14:30:00-05,1.78,5.645,16475,2019-10-19 14:30:00
1121532,1121532,5679,2019-10-19 14:45:00-05,1.584,5.641,16476,2019-10-19 14:45:00
1121533,1121533,5679,2019-10-19 15:00:00-05,1.244,6.087,16477,2019-10-19 15:00:00
1121534,1121534,5679,2019-10-19 15:15:00-05,0.856,6.453,16478,2019-10-19 15:15:00
1121535,1121535,5679,2019-10-19 15:30:00-05,0.505,6.519,16479,2019-10-19 15:30:00
1121536,1121536,5679,2019-10-19 15:45:00-05,0.492,0.837,16480,2019-10-19 15:45:00
1121537,1121537,5679,2019-10-19 16:00:00-05,0.474,0.135,16481,2019-10-19 16:00:00
1121538,1121538,5679,2019-10-19 16:15:00-05,0.273,0.243,16482,2019-10-19 16:15:00
1121539,1121539,5679,2019-10-19 16:30:00-05,0.153,0.341,16483,2019-10-19 16:30:00
1121540,1121540,5679,2019-10-19 16:45:00-05,0.08,0.844,16484,2019-10-19 16:45:00
1121541,1121541,5679,2019-10-19 17:00:00-05,0.023,1.584,16485,2019-10-19 17:00:00
1121542,1121542,5679,2019-10-19 17:15:00-05,0.006,1.721,16486,2019-10-19 17:15:00
1121543,1121543,5679,2019-10-19 17:30:00-05,0.006,2.18,16487,2019-10-19 17:30:00
1121544,1121544,5679,2019-10-19 17:45:00-05,0.006,1.461,16488,2019-10-19 17:45:00
1121545,1121545,5679,2019-10-19 18:00:00-05,0.007,0.668,16489,2019-10-19 18:00:00
1121546,1121546,5679,2019-10-19 18:15:00-05,0.007,0.952,16490,2019-10-19 18:15:00
1121547,1121547,5679,2019-10-19 18:30:00-05,0.006,1.693,16491,2019-10-19 18:30:00
1121548,1121548,5679,2019-10-19 18:45:00-05,0.006,1.63,16492,2019-10-19 18:45:00
1121549,1121549,5679,2019-10-19 19:00:00-05,0.006,1.667,16493,2019-10-19 19:00:00
1121550,1121550,5679,2019-10-19 19:15:00-05,0.007,1.3,16494,2019-10-19 19:15:00
1121551,1121551,5679,2019-10-19 19:30:00-05,0.007,1.209,16495,2019-10-19 19:30:00
1121552,1121552,5679,2019-10-19 19:45:00-05,0.006,1.641,16496,2019-10-19 19:45:00
1121553,1121553,5679,2019-10-19 20:00:00-05,0.007,1.301,16497,2019-10-19 20:00:00
1121554,1121554,5679,2019-10-19 20:15:00-05,0.007,1.198,16498,2019-10-19 20:15:00
1121555,1121555,5679,2019-10-19 20:30:00-05,0.007,0.58,16499,2019-10-19 20:30:00
1121556,1121556,5679,2019-10-19 20:45:00-05,0.008,0.393,16500,2019-10-19 20:45:00
1121557,1121557,5679,2019-10-19 21:00:00-05,0.008,0.377,16501,2019-10-19 21:00:00
1121558,1121558,5679,2019-10-19 21:15:00-05,0.007,0.716,16502,2019-10-19 21:15:00
1121559,1121559,5679,2019-10-19 21:30:00-05,0.007,0.734,16503,2019-10-19 21:30:00
1121560,1121560,5679,2019-10-19 21:45:00-05,0.008,0.699,16504,2019-10-19 21:45:00
1121561,1121561,5679,2019-10-19 22:00:00-05,0.008,0.668,16505,2019-10-19 22:00:00
1121562,1121562,5679,2019-10-19 22:15:00-05,0.008,0.55,16506,2019-10-19 22:15:00
1121563,1121563,5679,2019-10-19 22:30:00-05,0.008,0.556,16507,2019-10-19 22:30:00
1121564,1121564,5679,2019-10-19 22:45:00-05,0.008,0.628,16508,2019-10-19 22:45:00
1121565,1121565,5679,2019-10-19 23:00:00-05,0.008,0.548,16509,2019-10-19 23:00:00
1121566,1121566,5679,2019-10-19 23:15:00-05,0.008,0.578,16510,2019-10-19 23:15:00
1121567,1121567,5679,2019-10-19 23:30:00-05,0.008,0.483,16511,2019-10-19 23:30:00
1121568,1121568,5679,2019-10-19 23:45:00-05,0.008,0.438,16512,2019-10-19 23:45:00
1121569,1121569,5679,2019-10-20 00:00:00-05,0.008,0.46,16513,2019-10-20 00:00:00
1121570,1121570,5679,2019-10-20 00:15:00-05,0.008,0.395,16514,2019-10-20 00:15:00
1121571,1121571,5679,2019-10-20 00:30:00-05,0.008,0.446,16515,2019-10-20 00:30:00
1121572,1121572,5679,2019-10-20 00:45:00-05,0.008,0.524,16516,2019-10-20 00:45:00
1121573,1121573,5679,2019-10-20 01:00:00-05,0.008,0.332,16517,2019-10-20 01:00:00
1121574,1121574,5679,2019-10-20 01:15:00-05,0.008,0.333,16518,2019-10-20 01:15:00
1121575,1121575,5679,2019-10-20 01:30:00-05,0.008,0.422,16519,2019-10-20 01:30:00
1121576,1121576,5679,2019-10-20 01:45:00-05,0.008,0.332,16520,2019-10-20 01:45:00
1121577,1121577,5679,2019-10-20 02:00:00-05,0.008,0.333,16521,2019-10-20 02:00:00
1121578,1121578,5679,2019-10-20 02:15:00-05,0.008,0.423,16522,2019-10-20 02:15:00
1121579,1121579,5679,2019-10-20 02:30:00-05,0.008,0.334,16523,2019-10-20 02:30:00
1121580,1121580,5679,2019-10-20 02:45:00-05,0.008,0.332,16524,2019-10-20 02:45:00
1121581,1121581,5679,2019-10-20 03:00:00-05,0.008,0.494,16525,2019-10-20 03:00:00
1121582,1121582,5679,2019-10-20 03:15:00-05,0.008,0.45,16526,2019-10-20 03:15:00
1121583,1121583,5679,2019-10-20 03:30:00-05,0.008,0.442,16527,2019-10-20 03:30:00
1121584,1121584,5679,2019-10-20 03:45:00-05,0.008,0.522,16528,2019-10-20 03:45:00
1121585,1121585,5679,2019-10-20 04:00:00-05,0.008,0.529,16529,2019-10-20 04:00:00
1121586,1121586,5679,2019-10-20 04:15:00-05,0.008,0.554,16530,2019-10-20 04:15:00
1121587,1121587,5679,2019-10-20 04:30:00-05,0.008,0.587,16531,2019-10-20 04:30:00
1121588,1121588,5679,2019-10-20 04:45:00-05,0.008,0.443,16532,2019-10-20 04:45:00
1121589,1121589,5679,2019-10-20 05:00:00-05,0.008,0.756,16533,2019-10-20 05:00:00
1121590,1121590,5679,2019-10-20 05:15:00-05,0.007,1.296,16534,2019-10-20 05:15:00
1121591,1121591,5679,2019-10-20 05:30:00-05,0.008,0.927,16535,2019-10-20 05:30:00
1121592,1121592,5679,2019-10-20 05:45:00-05,0.008,0.546,16536,2019-10-20 05:45:00
1121593,1121593,5679,2019-10-20 06:00:00-05,0.006,1.839,16537,2019-10-20 06:00:00
1121594,1121594,5679,2019-10-20 06:15:00-05,0.007,0.978,16538,2019-10-20 06:15:00
1121595,1121595,5679,2019-10-20 06:30:00-05,0.015,2.035,16539,2019-10-20 06:30:00
1121596,1121596,5679,2019-10-20 06:45:00-05,0.046,2.285,16540,2019-10-20 06:45:00
1121597,1121597,5679,2019-10-20 07:00:00-05,0.099,2.417,16541,2019-10-20 07:00:00
1121598,1121598,5679,2019-10-20 07:15:00-05,0.214,2.06,16542,2019-10-20 07:15:00
1121599,1121599,5679,2019-10-20 07:30:00-05,0.304,1.525,16543,2019-10-20 07:30:00
1121600,1121600,5679,2019-10-20 07:45:00-05,0.316,1.449,16544,2019-10-20 07:45:00
1121601,1121601,5679,2019-10-20 08:00:00-05,0.444,1.066,16545,2019-10-20 08:00:00
1121602,1121602,5679,2019-10-20 08:15:00-05,0.445,0.47,16546,2019-10-20 08:15:00
1121603,1121603,5679,2019-10-20 08:30:00-05,0.339,0.21,16547,2019-10-20 08:30:00
1121604,1121604,5679,2019-10-20 08:45:00-05,0.297,0.687,16548,2019-10-20 08:45:00
1121605,1121605,5679,2019-10-20 09:00:00-05,0.301,4.634,16549,2019-10-20 09:00:00
1121606,1121606,5679,2019-10-20 09:15:00-05,0.308,4.044,16550,2019-10-20 09:15:00
1121607,1121607,5679,2019-10-20 09:30:00-05,0.367,2.165,16551,2019-10-20 09:30:00
1121608,1121608,5679,2019-10-20 09:45:00-05,0.314,0.686,16552,2019-10-20 09:45:00
1121609,1121609,5679,2019-10-20 10:00:00-05,0.617,1.017,16553,2019-10-20 10:00:00
1121610,1121610,5679,2019-10-20 10:15:00-05,0.627,1.34,16554,2019-10-20 10:15:00
1121611,1121611,5679,2019-10-20 10:30:00-05,0.524,1.302,16555,2019-10-20 10:30:00
1121612,1121612,5679,2019-10-20 10:45:00-05,0.327,0.611,16556,2019-10-20 10:45:00
1121613,1121613,5679,2019-10-20 11:00:00-05,0.394,5.001,16557,2019-10-20 11:00:00
1121614,1121614,5679,2019-10-20 11:15:00-05,0.497,9.51,16558,2019-10-20 11:15:00
1121615,1121615,5679,2019-10-20 11:30:00-05,0.527,10.916,16559,2019-10-20 11:30:00
1121616,1121616,5679,2019-10-20 11:45:00-05,0.7,8.99,16560,2019-10-20 11:45:00
1121617,1121617,5679,2019-10-20 12:00:00-05,1.406,6.844,16561,2019-10-20 12:00:00
1121618,1121618,5679,2019-10-20 12:15:00-05,1.421,6.362,16562,2019-10-20 12:15:00
1121619,1121619,5679,2019-10-20 12:30:00-05,1.002,1.154,16563,2019-10-20 12:30:00
1121620,1121620,5679,2019-10-20 12:45:00-05,1.295,-0.385,16564,2019-10-20 12:45:00
1121621,1121621,5679,2019-10-20 13:00:00-05,2.319,1.263,16565,2019-10-20 13:00:00
1121622,1121622,5679,2019-10-20 13:15:00-05,1.763,-0.66,16566,2019-10-20 13:15:00
1121623,1121623,5679,2019-10-20 13:30:00-05,1.65,-1.067,16567,2019-10-20 13:30:00
1121624,1121624,5679,2019-10-20 13:45:00-05,1.881,-1.32,16568,2019-10-20 13:45:00
1121625,1121625,5679,2019-10-20 14:00:00-05,1.391,-0.832,16569,2019-10-20 14:00:00
1121626,1121626,5679,2019-10-20 14:15:00-05,1.603,-1.046,16570,2019-10-20 14:15:00
1121627,1121627,5679,2019-10-20 14:30:00-05,1.313,-0.702,16571,2019-10-20 14:30:00
1121628,1121628,5679,2019-10-20 14:45:00-05,1.404,-0.359,16572,2019-10-20 14:45:00
1121629,1121629,5679,2019-10-20 15:00:00-05,1.476,-0.137,16573,2019-10-20 15:00:00
1121630,1121630,5679,2019-10-20 15:15:00-05,0.705,0.474,16574,2019-10-20 15:15:00
1121631,1121631,5679,2019-10-20 15:30:00-05,0.419,0.99,16575,2019-10-20 15:30:00
1121632,1121632,5679,2019-10-20 15:45:00-05,0.308,0.846,16576,2019-10-20 15:45:00
1121633,1121633,5679,2019-10-20 16:00:00-05,0.191,0.609,16577,2019-10-20 16:00:00
1121634,1121634,5679,2019-10-20 16:15:00-05,0.163,0.651,16578,2019-10-20 16:15:00
1121635,1121635,5679,2019-10-20 16:30:00-05,0.095,0.705,16579,2019-10-20 16:30:00
1121636,1121636,5679,2019-10-20 16:45:00-05,0.053,0.64,16580,2019-10-20 16:45:00
1121637,1121637,5679,2019-10-20 17:00:00-05,0.02,0.835,16581,2019-10-20 17:00:00
1121638,1121638,5679,2019-10-20 17:15:00-05,0.008,0.692,16582,2019-10-20 17:15:00
1121639,1121639,5679,2019-10-20 17:30:00-05,0.006,0.73,16583,2019-10-20 17:30:00
1121640,1121640,5679,2019-10-20 17:45:00-05,0.005,1.453,16584,2019-10-20 17:45:00
1121641,1121641,5679,2019-10-20 18:00:00-05,0.007,0.683,16585,2019-10-20 18:00:00
1121642,1121642,5679,2019-10-20 18:15:00-05,0.006,0.762,16586,2019-10-20 18:15:00
1121643,1121643,5679,2019-10-20 18:30:00-05,0.006,0.682,16587,2019-10-20 18:30:00
1121644,1121644,5679,2019-10-20 18:45:00-05,0.007,0.664,16588,2019-10-20 18:45:00
1121645,1121645,5679,2019-10-20 19:00:00-05,0.006,0.821,16589,2019-10-20 19:00:00
1121646,1121646,5679,2019-10-20 19:15:00-05,0.007,0.675,16590,2019-10-20 19:15:00
1121647,1121647,5679,2019-10-20 19:30:00-05,0.007,0.75,16591,2019-10-20 19:30:00
1121648,1121648,5679,2019-10-20 19:45:00-05,0.007,0.761,16592,2019-10-20 19:45:00
1121649,1121649,5679,2019-10-20 20:00:00-05,0.007,0.63,16593,2019-10-20 20:00:00
1121650,1121650,5679,2019-10-20 20:15:00-05,0.007,0.626,16594,2019-10-20 20:15:00
1121651,1121651,5679,2019-10-20 20:30:00-05,0.007,0.647,16595,2019-10-20 20:30:00
1121652,1121652,5679,2019-10-20 20:45:00-05,0.007,0.716,16596,2019-10-20 20:45:00
1121653,1121653,5679,2019-10-20 21:00:00-05,0.007,0.84,16597,2019-10-20 21:00:00
1121654,1121654,5679,2019-10-20 21:15:00-05,0.007,1.105,16598,2019-10-20 21:15:00
1121655,1121655,5679,2019-10-20 21:30:00-05,0.007,1.352,16599,2019-10-20 21:30:00
1121656,1121656,5679,2019-10-20 21:45:00-05,0.007,1.201,16600,2019-10-20 21:45:00
1121657,1121657,5679,2019-10-20 22:00:00-05,0.007,1.0,16601,2019-10-20 22:00:00
1121658,1121658,5679,2019-10-20 22:15:00-05,0.007,1.182,16602,2019-10-20 22:15:00
1121659,1121659,5679,2019-10-20 22:30:00-05,0.008,0.412,16603,2019-10-20 22:30:00
1121660,1121660,5679,2019-10-20 22:45:00-05,0.008,0.354,16604,2019-10-20 22:45:00
1121661,1121661,5679,2019-10-20 23:00:00-05,0.007,0.505,16605,2019-10-20 23:00:00
1121662,1121662,5679,2019-10-20 23:15:00-05,0.008,0.491,16606,2019-10-20 23:15:00
1121663,1121663,5679,2019-10-20 23:30:00-05,0.008,0.457,16607,2019-10-20 23:30:00
1121664,1121664,5679,2019-10-20 23:45:00-05,0.008,0.533,16608,2019-10-20 23:45:00
1121665,1121665,5679,2019-10-21 00:00:00-05,0.008,0.457,16609,2019-10-21 00:00:00
1121666,1121666,5679,2019-10-21 00:15:00-05,0.008,0.452,16610,2019-10-21 00:15:00
1121667,1121667,5679,2019-10-21 00:30:00-05,0.008,0.534,16611,2019-10-21 00:30:00
1121668,1121668,5679,2019-10-21 00:45:00-05,0.008,0.455,16612,2019-10-21 00:45:00
1121669,1121669,5679,2019-10-21 01:00:00-05,0.008,0.511,16613,2019-10-21 01:00:00
1121670,1121670,5679,2019-10-21 01:15:00-05,0.008,0.615,16614,2019-10-21 01:15:00
1121671,1121671,5679,2019-10-21 01:30:00-05,0.008,0.563,16615,2019-10-21 01:30:00
1121672,1121672,5679,2019-10-21 01:45:00-05,0.008,0.541,16616,2019-10-21 01:45:00
1121673,1121673,5679,2019-10-21 02:00:00-05,0.008,0.377,16617,2019-10-21 02:00:00
1121674,1121674,5679,2019-10-21 02:15:00-05,0.008,0.474,16618,2019-10-21 02:15:00
1121675,1121675,5679,2019-10-21 02:30:00-05,0.008,0.544,16619,2019-10-21 02:30:00
1121676,1121676,5679,2019-10-21 02:45:00-05,0.008,0.318,16620,2019-10-21 02:45:00
1121677,1121677,5679,2019-10-21 03:00:00-05,0.008,0.394,16621,2019-10-21 03:00:00
1121678,1121678,5679,2019-10-21 03:15:00-05,0.008,0.419,16622,2019-10-21 03:15:00
1121679,1121679,5679,2019-10-21 03:30:00-05,0.008,0.358,16623,2019-10-21 03:30:00
1121680,1121680,5679,2019-10-21 03:45:00-05,0.008,0.403,16624,2019-10-21 03:45:00
1121681,1121681,5679,2019-10-21 04:00:00-05,0.008,0.389,16625,2019-10-21 04:00:00
1121682,1121682,5679,2019-10-21 04:15:00-05,0.008,0.309,16626,2019-10-21 04:15:00
1121683,1121683,5679,2019-10-21 04:30:00-05,0.008,0.343,16627,2019-10-21 04:30:00
1121684,1121684,5679,2019-10-21 04:45:00-05,0.008,0.244,16628,2019-10-21 04:45:00
1121685,1121685,5679,2019-10-21 05:00:00-05,0.008,0.305,16629,2019-10-21 05:00:00
1121686,1121686,5679,2019-10-21 05:15:00-05,0.008,0.422,16630,2019-10-21 05:15:00
1121687,1121687,5679,2019-10-21 05:30:00-05,0.008,0.221,16631,2019-10-21 05:30:00
1121688,1121688,5679,2019-10-21 05:45:00-05,0.008,0.398,16632,2019-10-21 05:45:00
1121689,1121689,5679,2019-10-21 06:00:00-05,0.008,0.472,16633,2019-10-21 06:00:00
1121690,1121690,5679,2019-10-21 06:15:00-05,0.007,1.191,16634,2019-10-21 06:15:00
1121691,1121691,5679,2019-10-21 06:30:00-05,0.02,1.023,16635,2019-10-21 06:30:00
1121692,1121692,5679,2019-10-21 06:45:00-05,0.052,0.785,16636,2019-10-21 06:45:00
1121693,1121693,5679,2019-10-21 07:00:00-05,0.091,1.103,16637,2019-10-21 07:00:00
1121694,1121694,5679,2019-10-21 07:15:00-05,0.141,1.034,16638,2019-10-21 07:15:00
1121695,1121695,5679,2019-10-21 07:30:00-05,0.188,0.975,16639,2019-10-21 07:30:00
1121696,1121696,5679,2019-10-21 07:45:00-05,0.196,1.468,16640,2019-10-21 07:45:00
1121697,1121697,5679,2019-10-21 08:00:00-05,0.257,1.856,16641,2019-10-21 08:00:00
1121698,1121698,5679,2019-10-21 08:15:00-05,0.337,1.76,16642,2019-10-21 08:15:00
1121699,1121699,5679,2019-10-21 08:30:00-05,0.468,1.409,16643,2019-10-21 08:30:00
1121700,1121700,5679,2019-10-21 08:45:00-05,0.618,0.835,16644,2019-10-21 08:45:00
1121701,1121701,5679,2019-10-21 09:00:00-05,0.717,0.467,16645,2019-10-21 09:00:00
1121702,1121702,5679,2019-10-21 09:15:00-05,0.85,-0.079,16646,2019-10-21 09:15:00
1121703,1121703,5679,2019-10-21 09:30:00-05,1.007,0.519,16647,2019-10-21 09:30:00
1121704,1121704,5679,2019-10-21 09:45:00-05,0.71,0.867,16648,2019-10-21 09:45:00
1121705,1121705,5679,2019-10-21 10:00:00-05,0.596,0.374,16649,2019-10-21 10:00:00
1121706,1121706,5679,2019-10-21 10:15:00-05,1.151,-0.766,16650,2019-10-21 10:15:00
1121707,1121707,5679,2019-10-21 10:30:00-05,1.839,-1.101,16651,2019-10-21 10:30:00
1121708,1121708,5679,2019-10-21 10:45:00-05,2.565,-2.256,16652,2019-10-21 10:45:00
1121709,1121709,5679,2019-10-21 11:00:00-05,2.928,-2.616,16653,2019-10-21 11:00:00
1121710,1121710,5679,2019-10-21 11:15:00-05,3.018,-2.565,16654,2019-10-21 11:15:00
1121711,1121711,5679,2019-10-21 11:30:00-05,2.981,-2.625,16655,2019-10-21 11:30:00
1121712,1121712,5679,2019-10-21 11:45:00-05,2.962,-2.58,16656,2019-10-21 11:45:00
1121713,1121713,5679,2019-10-21 12:00:00-05,2.924,-2.405,16657,2019-10-21 12:00:00
1121714,1121714,5679,2019-10-21 12:15:00-05,2.798,-2.449,16658,2019-10-21 12:15:00
1121715,1121715,5679,2019-10-21 12:30:00-05,2.597,-1.811,16659,2019-10-21 12:30:00
1121716,1121716,5679,2019-10-21 12:45:00-05,2.503,-1.759,16660,2019-10-21 12:45:00
1121717,1121717,5679,2019-10-21 13:00:00-05,2.411,-1.987,16661,2019-10-21 13:00:00
1121718,1121718,5679,2019-10-21 13:15:00-05,2.355,-1.82,16662,2019-10-21 13:15:00
1121719,1121719,5679,2019-10-21 13:30:00-05,2.247,-1.748,16663,2019-10-21 13:30:00
1121720,1121720,5679,2019-10-21 13:45:00-05,2.181,-1.716,16664,2019-10-21 13:45:00
1121721,1121721,5679,2019-10-21 14:00:00-05,2.039,-1.452,16665,2019-10-21 14:00:00
1121722,1121722,5679,2019-10-21 14:15:00-05,1.975,-1.492,16666,2019-10-21 14:15:00
1121723,1121723,5679,2019-10-21 14:30:00-05,1.776,-1.217,16667,2019-10-21 14:30:00
1121724,1121724,5679,2019-10-21 14:45:00-05,1.468,-0.88,16668,2019-10-21 14:45:00
1121725,1121725,5679,2019-10-21 15:00:00-05,1.219,-0.892,16669,2019-10-21 15:00:00
1121726,1121726,5679,2019-10-21 15:15:00-05,0.967,-0.533,16670,2019-10-21 15:15:00
1121727,1121727,5679,2019-10-21 15:30:00-05,0.723,-0.126,16671,2019-10-21 15:30:00
1121728,1121728,5679,2019-10-21 15:45:00-05,0.571,0.138,16672,2019-10-21 15:45:00
1121729,1121729,5679,2019-10-21 16:00:00-05,0.336,0.244,16673,2019-10-21 16:00:00
1121730,1121730,5679,2019-10-21 16:15:00-05,0.118,0.725,16674,2019-10-21 16:15:00
1121731,1121731,5679,2019-10-21 16:30:00-05,0.049,1.515,16675,2019-10-21 16:30:00
1121732,1121732,5679,2019-10-21 16:45:00-05,0.054,0.345,16676,2019-10-21 16:45:00
1121733,1121733,5679,2019-10-21 17:00:00-05,0.017,0.725,16677,2019-10-21 17:00:00
1121734,1121734,5679,2019-10-21 17:15:00-05,0.007,0.805,16678,2019-10-21 17:15:00
1121735,1121735,5679,2019-10-21 17:30:00-05,0.007,0.817,16679,2019-10-21 17:30:00
1121736,1121736,5679,2019-10-21 17:45:00-05,0.006,0.487,16680,2019-10-21 17:45:00
1121737,1121737,5679,2019-10-21 18:00:00-05,0.007,0.389,16681,2019-10-21 18:00:00
1121738,1121738,5679,2019-10-21 18:15:00-05,0.006,0.533,16682,2019-10-21 18:15:00
1121739,1121739,5679,2019-10-21 18:30:00-05,0.006,0.516,16683,2019-10-21 18:30:00
1121740,1121740,5679,2019-10-21 18:45:00-05,0.007,0.508,16684,2019-10-21 18:45:00
1121741,1121741,5679,2019-10-21 19:00:00-05,0.006,0.593,16685,2019-10-21 19:00:00
1121742,1121742,5679,2019-10-21 19:15:00-05,0.007,0.507,16686,2019-10-21 19:15:00
1121743,1121743,5679,2019-10-21 19:30:00-05,0.007,0.539,16687,2019-10-21 19:30:00
1121744,1121744,5679,2019-10-21 19:45:00-05,0.006,0.645,16688,2019-10-21 19:45:00
1121745,1121745,5679,2019-10-21 20:00:00-05,0.007,0.6,16689,2019-10-21 20:00:00
1121746,1121746,5679,2019-10-21 20:15:00-05,0.006,0.677,16690,2019-10-21 20:15:00
1121747,1121747,5679,2019-10-21 20:30:00-05,0.007,0.645,16691,2019-10-21 20:30:00
1121748,1121748,5679,2019-10-21 20:45:00-05,0.007,0.57,16692,2019-10-21 20:45:00
1121749,1121749,5679,2019-10-21 21:00:00-05,0.007,0.583,16693,2019-10-21 21:00:00
1121750,1121750,5679,2019-10-21 21:15:00-05,0.007,0.508,16694,2019-10-21 21:15:00
1121751,1121751,5679,2019-10-21 21:30:00-05,0.007,0.368,16695,2019-10-21 21:30:00
1121752,1121752,5679,2019-10-21 21:45:00-05,0.007,0.463,16696,2019-10-21 21:45:00
1121753,1121753,5679,2019-10-21 22:00:00-05,0.008,0.262,16697,2019-10-21 22:00:00
1121754,1121754,5679,2019-10-21 22:15:00-05,0.007,0.268,16698,2019-10-21 22:15:00
1121755,1121755,5679,2019-10-21 22:30:00-05,0.007,0.57,16699,2019-10-21 22:30:00
1121756,1121756,5679,2019-10-21 22:45:00-05,0.008,0.277,16700,2019-10-21 22:45:00
1121757,1121757,5679,2019-10-21 23:00:00-05,0.007,0.426,16701,2019-10-21 23:00:00
1121758,1121758,5679,2019-10-21 23:15:00-05,0.008,0.326,16702,2019-10-21 23:15:00
1121759,1121759,5679,2019-10-21 23:30:00-05,0.008,0.255,16703,2019-10-21 23:30:00
1121760,1121760,5679,2019-10-21 23:45:00-05,0.008,0.249,16704,2019-10-21 23:45:00
1121761,1121761,5679,2019-10-22 00:00:00-05,0.007,0.353,16705,2019-10-22 00:00:00
1121762,1121762,5679,2019-10-22 00:15:00-05,0.008,0.36,16706,2019-10-22 00:15:00
1121763,1121763,5679,2019-10-22 00:30:00-05,0.007,0.445,16707,2019-10-22 00:30:00
1121764,1121764,5679,2019-10-22 00:45:00-05,0.007,0.447,16708,2019-10-22 00:45:00
1121765,1121765,5679,2019-10-22 01:00:00-05,0.008,0.277,16709,2019-10-22 01:00:00
1121766,1121766,5679,2019-10-22 01:15:00-05,0.008,0.325,16710,2019-10-22 01:15:00
1121767,1121767,5679,2019-10-22 01:30:00-05,0.007,0.336,16711,2019-10-22 01:30:00
1121768,1121768,5679,2019-10-22 01:45:00-05,0.007,0.427,16712,2019-10-22 01:45:00
1121769,1121769,5679,2019-10-22 02:00:00-05,0.008,0.313,16713,2019-10-22 02:00:00
1121770,1121770,5679,2019-10-22 02:15:00-05,0.008,0.265,16714,2019-10-22 02:15:00
1121771,1121771,5679,2019-10-22 02:30:00-05,0.008,0.291,16715,2019-10-22 02:30:00
1121772,1121772,5679,2019-10-22 02:45:00-05,0.007,0.389,16716,2019-10-22 02:45:00
1121773,1121773,5679,2019-10-22 03:00:00-05,0.008,0.31,16717,2019-10-22 03:00:00
1121774,1121774,5679,2019-10-22 03:15:00-05,0.007,0.453,16718,2019-10-22 03:15:00
1121775,1121775,5679,2019-10-22 03:30:00-05,0.007,0.448,16719,2019-10-22 03:30:00
1121776,1121776,5679,2019-10-22 03:45:00-05,0.007,0.395,16720,2019-10-22 03:45:00
1121777,1121777,5679,2019-10-22 04:00:00-05,0.007,0.492,16721,2019-10-22 04:00:00
1121778,1121778,5679,2019-10-22 04:15:00-05,0.007,0.426,16722,2019-10-22 04:15:00
1121779,1121779,5679,2019-10-22 04:30:00-05,0.008,0.441,16723,2019-10-22 04:30:00
1121780,1121780,5679,2019-10-22 04:45:00-05,0.007,0.519,16724,2019-10-22 04:45:00
1121781,1121781,5679,2019-10-22 05:00:00-05,0.007,0.365,16725,2019-10-22 05:00:00
1121782,1121782,5679,2019-10-22 05:15:00-05,0.007,0.392,16726,2019-10-22 05:15:00
1121783,1121783,5679,2019-10-22 05:30:00-05,0.007,1.021,16727,2019-10-22 05:30:00
1121784,1121784,5679,2019-10-22 05:45:00-05,0.007,0.337,16728,2019-10-22 05:45:00
1121785,1121785,5679,2019-10-22 06:00:00-05,0.007,0.986,16729,2019-10-22 06:00:00
1121786,1121786,5679,2019-10-22 06:15:00-05,0.007,0.841,16730,2019-10-22 06:15:00
1121787,1121787,5679,2019-10-22 06:30:00-05,0.007,0.889,16731,2019-10-22 06:30:00
1121788,1121788,5679,2019-10-22 06:45:00-05,0.012,0.937,16732,2019-10-22 06:45:00
1121789,1121789,5679,2019-10-22 07:00:00-05,0.021,1.274,16733,2019-10-22 07:00:00
1121790,1121790,5679,2019-10-22 07:15:00-05,0.039,4.659,16734,2019-10-22 07:15:00
1121791,1121791,5679,2019-10-22 07:30:00-05,0.076,4.38,16735,2019-10-22 07:30:00
1121792,1121792,5679,2019-10-22 07:45:00-05,0.101,2.951,16736,2019-10-22 07:45:00
1121793,1121793,5679,2019-10-22 08:00:00-05,0.088,2.1,16737,2019-10-22 08:00:00
1121794,1121794,5679,2019-10-22 08:15:00-05,0.071,0.866,16738,2019-10-22 08:15:00
1121795,1121795,5679,2019-10-22 08:30:00-05,0.109,1.63,16739,2019-10-22 08:30:00
1121796,1121796,5679,2019-10-22 08:45:00-05,0.125,1.604,16740,2019-10-22 08:45:00
1121797,1121797,5679,2019-10-22 09:00:00-05,0.116,1.449,16741,2019-10-22 09:00:00
1121798,1121798,5679,2019-10-22 09:15:00-05,0.089,1.098,16742,2019-10-22 09:15:00
1121799,1121799,5679,2019-10-22 09:30:00-05,0.075,0.772,16743,2019-10-22 09:30:00
1121800,1121800,5679,2019-10-22 09:45:00-05,0.088,0.346,16744,2019-10-22 09:45:00
1121801,1121801,5679,2019-10-22 10:00:00-05,0.164,0.627,16745,2019-10-22 10:00:00
1121802,1121802,5679,2019-10-22 10:15:00-05,0.254,3.283,16746,2019-10-22 10:15:00
1121803,1121803,5679,2019-10-22 10:30:00-05,0.47,3.773,16747,2019-10-22 10:30:00
1121804,1121804,5679,2019-10-22 10:45:00-05,0.276,3.63,16748,2019-10-22 10:45:00
1121805,1121805,5679,2019-10-22 11:00:00-05,0.223,2.652,16749,2019-10-22 11:00:00
1121806,1121806,5679,2019-10-22 11:15:00-05,0.233,0.269,16750,2019-10-22 11:15:00
1121807,1121807,5679,2019-10-22 11:30:00-05,0.172,2.57,16751,2019-10-22 11:30:00
1121808,1121808,5679,2019-10-22 11:45:00-05,0.25,0.573,16752,2019-10-22 11:45:00
1121809,1121809,5679,2019-10-22 12:00:00-05,0.281,0.197,16753,2019-10-22 12:00:00
1121810,1121810,5679,2019-10-22 12:15:00-05,0.237,0.216,16754,2019-10-22 12:15:00
1121811,1121811,5679,2019-10-22 12:30:00-05,0.212,0.304,16755,2019-10-22 12:30:00
1121812,1121812,5679,2019-10-22 12:45:00-05,0.232,0.362,16756,2019-10-22 12:45:00
1121813,1121813,5679,2019-10-22 13:00:00-05,0.171,0.406,16757,2019-10-22 13:00:00
1121814,1121814,5679,2019-10-22 13:15:00-05,0.123,0.46,16758,2019-10-22 13:15:00
1121815,1121815,5679,2019-10-22 13:30:00-05,0.039,0.431,16759,2019-10-22 13:30:00
1121816,1121816,5679,2019-10-22 13:45:00-05,0.046,4.819,16760,2019-10-22 13:45:00
1121817,1121817,5679,2019-10-22 14:00:00-05,0.034,10.516,16761,2019-10-22 14:00:00
1121818,1121818,5679,2019-10-22 14:15:00-05,0.066,8.891,16762,2019-10-22 14:15:00
1121819,1121819,5679,2019-10-22 14:30:00-05,0.074,9.003,16763,2019-10-22 14:30:00
1121820,1121820,5679,2019-10-22 14:45:00-05,0.08,8.557,16764,2019-10-22 14:45:00
1121821,1121821,5679,2019-10-22 15:00:00-05,0.036,7.817,16765,2019-10-22 15:00:00
1121822,1121822,5679,2019-10-22 15:15:00-05,0.032,4.093,16766,2019-10-22 15:15:00
1121823,1121823,5679,2019-10-22 15:30:00-05,0.079,2.975,16767,2019-10-22 15:30:00
1121824,1121824,5679,2019-10-22 15:45:00-05,0.043,2.62,16768,2019-10-22 15:45:00
1121825,1121825,5679,2019-10-22 16:00:00-05,0.031,0.964,16769,2019-10-22 16:00:00
1121826,1121826,5679,2019-10-22 16:15:00-05,0.026,0.913,16770,2019-10-22 16:15:00
1121827,1121827,5679,2019-10-22 16:30:00-05,0.014,0.396,16771,2019-10-22 16:30:00
1121828,1121828,5679,2019-10-22 16:45:00-05,0.007,0.491,16772,2019-10-22 16:45:00
1121829,1121829,5679,2019-10-22 17:00:00-05,0.007,0.576,16773,2019-10-22 17:00:00
1121830,1121830,5679,2019-10-22 17:15:00-05,0.004,3.136,16774,2019-10-22 17:15:00
1121831,1121831,5679,2019-10-22 17:30:00-05,0.004,2.545,16775,2019-10-22 17:30:00
1121832,1121832,5679,2019-10-22 17:45:00-05,0.004,2.57,16776,2019-10-22 17:45:00
1121833,1121833,5679,2019-10-22 18:00:00-05,0.006,1.914,16777,2019-10-22 18:00:00
1121834,1121834,5679,2019-10-22 18:15:00-05,0.006,1.169,16778,2019-10-22 18:15:00
1121835,1121835,5679,2019-10-22 18:30:00-05,0.006,1.545,16779,2019-10-22 18:30:00
1121836,1121836,5679,2019-10-22 18:45:00-05,0.006,1.343,16780,2019-10-22 18:45:00
1121837,1121837,5679,2019-10-22 19:00:00-05,0.007,0.876,16781,2019-10-22 19:00:00
1121838,1121838,5679,2019-10-22 19:15:00-05,0.007,0.626,16782,2019-10-22 19:15:00
1121839,1121839,5679,2019-10-22 19:30:00-05,0.007,0.562,16783,2019-10-22 19:30:00
1121840,1121840,5679,2019-10-22 19:45:00-05,0.007,0.84,16784,2019-10-22 19:45:00
1121841,1121841,5679,2019-10-22 20:00:00-05,0.007,0.538,16785,2019-10-22 20:00:00
1121842,1121842,5679,2019-10-22 20:15:00-05,0.007,0.391,16786,2019-10-22 20:15:00
1121843,1121843,5679,2019-10-22 20:30:00-05,0.007,0.408,16787,2019-10-22 20:30:00
1121844,1121844,5679,2019-10-22 20:45:00-05,0.008,0.364,16788,2019-10-22 20:45:00
1121845,1121845,5679,2019-10-22 21:00:00-05,0.008,0.317,16789,2019-10-22 21:00:00
1121846,1121846,5679,2019-10-22 21:15:00-05,0.008,0.355,16790,2019-10-22 21:15:00
1121847,1121847,5679,2019-10-22 21:30:00-05,0.008,0.225,16791,2019-10-22 21:30:00
1121848,1121848,5679,2019-10-22 21:45:00-05,0.008,0.252,16792,2019-10-22 21:45:00
1121849,1121849,5679,2019-10-22 22:00:00-05,0.008,0.435,16793,2019-10-22 22:00:00
1121850,1121850,5679,2019-10-22 22:15:00-05,0.008,0.391,16794,2019-10-22 22:15:00
1121851,1121851,5679,2019-10-22 22:30:00-05,0.007,0.384,16795,2019-10-22 22:30:00
1121852,1121852,5679,2019-10-22 22:45:00-05,0.008,0.271,16796,2019-10-22 22:45:00
1121853,1121853,5679,2019-10-22 23:00:00-05,0.007,0.437,16797,2019-10-22 23:00:00
1121854,1121854,5679,2019-10-22 23:15:00-05,0.008,0.215,16798,2019-10-22 23:15:00
1121855,1121855,5679,2019-10-22 23:30:00-05,0.008,0.268,16799,2019-10-22 23:30:00
1121856,1121856,5679,2019-10-22 23:45:00-05,0.008,0.368,16800,2019-10-22 23:45:00
1121857,1121857,5679,2019-10-23 00:00:00-05,0.008,0.274,16801,2019-10-23 00:00:00
1121858,1121858,5679,2019-10-23 00:15:00-05,0.008,0.302,16802,2019-10-23 00:15:00
1121859,1121859,5679,2019-10-23 00:30:00-05,0.008,0.332,16803,2019-10-23 00:30:00
1121860,1121860,5679,2019-10-23 00:45:00-05,0.008,0.272,16804,2019-10-23 00:45:00
1121861,1121861,5679,2019-10-23 01:00:00-05,0.008,0.359,16805,2019-10-23 01:00:00
1121862,1121862,5679,2019-10-23 01:15:00-05,0.008,0.273,16806,2019-10-23 01:15:00
1121863,1121863,5679,2019-10-23 01:30:00-05,0.008,0.299,16807,2019-10-23 01:30:00
1121864,1121864,5679,2019-10-23 01:45:00-05,0.008,0.335,16808,2019-10-23 01:45:00
1121865,1121865,5679,2019-10-23 02:00:00-05,0.008,0.269,16809,2019-10-23 02:00:00
1121866,1121866,5679,2019-10-23 02:15:00-05,0.008,0.292,16810,2019-10-23 02:15:00
1121867,1121867,5679,2019-10-23 02:30:00-05,0.008,0.277,16811,2019-10-23 02:30:00
1121868,1121868,5679,2019-10-23 02:45:00-05,0.008,0.285,16812,2019-10-23 02:45:00
1121869,1121869,5679,2019-10-23 03:00:00-05,0.008,0.218,16813,2019-10-23 03:00:00
1121870,1121870,5679,2019-10-23 03:15:00-05,0.008,0.164,16814,2019-10-23 03:15:00
1121871,1121871,5679,2019-10-23 03:30:00-05,0.008,0.393,16815,2019-10-23 03:30:00
1121872,1121872,5679,2019-10-23 03:45:00-05,0.008,0.304,16816,2019-10-23 03:45:00
1121873,1121873,5679,2019-10-23 04:00:00-05,0.008,0.244,16817,2019-10-23 04:00:00
1121874,1121874,5679,2019-10-23 04:15:00-05,0.008,0.262,16818,2019-10-23 04:15:00
1121875,1121875,5679,2019-10-23 04:30:00-05,0.008,0.235,16819,2019-10-23 04:30:00
1121876,1121876,5679,2019-10-23 04:45:00-05,0.008,0.279,16820,2019-10-23 04:45:00
1121877,1121877,5679,2019-10-23 05:00:00-05,0.008,0.374,16821,2019-10-23 05:00:00
1121878,1121878,5679,2019-10-23 05:15:00-05,0.008,0.272,16822,2019-10-23 05:15:00
1121879,1121879,5679,2019-10-23 05:30:00-05,0.008,0.329,16823,2019-10-23 05:30:00
1121880,1121880,5679,2019-10-23 05:45:00-05,0.006,1.317,16824,2019-10-23 05:45:00
1121881,1121881,5679,2019-10-23 06:00:00-05,0.007,0.917,16825,2019-10-23 06:00:00
1121882,1121882,5679,2019-10-23 06:15:00-05,0.008,1.014,16826,2019-10-23 06:15:00
1121883,1121883,5679,2019-10-23 06:30:00-05,0.022,2.176,16827,2019-10-23 06:30:00
1121884,1121884,5679,2019-10-23 06:45:00-05,0.05,1.063,16828,2019-10-23 06:45:00
1121885,1121885,5679,2019-10-23 07:00:00-05,0.074,0.434,16829,2019-10-23 07:00:00
1121886,1121886,5679,2019-10-23 07:15:00-05,0.1,0.604,16830,2019-10-23 07:15:00
1121887,1121887,5679,2019-10-23 07:30:00-05,0.13,1.581,16831,2019-10-23 07:30:00
1121888,1121888,5679,2019-10-23 07:45:00-05,0.164,1.821,16832,2019-10-23 07:45:00
1121889,1121889,5679,2019-10-23 08:00:00-05,0.201,1.895,16833,2019-10-23 08:00:00
1121890,1121890,5679,2019-10-23 08:15:00-05,0.252,1.574,16834,2019-10-23 08:15:00
1121891,1121891,5679,2019-10-23 08:30:00-05,0.328,1.461,16835,2019-10-23 08:30:00
1121892,1121892,5679,2019-10-23 08:45:00-05,0.32,0.567,16836,2019-10-23 08:45:00
1121893,1121893,5679,2019-10-23 09:00:00-05,0.369,-0.024,16837,2019-10-23 09:00:00
1121894,1121894,5679,2019-10-23 09:15:00-05,0.442,0.813,16838,2019-10-23 09:15:00
1121895,1121895,5679,2019-10-23 09:30:00-05,0.362,6.287,16839,2019-10-23 09:30:00
1121896,1121896,5679,2019-10-23 09:45:00-05,0.358,7.943,16840,2019-10-23 09:45:00
1121897,1121897,5679,2019-10-23 10:00:00-05,0.678,6.177,16841,2019-10-23 10:00:00
1121898,1121898,5679,2019-10-23 10:15:00-05,1.382,-0.423,16842,2019-10-23 10:15:00
1121899,1121899,5679,2019-10-23 10:30:00-05,2.306,-1.608,16843,2019-10-23 10:30:00
1121900,1121900,5679,2019-10-23 10:45:00-05,2.937,-1.971,16844,2019-10-23 10:45:00
1121901,1121901,5679,2019-10-23 11:00:00-05,2.99,-1.95,16845,2019-10-23 11:00:00
1121902,1121902,5679,2019-10-23 11:15:00-05,2.902,-2.416,16846,2019-10-23 11:15:00
1121903,1121903,5679,2019-10-23 11:30:00-05,3.478,-3.078,16847,2019-10-23 11:30:00
1121904,1121904,5679,2019-10-23 11:45:00-05,2.137,-1.11,16848,2019-10-23 11:45:00
1121905,1121905,5679,2019-10-23 12:00:00-05,3.139,-2.512,16849,2019-10-23 12:00:00
1121906,1121906,5679,2019-10-23 12:15:00-05,2.9,-2.32,16850,2019-10-23 12:15:00
1121907,1121907,5679,2019-10-23 12:30:00-05,2.648,-2.061,16851,2019-10-23 12:30:00
1121908,1121908,5679,2019-10-23 12:45:00-05,2.597,-2.122,16852,2019-10-23 12:45:00
1121909,1121909,5679,2019-10-23 13:00:00-05,1.083,-0.488,16853,2019-10-23 13:00:00
1121910,1121910,5679,2019-10-23 13:15:00-05,0.992,-0.389,16854,2019-10-23 13:15:00
1121911,1121911,5679,2019-10-23 13:30:00-05,2.354,-2.009,16855,2019-10-23 13:30:00
1121912,1121912,5679,2019-10-23 13:45:00-05,2.691,-2.213,16856,2019-10-23 13:45:00
1121913,1121913,5679,2019-10-23 14:00:00-05,1.733,-1.355,16857,2019-10-23 14:00:00
1121914,1121914,5679,2019-10-23 14:15:00-05,2.325,-1.891,16858,2019-10-23 14:15:00
1121915,1121915,5679,2019-10-23 14:30:00-05,1.877,-1.495,16859,2019-10-23 14:30:00
1121916,1121916,5679,2019-10-23 14:45:00-05,1.524,-1.158,16860,2019-10-23 14:45:00
1121917,1121917,5679,2019-10-23 15:00:00-05,1.278,1.318,16861,2019-10-23 15:00:00
1121918,1121918,5679,2019-10-23 15:15:00-05,0.991,6.499,16862,2019-10-23 15:15:00
1121919,1121919,5679,2019-10-23 15:30:00-05,0.77,6.817,16863,2019-10-23 15:30:00
1121920,1121920,5679,2019-10-23 15:45:00-05,0.615,7.022,16864,2019-10-23 15:45:00
1121921,1121921,5679,2019-10-23 16:00:00-05,0.348,7.527,16865,2019-10-23 16:00:00
1121922,1121922,5679,2019-10-23 16:15:00-05,0.143,7.966,16866,2019-10-23 16:15:00
1121923,1121923,5679,2019-10-23 16:30:00-05,0.078,5.897,16867,2019-10-23 16:30:00
1121924,1121924,5679,2019-10-23 16:45:00-05,0.049,0.719,16868,2019-10-23 16:45:00
1121925,1121925,5679,2019-10-23 17:00:00-05,0.016,0.683,16869,2019-10-23 17:00:00
1121926,1121926,5679,2019-10-23 17:15:00-05,0.006,0.711,16870,2019-10-23 17:15:00
1121927,1121927,5679,2019-10-23 17:30:00-05,0.006,0.666,16871,2019-10-23 17:30:00
1121928,1121928,5679,2019-10-23 17:45:00-05,0.006,0.766,16872,2019-10-23 17:45:00
1121929,1121929,5679,2019-10-23 18:00:00-05,0.005,1.644,16873,2019-10-23 18:00:00
1121930,1121930,5679,2019-10-23 18:15:00-05,0.005,2.315,16874,2019-10-23 18:15:00
1121931,1121931,5679,2019-10-23 18:30:00-05,0.005,2.108,16875,2019-10-23 18:30:00
1121932,1121932,5679,2019-10-23 18:45:00-05,0.006,1.766,16876,2019-10-23 18:45:00
1121933,1121933,5679,2019-10-23 19:00:00-05,0.006,1.393,16877,2019-10-23 19:00:00
1121934,1121934,5679,2019-10-23 19:15:00-05,0.006,1.44,16878,2019-10-23 19:15:00
1121935,1121935,5679,2019-10-23 19:30:00-05,0.006,1.668,16879,2019-10-23 19:30:00
1121936,1121936,5679,2019-10-23 19:45:00-05,0.006,1.801,16880,2019-10-23 19:45:00
1121937,1121937,5679,2019-10-23 20:00:00-05,0.006,1.835,16881,2019-10-23 20:00:00
1121938,1121938,5679,2019-10-23 20:15:00-05,0.007,0.704,16882,2019-10-23 20:15:00
1121939,1121939,5679,2019-10-23 20:30:00-05,0.007,0.717,16883,2019-10-23 20:30:00
1121940,1121940,5679,2019-10-23 20:45:00-05,0.007,0.566,16884,2019-10-23 20:45:00
1121941,1121941,5679,2019-10-23 21:00:00-05,0.007,0.607,16885,2019-10-23 21:00:00
1121942,1121942,5679,2019-10-23 21:15:00-05,0.007,0.434,16886,2019-10-23 21:15:00
1121943,1121943,5679,2019-10-23 21:30:00-05,0.008,0.358,16887,2019-10-23 21:30:00
1121944,1121944,5679,2019-10-23 21:45:00-05,0.008,0.424,16888,2019-10-23 21:45:00
1121945,1121945,5679,2019-10-23 22:00:00-05,0.008,0.398,16889,2019-10-23 22:00:00
1121946,1121946,5679,2019-10-23 22:15:00-05,0.008,0.424,16890,2019-10-23 22:15:00
1121947,1121947,5679,2019-10-23 22:30:00-05,0.008,0.281,16891,2019-10-23 22:30:00
1121948,1121948,5679,2019-10-23 22:45:00-05,0.008,0.179,16892,2019-10-23 22:45:00
1121949,1121949,5679,2019-10-23 23:00:00-05,0.008,0.251,16893,2019-10-23 23:00:00
1121950,1121950,5679,2019-10-23 23:15:00-05,0.008,0.204,16894,2019-10-23 23:15:00
1121951,1121951,5679,2019-10-23 23:30:00-05,0.008,0.318,16895,2019-10-23 23:30:00
1121952,1121952,5679,2019-10-23 23:45:00-05,0.008,0.335,16896,2019-10-23 23:45:00
1121953,1121953,5679,2019-10-24 00:00:00-05,0.008,0.282,16897,2019-10-24 00:00:00
1121954,1121954,5679,2019-10-24 00:15:00-05,0.008,0.359,16898,2019-10-24 00:15:00
1121955,1121955,5679,2019-10-24 00:30:00-05,0.008,0.28,16899,2019-10-24 00:30:00
1121956,1121956,5679,2019-10-24 00:45:00-05,0.008,0.32,16900,2019-10-24 00:45:00
1121957,1121957,5679,2019-10-24 01:00:00-05,0.008,0.311,16901,2019-10-24 01:00:00
1121958,1121958,5679,2019-10-24 01:15:00-05,0.008,0.274,16902,2019-10-24 01:15:00
1121959,1121959,5679,2019-10-24 01:30:00-05,0.008,0.46,16903,2019-10-24 01:30:00
1121960,1121960,5679,2019-10-24 01:45:00-05,0.008,0.384,16904,2019-10-24 01:45:00
1121961,1121961,5679,2019-10-24 02:00:00-05,0.008,0.264,16905,2019-10-24 02:00:00
1121962,1121962,5679,2019-10-24 02:15:00-05,0.008,0.192,16906,2019-10-24 02:15:00
1121963,1121963,5679,2019-10-24 02:30:00-05,0.008,0.17,16907,2019-10-24 02:30:00
1121964,1121964,5679,2019-10-24 02:45:00-05,0.008,0.243,16908,2019-10-24 02:45:00
1121965,1121965,5679,2019-10-24 03:00:00-05,0.008,0.163,16909,2019-10-24 03:00:00
1121966,1121966,5679,2019-10-24 03:15:00-05,0.008,0.19,16910,2019-10-24 03:15:00
1121967,1121967,5679,2019-10-24 03:30:00-05,0.008,0.209,16911,2019-10-24 03:30:00
1121968,1121968,5679,2019-10-24 03:45:00-05,0.008,0.164,16912,2019-10-24 03:45:00
1121969,1121969,5679,2019-10-24 04:00:00-05,0.008,0.236,16913,2019-10-24 04:00:00
1121970,1121970,5679,2019-10-24 04:15:00-05,0.008,0.168,16914,2019-10-24 04:15:00
1121971,1121971,5679,2019-10-24 04:30:00-05,0.008,0.267,16915,2019-10-24 04:30:00
1121972,1121972,5679,2019-10-24 04:45:00-05,0.008,0.346,16916,2019-10-24 04:45:00
1121973,1121973,5679,2019-10-24 05:00:00-05,0.007,1.177,16917,2019-10-24 05:00:00
1121974,1121974,5679,2019-10-24 05:15:00-05,0.008,0.667,16918,2019-10-24 05:15:00
1121975,1121975,5679,2019-10-24 05:30:00-05,0.008,0.64,16919,2019-10-24 05:30:00
1121976,1121976,5679,2019-10-24 05:45:00-05,0.006,1.433,16920,2019-10-24 05:45:00
1121977,1121977,5679,2019-10-24 06:00:00-05,0.007,1.245,16921,2019-10-24 06:00:00
1121978,1121978,5679,2019-10-24 06:15:00-05,0.008,1.606,16922,2019-10-24 06:15:00
1121979,1121979,5679,2019-10-24 06:30:00-05,0.051,2.054,16923,2019-10-24 06:30:00
1121980,1121980,5679,2019-10-24 06:45:00-05,0.096,2.021,16924,2019-10-24 06:45:00
1121981,1121981,5679,2019-10-24 07:00:00-05,0.133,1.724,16925,2019-10-24 07:00:00
1121982,1121982,5679,2019-10-24 07:15:00-05,0.192,1.608,16926,2019-10-24 07:15:00
1121983,1121983,5679,2019-10-24 07:30:00-05,0.378,0.448,16927,2019-10-24 07:30:00
1121984,1121984,5679,2019-10-24 07:45:00-05,0.395,0.461,16928,2019-10-24 07:45:00
1121985,1121985,5679,2019-10-24 08:00:00-05,0.369,1.269,16929,2019-10-24 08:00:00
1121986,1121986,5679,2019-10-24 08:15:00-05,0.38,1.41,16930,2019-10-24 08:15:00
1121987,1121987,5679,2019-10-24 08:30:00-05,0.659,0.847,16931,2019-10-24 08:30:00
1121988,1121988,5679,2019-10-24 08:45:00-05,0.432,0.977,16932,2019-10-24 08:45:00
1121989,1121989,5679,2019-10-24 09:00:00-05,0.381,0.486,16933,2019-10-24 09:00:00
1121990,1121990,5679,2019-10-24 09:15:00-05,0.429,-0.044,16934,2019-10-24 09:15:00
1121991,1121991,5679,2019-10-24 09:30:00-05,0.48,0.696,16935,2019-10-24 09:30:00
1121992,1121992,5679,2019-10-24 09:45:00-05,0.576,0.454,16936,2019-10-24 09:45:00
1121993,1121993,5679,2019-10-24 10:00:00-05,0.852,0.109,16937,2019-10-24 10:00:00
1121994,1121994,5679,2019-10-24 10:15:00-05,1.598,-1.199,16938,2019-10-24 10:15:00
1121995,1121995,5679,2019-10-24 10:30:00-05,2.554,-1.737,16939,2019-10-24 10:30:00
1121996,1121996,5679,2019-10-24 10:45:00-05,1.15,-0.584,16940,2019-10-24 10:45:00
1121997,1121997,5679,2019-10-24 11:00:00-05,1.312,-0.812,16941,2019-10-24 11:00:00
1121998,1121998,5679,2019-10-24 11:15:00-05,0.788,-0.113,16942,2019-10-24 11:15:00
1121999,1121999,5679,2019-10-24 11:30:00-05,0.659,-0.042,16943,2019-10-24 11:30:00
1122000,1122000,5679,2019-10-24 11:45:00-05,0.606,0.152,16944,2019-10-24 11:45:00
1122001,1122001,5679,2019-10-24 12:00:00-05,0.546,1.016,16945,2019-10-24 12:00:00
1122002,1122002,5679,2019-10-24 12:15:00-05,0.655,-0.014,16946,2019-10-24 12:15:00
1122003,1122003,5679,2019-10-24 12:30:00-05,0.829,-0.109,16947,2019-10-24 12:30:00
1122004,1122004,5679,2019-10-24 12:45:00-05,1.417,-0.794,16948,2019-10-24 12:45:00
1122005,1122005,5679,2019-10-24 13:00:00-05,2.352,-1.852,16949,2019-10-24 13:00:00
1122006,1122006,5679,2019-10-24 13:15:00-05,1.731,-1.312,16950,2019-10-24 13:15:00
1122007,1122007,5679,2019-10-24 13:30:00-05,1.68,-1.302,16951,2019-10-24 13:30:00
1122008,1122008,5679,2019-10-24 13:45:00-05,1.823,-1.406,16952,2019-10-24 13:45:00
1122009,1122009,5679,2019-10-24 14:00:00-05,1.603,-1.096,16953,2019-10-24 14:00:00
1122010,1122010,5679,2019-10-24 14:15:00-05,1.845,-1.392,16954,2019-10-24 14:15:00
1122011,1122011,5679,2019-10-24 14:30:00-05,1.639,-1.268,16955,2019-10-24 14:30:00
1122012,1122012,5679,2019-10-24 14:45:00-05,1.361,-0.982,16956,2019-10-24 14:45:00
1122013,1122013,5679,2019-10-24 15:00:00-05,0.625,-0.189,16957,2019-10-24 15:00:00
1122014,1122014,5679,2019-10-24 15:15:00-05,0.799,-0.262,16958,2019-10-24 15:15:00
1122015,1122015,5679,2019-10-24 15:30:00-05,0.625,-0.146,16959,2019-10-24 15:30:00
1122016,1122016,5679,2019-10-24 15:45:00-05,0.344,0.122,16960,2019-10-24 15:45:00
1122017,1122017,5679,2019-10-24 16:00:00-05,0.114,0.689,16961,2019-10-24 16:00:00
1122018,1122018,5679,2019-10-24 16:15:00-05,0.127,0.813,16962,2019-10-24 16:15:00
1122019,1122019,5679,2019-10-24 16:30:00-05,0.09,0.455,16963,2019-10-24 16:30:00
1122020,1122020,5679,2019-10-24 16:45:00-05,0.031,0.499,16964,2019-10-24 16:45:00
1122021,1122021,5679,2019-10-24 17:00:00-05,0.008,0.982,16965,2019-10-24 17:00:00
1122022,1122022,5679,2019-10-24 17:15:00-05,0.001,6.018,16966,2019-10-24 17:15:00
1122023,1122023,5679,2019-10-24 17:30:00-05,-0.001,8.208,16967,2019-10-24 17:30:00
1122024,1122024,5679,2019-10-24 17:45:00-05,-0.002,8.108,16968,2019-10-24 17:45:00
1122025,1122025,5679,2019-10-24 18:00:00-05,-0.002,8.291,16969,2019-10-24 18:00:00
1122026,1122026,5679,2019-10-24 18:15:00-05,0.004,2.938,16970,2019-10-24 18:15:00
1122027,1122027,5679,2019-10-24 18:30:00-05,0.006,0.643,16971,2019-10-24 18:30:00
1122028,1122028,5679,2019-10-24 18:45:00-05,0.006,0.737,16972,2019-10-24 18:45:00
1122029,1122029,5679,2019-10-24 19:00:00-05,0.007,0.657,16973,2019-10-24 19:00:00
1122030,1122030,5679,2019-10-24 19:15:00-05,0.007,0.626,16974,2019-10-24 19:15:00
1122031,1122031,5679,2019-10-24 19:30:00-05,0.007,0.681,16975,2019-10-24 19:30:00
1122032,1122032,5679,2019-10-24 19:45:00-05,0.007,0.803,16976,2019-10-24 19:45:00
1122033,1122033,5679,2019-10-24 20:00:00-05,0.007,0.538,16977,2019-10-24 20:00:00
1122034,1122034,5679,2019-10-24 20:15:00-05,0.007,0.525,16978,2019-10-24 20:15:00
1122035,1122035,5679,2019-10-24 20:30:00-05,0.007,0.595,16979,2019-10-24 20:30:00
1122036,1122036,5679,2019-10-24 20:45:00-05,0.007,0.482,16980,2019-10-24 20:45:00
1122037,1122037,5679,2019-10-24 21:00:00-05,0.007,0.356,16981,2019-10-24 21:00:00
1122038,1122038,5679,2019-10-24 21:15:00-05,0.008,0.328,16982,2019-10-24 21:15:00
1122039,1122039,5679,2019-10-24 21:30:00-05,0.007,0.29,16983,2019-10-24 21:30:00
1122040,1122040,5679,2019-10-24 21:45:00-05,0.008,0.239,16984,2019-10-24 21:45:00
1122041,1122041,5679,2019-10-24 22:00:00-05,0.008,0.17,16985,2019-10-24 22:00:00
1122042,1122042,5679,2019-10-24 22:15:00-05,0.008,0.235,16986,2019-10-24 22:15:00
1122043,1122043,5679,2019-10-24 22:30:00-05,0.007,0.306,16987,2019-10-24 22:30:00
1122044,1122044,5679,2019-10-24 22:45:00-05,0.007,0.379,16988,2019-10-24 22:45:00
1122045,1122045,5679,2019-10-24 23:00:00-05,0.008,0.284,16989,2019-10-24 23:00:00
1122046,1122046,5679,2019-10-24 23:15:00-05,0.008,0.278,16990,2019-10-24 23:15:00
1122047,1122047,5679,2019-10-24 23:30:00-05,0.007,0.338,16991,2019-10-24 23:30:00
1122048,1122048,5679,2019-10-24 23:45:00-05,0.007,0.342,16992,2019-10-24 23:45:00
1122049,1122049,5679,2019-10-25 00:00:00-05,0.008,0.272,16993,2019-10-25 00:00:00
1122050,1122050,5679,2019-10-25 00:15:00-05,0.008,0.274,16994,2019-10-25 00:15:00
1122051,1122051,5679,2019-10-25 00:30:00-05,0.007,0.394,16995,2019-10-25 00:30:00
1122052,1122052,5679,2019-10-25 00:45:00-05,0.008,0.261,16996,2019-10-25 00:45:00
1122053,1122053,5679,2019-10-25 01:00:00-05,0.008,0.166,16997,2019-10-25 01:00:00
1122054,1122054,5679,2019-10-25 01:15:00-05,0.008,0.239,16998,2019-10-25 01:15:00
1122055,1122055,5679,2019-10-25 01:30:00-05,0.008,0.331,16999,2019-10-25 01:30:00
1122056,1122056,5679,2019-10-25 01:45:00-05,0.008,0.282,17000,2019-10-25 01:45:00
1122057,1122057,5679,2019-10-25 02:00:00-05,0.008,0.188,17001,2019-10-25 02:00:00
1122058,1122058,5679,2019-10-25 02:15:00-05,0.008,0.171,17002,2019-10-25 02:15:00
1122059,1122059,5679,2019-10-25 02:30:00-05,0.008,0.279,17003,2019-10-25 02:30:00
1122060,1122060,5679,2019-10-25 02:45:00-05,0.008,0.167,17004,2019-10-25 02:45:00
1122061,1122061,5679,2019-10-25 03:00:00-05,0.008,0.165,17005,2019-10-25 03:00:00
1122062,1122062,5679,2019-10-25 03:15:00-05,0.008,0.165,17006,2019-10-25 03:15:00
1122063,1122063,5679,2019-10-25 03:30:00-05,0.008,0.331,17007,2019-10-25 03:30:00
1122064,1122064,5679,2019-10-25 03:45:00-05,0.008,0.328,17008,2019-10-25 03:45:00
1122065,1122065,5679,2019-10-25 04:00:00-05,0.008,0.276,17009,2019-10-25 04:00:00
1122066,1122066,5679,2019-10-25 04:15:00-05,0.008,0.28,17010,2019-10-25 04:15:00
1122067,1122067,5679,2019-10-25 04:30:00-05,0.008,0.382,17011,2019-10-25 04:30:00
1122068,1122068,5679,2019-10-25 04:45:00-05,0.008,0.304,17012,2019-10-25 04:45:00
1122069,1122069,5679,2019-10-25 05:00:00-05,0.008,0.279,17013,2019-10-25 05:00:00
1122070,1122070,5679,2019-10-25 05:15:00-05,0.007,0.824,17014,2019-10-25 05:15:00
1122071,1122071,5679,2019-10-25 05:30:00-05,0.007,1.05,17015,2019-10-25 05:30:00
1122072,1122072,5679,2019-10-25 05:45:00-05,0.007,0.717,17016,2019-10-25 05:45:00
1122073,1122073,5679,2019-10-25 06:00:00-05,0.006,1.645,17017,2019-10-25 06:00:00
1122074,1122074,5679,2019-10-25 06:15:00-05,0.007,0.645,17018,2019-10-25 06:15:00
1122075,1122075,5679,2019-10-25 06:30:00-05,0.008,0.465,17019,2019-10-25 06:30:00
1122076,1122076,5679,2019-10-25 06:45:00-05,0.007,1.724,17020,2019-10-25 06:45:00
1122077,1122077,5679,2019-10-25 07:00:00-05,0.017,1.112,17021,2019-10-25 07:00:00
1122078,1122078,5679,2019-10-25 07:15:00-05,0.032,1.66,17022,2019-10-25 07:15:00
1122079,1122079,5679,2019-10-25 07:30:00-05,0.041,1.688,17023,2019-10-25 07:30:00
1122080,1122080,5679,2019-10-25 07:45:00-05,0.099,1.324,17024,2019-10-25 07:45:00
1122081,1122081,5679,2019-10-25 08:00:00-05,0.231,0.967,17025,2019-10-25 08:00:00
1122082,1122082,5679,2019-10-25 08:15:00-05,0.282,0.481,17026,2019-10-25 08:15:00
1122083,1122083,5679,2019-10-25 08:30:00-05,0.377,1.169,17027,2019-10-25 08:30:00
1122084,1122084,5679,2019-10-25 08:45:00-05,0.484,3.948,17028,2019-10-25 08:45:00
1122085,1122085,5679,2019-10-25 09:00:00-05,0.761,-0.187,17029,2019-10-25 09:00:00
1122086,1122086,5679,2019-10-25 09:15:00-05,0.504,4.175,17030,2019-10-25 09:15:00
1122087,1122087,5679,2019-10-25 09:30:00-05,0.38,4.88,17031,2019-10-25 09:30:00
1122088,1122088,5679,2019-10-25 09:45:00-05,0.391,3.742,17032,2019-10-25 09:45:00
1122089,1122089,5679,2019-10-25 10:00:00-05,0.657,0.812,17033,2019-10-25 10:00:00
1122090,1122090,5679,2019-10-25 10:15:00-05,0.592,0.314,17034,2019-10-25 10:15:00
1122091,1122091,5679,2019-10-25 10:30:00-05,0.535,0.775,17035,2019-10-25 10:30:00
1122092,1122092,5679,2019-10-25 10:45:00-05,0.532,1.316,17036,2019-10-25 10:45:00
1122093,1122093,5679,2019-10-25 11:00:00-05,0.629,0.286,17037,2019-10-25 11:00:00
1122094,1122094,5679,2019-10-25 11:15:00-05,0.722,-0.089,17038,2019-10-25 11:15:00
1122095,1122095,5679,2019-10-25 11:30:00-05,0.463,0.914,17039,2019-10-25 11:30:00
1122096,1122096,5679,2019-10-25 11:45:00-05,0.473,1.794,17040,2019-10-25 11:45:00
1122097,1122097,5679,2019-10-25 12:00:00-05,0.432,0.903,17041,2019-10-25 12:00:00
1122098,1122098,5679,2019-10-25 12:15:00-05,0.405,0.794,17042,2019-10-25 12:15:00
1122099,1122099,5679,2019-10-25 12:30:00-05,0.339,0.25,17043,2019-10-25 12:30:00
1122100,1122100,5679,2019-10-25 12:45:00-05,0.401,0.157,17044,2019-10-25 12:45:00
1122101,1122101,5679,2019-10-25 13:00:00-05,0.411,0.846,17045,2019-10-25 13:00:00
1122102,1122102,5679,2019-10-25 13:15:00-05,0.335,0.721,17046,2019-10-25 13:15:00
1122103,1122103,5679,2019-10-25 13:30:00-05,0.304,0.097,17047,2019-10-25 13:30:00
1122104,1122104,5679,2019-10-25 13:45:00-05,0.244,0.43,17048,2019-10-25 13:45:00
1122105,1122105,5679,2019-10-25 14:00:00-05,0.232,0.159,17049,2019-10-25 14:00:00
1122106,1122106,5679,2019-10-25 14:15:00-05,0.168,0.314,17050,2019-10-25 14:15:00
1122107,1122107,5679,2019-10-25 14:30:00-05,0.2,0.196,17051,2019-10-25 14:30:00
1122108,1122108,5679,2019-10-25 14:45:00-05,0.219,0.426,17052,2019-10-25 14:45:00
1122109,1122109,5679,2019-10-25 15:00:00-05,0.187,0.192,17053,2019-10-25 15:00:00
1122110,1122110,5679,2019-10-25 15:15:00-05,0.186,0.617,17054,2019-10-25 15:15:00
1122111,1122111,5679,2019-10-25 15:30:00-05,0.121,1.049,17055,2019-10-25 15:30:00
1122112,1122112,5679,2019-10-25 15:45:00-05,0.049,1.34,17056,2019-10-25 15:45:00
1122113,1122113,5679,2019-10-25 16:00:00-05,0.022,1.558,17057,2019-10-25 16:00:00
1122114,1122114,5679,2019-10-25 16:15:00-05,0.016,1.484,17058,2019-10-25 16:15:00
1122115,1122115,5679,2019-10-25 16:30:00-05,0.011,0.91,17059,2019-10-25 16:30:00
1122116,1122116,5679,2019-10-25 16:45:00-05,0.008,0.966,17060,2019-10-25 16:45:00
1122117,1122117,5679,2019-10-25 17:00:00-05,0.009,0.918,17061,2019-10-25 17:00:00
1122118,1122118,5679,2019-10-25 17:15:00-05,0.009,1.041,17062,2019-10-25 17:15:00
1122119,1122119,5679,2019-10-25 17:30:00-05,0.008,0.86,17063,2019-10-25 17:30:00
1122120,1122120,5679,2019-10-25 17:45:00-05,0.007,0.633,17064,2019-10-25 17:45:00
1122121,1122121,5679,2019-10-25 18:00:00-05,0.007,0.628,17065,2019-10-25 18:00:00
1122122,1122122,5679,2019-10-25 18:15:00-05,0.007,0.549,17066,2019-10-25 18:15:00
1122123,1122123,5679,2019-10-25 18:30:00-05,0.007,0.69,17067,2019-10-25 18:30:00
1122124,1122124,5679,2019-10-25 18:45:00-05,0.007,0.66,17068,2019-10-25 18:45:00
1122125,1122125,5679,2019-10-25 19:00:00-05,0.008,0.662,17069,2019-10-25 19:00:00
1122126,1122126,5679,2019-10-25 19:15:00-05,0.007,0.848,17070,2019-10-25 19:15:00
1122127,1122127,5679,2019-10-25 19:30:00-05,0.007,1.437,17071,2019-10-25 19:30:00
1122128,1122128,5679,2019-10-25 19:45:00-05,0.007,1.61,17072,2019-10-25 19:45:00
1122129,1122129,5679,2019-10-25 20:00:00-05,0.007,1.0,17073,2019-10-25 20:00:00
1122130,1122130,5679,2019-10-25 20:15:00-05,0.008,0.519,17074,2019-10-25 20:15:00
1122131,1122131,5679,2019-10-25 20:30:00-05,0.008,0.538,17075,2019-10-25 20:30:00
1122132,1122132,5679,2019-10-25 20:45:00-05,0.007,0.707,17076,2019-10-25 20:45:00
1122133,1122133,5679,2019-10-25 21:00:00-05,0.008,0.482,17077,2019-10-25 21:00:00
1122134,1122134,5679,2019-10-25 21:15:00-05,0.008,0.541,17078,2019-10-25 21:15:00
1122135,1122135,5679,2019-10-25 21:30:00-05,0.008,0.472,17079,2019-10-25 21:30:00
1122136,1122136,5679,2019-10-25 21:45:00-05,0.008,0.333,17080,2019-10-25 21:45:00
1122137,1122137,5679,2019-10-25 22:00:00-05,0.008,0.337,17081,2019-10-25 22:00:00
1122138,1122138,5679,2019-10-25 22:15:00-05,0.008,0.453,17082,2019-10-25 22:15:00
1122139,1122139,5679,2019-10-25 22:30:00-05,0.008,0.372,17083,2019-10-25 22:30:00
1122140,1122140,5679,2019-10-25 22:45:00-05,0.008,0.45,17084,2019-10-25 22:45:00
1122141,1122141,5679,2019-10-25 23:00:00-05,0.008,0.503,17085,2019-10-25 23:00:00
1122142,1122142,5679,2019-10-25 23:15:00-05,0.008,0.649,17086,2019-10-25 23:15:00
1122143,1122143,5679,2019-10-25 23:30:00-05,0.008,0.549,17087,2019-10-25 23:30:00
1122144,1122144,5679,2019-10-25 23:45:00-05,0.008,0.439,17088,2019-10-25 23:45:00
1122145,1122145,5679,2019-10-26 00:00:00-05,0.008,0.469,17089,2019-10-26 00:00:00
1122146,1122146,5679,2019-10-26 00:15:00-05,0.008,0.35,17090,2019-10-26 00:15:00
1122147,1122147,5679,2019-10-26 00:30:00-05,0.008,0.336,17091,2019-10-26 00:30:00
1122148,1122148,5679,2019-10-26 00:45:00-05,0.008,0.369,17092,2019-10-26 00:45:00
1122149,1122149,5679,2019-10-26 01:00:00-05,0.008,0.395,17093,2019-10-26 01:00:00
1122150,1122150,5679,2019-10-26 01:15:00-05,0.008,0.583,17094,2019-10-26 01:15:00
1122151,1122151,5679,2019-10-26 01:30:00-05,0.008,0.239,17095,2019-10-26 01:30:00
1122152,1122152,5679,2019-10-26 01:45:00-05,0.008,0.44,17096,2019-10-26 01:45:00
1122153,1122153,5679,2019-10-26 02:00:00-05,0.008,0.343,17097,2019-10-26 02:00:00
1122154,1122154,5679,2019-10-26 02:15:00-05,0.008,0.346,17098,2019-10-26 02:15:00
1122155,1122155,5679,2019-10-26 02:30:00-05,0.008,0.519,17099,2019-10-26 02:30:00
1122156,1122156,5679,2019-10-26 02:45:00-05,0.008,0.475,17100,2019-10-26 02:45:00
1122157,1122157,5679,2019-10-26 03:00:00-05,0.008,0.453,17101,2019-10-26 03:00:00
1122158,1122158,5679,2019-10-26 03:15:00-05,0.008,0.519,17102,2019-10-26 03:15:00
1122159,1122159,5679,2019-10-26 03:30:00-05,0.008,0.562,17103,2019-10-26 03:30:00
1122160,1122160,5679,2019-10-26 03:45:00-05,0.008,0.564,17104,2019-10-26 03:45:00
1122161,1122161,5679,2019-10-26 04:00:00-05,0.008,0.562,17105,2019-10-26 04:00:00
1122162,1122162,5679,2019-10-26 04:15:00-05,0.008,0.524,17106,2019-10-26 04:15:00
1122163,1122163,5679,2019-10-26 04:30:00-05,0.008,0.46,17107,2019-10-26 04:30:00
1122164,1122164,5679,2019-10-26 04:45:00-05,0.008,0.47,17108,2019-10-26 04:45:00
1122165,1122165,5679,2019-10-26 05:00:00-05,0.008,0.455,17109,2019-10-26 05:00:00
1122166,1122166,5679,2019-10-26 05:15:00-05,0.007,1.006,17110,2019-10-26 05:15:00
1122167,1122167,5679,2019-10-26 05:30:00-05,0.008,0.622,17111,2019-10-26 05:30:00
1122168,1122168,5679,2019-10-26 05:45:00-05,0.008,0.58,17112,2019-10-26 05:45:00
1122169,1122169,5679,2019-10-26 06:00:00-05,0.007,0.859,17113,2019-10-26 06:00:00
1122170,1122170,5679,2019-10-26 06:15:00-05,0.007,1.13,17114,2019-10-26 06:15:00
1122171,1122171,5679,2019-10-26 06:30:00-05,0.012,1.144,17115,2019-10-26 06:30:00
1122172,1122172,5679,2019-10-26 06:45:00-05,0.04,1.639,17116,2019-10-26 06:45:00
1122173,1122173,5679,2019-10-26 07:00:00-05,0.061,1.69,17117,2019-10-26 07:00:00
1122174,1122174,5679,2019-10-26 07:15:00-05,0.085,1.533,17118,2019-10-26 07:15:00
1122175,1122175,5679,2019-10-26 07:30:00-05,0.161,1.434,17119,2019-10-26 07:30:00
1122176,1122176,5679,2019-10-26 07:45:00-05,0.242,1.363,17120,2019-10-26 07:45:00
1122177,1122177,5679,2019-10-26 08:00:00-05,0.198,1.178,17121,2019-10-26 08:00:00
1122178,1122178,5679,2019-10-26 08:15:00-05,0.461,1.09,17122,2019-10-26 08:15:00
1122179,1122179,5679,2019-10-26 08:30:00-05,0.507,1.423,17123,2019-10-26 08:30:00
1122180,1122180,5679,2019-10-26 08:45:00-05,0.492,1.249,17124,2019-10-26 08:45:00
1122181,1122181,5679,2019-10-26 09:00:00-05,0.434,0.12,17125,2019-10-26 09:00:00
1122182,1122182,5679,2019-10-26 09:15:00-05,0.53,-0.011,17126,2019-10-26 09:15:00
1122183,1122183,5679,2019-10-26 09:30:00-05,0.59,-0.18,17127,2019-10-26 09:30:00
1122184,1122184,5679,2019-10-26 09:45:00-05,0.932,-0.547,17128,2019-10-26 09:45:00
1122185,1122185,5679,2019-10-26 10:00:00-05,1.063,-0.61,17129,2019-10-26 10:00:00
1122186,1122186,5679,2019-10-26 10:15:00-05,1.672,-1.347,17130,2019-10-26 10:15:00
1122187,1122187,5679,2019-10-26 10:30:00-05,1.528,-1.262,17131,2019-10-26 10:30:00
1122188,1122188,5679,2019-10-26 10:45:00-05,3.078,-2.765,17132,2019-10-26 10:45:00
1122189,1122189,5679,2019-10-26 11:00:00-05,2.087,-1.737,17133,2019-10-26 11:00:00
1122190,1122190,5679,2019-10-26 11:15:00-05,2.276,-0.832,17134,2019-10-26 11:15:00
1122191,1122191,5679,2019-10-26 11:30:00-05,2.385,-0.386,17135,2019-10-26 11:30:00
1122192,1122192,5679,2019-10-26 11:45:00-05,1.987,-0.682,17136,2019-10-26 11:45:00
1122193,1122193,5679,2019-10-26 12:00:00-05,2.298,-1.552,17137,2019-10-26 12:00:00
1122194,1122194,5679,2019-10-26 12:15:00-05,3.101,-2.705,17138,2019-10-26 12:15:00
1122195,1122195,5679,2019-10-26 12:30:00-05,2.823,-2.25,17139,2019-10-26 12:30:00
1122196,1122196,5679,2019-10-26 12:45:00-05,2.144,-1.71,17140,2019-10-26 12:45:00
1122197,1122197,5679,2019-10-26 13:00:00-05,0.87,-0.476,17141,2019-10-26 13:00:00
1122198,1122198,5679,2019-10-26 13:15:00-05,1.055,-0.615,17142,2019-10-26 13:15:00
1122199,1122199,5679,2019-10-26 13:30:00-05,1.687,-1.237,17143,2019-10-26 13:30:00
1122200,1122200,5679,2019-10-26 13:45:00-05,1.56,-1.177,17144,2019-10-26 13:45:00
1122201,1122201,5679,2019-10-26 14:00:00-05,2.542,-0.688,17145,2019-10-26 14:00:00
1122202,1122202,5679,2019-10-26 14:15:00-05,1.861,5.858,17146,2019-10-26 14:15:00
1122203,1122203,5679,2019-10-26 14:30:00-05,1.694,5.972,17147,2019-10-26 14:30:00
1122204,1122204,5679,2019-10-26 14:45:00-05,1.093,6.576,17148,2019-10-26 14:45:00
1122205,1122205,5679,2019-10-26 15:00:00-05,0.739,6.812,17149,2019-10-26 15:00:00
1122206,1122206,5679,2019-10-26 15:15:00-05,0.481,7.138,17150,2019-10-26 15:15:00
1122207,1122207,5679,2019-10-26 15:30:00-05,0.324,7.315,17151,2019-10-26 15:30:00
1122208,1122208,5679,2019-10-26 15:45:00-05,0.245,7.125,17152,2019-10-26 15:45:00
1122209,1122209,5679,2019-10-26 16:00:00-05,0.152,1.316,17153,2019-10-26 16:00:00
1122210,1122210,5679,2019-10-26 16:15:00-05,0.101,0.536,17154,2019-10-26 16:15:00
1122211,1122211,5679,2019-10-26 16:30:00-05,0.06,0.524,17155,2019-10-26 16:30:00
1122212,1122212,5679,2019-10-26 16:45:00-05,0.022,0.583,17156,2019-10-26 16:45:00
1122213,1122213,5679,2019-10-26 17:00:00-05,0.007,0.671,17157,2019-10-26 17:00:00
1122214,1122214,5679,2019-10-26 17:15:00-05,0.007,0.598,17158,2019-10-26 17:15:00
1122215,1122215,5679,2019-10-26 17:30:00-05,0.007,0.622,17159,2019-10-26 17:30:00
1122216,1122216,5679,2019-10-26 17:45:00-05,0.007,0.515,17160,2019-10-26 17:45:00
1122217,1122217,5679,2019-10-26 18:00:00-05,0.007,0.503,17161,2019-10-26 18:00:00
1122218,1122218,5679,2019-10-26 18:15:00-05,0.007,0.383,17162,2019-10-26 18:15:00
1122219,1122219,5679,2019-10-26 18:30:00-05,0.007,0.542,17163,2019-10-26 18:30:00
1122220,1122220,5679,2019-10-26 18:45:00-05,0.007,0.52,17164,2019-10-26 18:45:00
1122221,1122221,5679,2019-10-26 19:00:00-05,0.007,0.599,17165,2019-10-26 19:00:00
1122222,1122222,5679,2019-10-26 19:15:00-05,0.007,0.551,17166,2019-10-26 19:15:00
1122223,1122223,5679,2019-10-26 19:30:00-05,0.007,0.66,17167,2019-10-26 19:30:00
1122224,1122224,5679,2019-10-26 19:45:00-05,0.007,0.736,17168,2019-10-26 19:45:00
1122225,1122225,5679,2019-10-26 20:00:00-05,0.007,0.807,17169,2019-10-26 20:00:00
1122226,1122226,5679,2019-10-26 20:15:00-05,0.007,0.66,17170,2019-10-26 20:15:00
1122227,1122227,5679,2019-10-26 20:30:00-05,0.007,0.691,17171,2019-10-26 20:30:00
1122228,1122228,5679,2019-10-26 20:45:00-05,0.007,0.765,17172,2019-10-26 20:45:00
1122229,1122229,5679,2019-10-26 21:00:00-05,0.007,0.686,17173,2019-10-26 21:00:00
1122230,1122230,5679,2019-10-26 21:15:00-05,0.007,0.514,17174,2019-10-26 21:15:00
1122231,1122231,5679,2019-10-26 21:30:00-05,0.008,0.499,17175,2019-10-26 21:30:00
1122232,1122232,5679,2019-10-26 21:45:00-05,0.007,0.456,17176,2019-10-26 21:45:00
1122233,1122233,5679,2019-10-26 22:00:00-05,0.008,0.299,17177,2019-10-26 22:00:00
1122234,1122234,5679,2019-10-26 22:15:00-05,0.008,0.225,17178,2019-10-26 22:15:00
1122235,1122235,5679,2019-10-26 22:30:00-05,0.008,0.215,17179,2019-10-26 22:30:00
1122236,1122236,5679,2019-10-26 22:45:00-05,0.008,0.23,17180,2019-10-26 22:45:00
1122237,1122237,5679,2019-10-26 23:00:00-05,0.008,0.168,17181,2019-10-26 23:00:00
1122238,1122238,5679,2019-10-26 23:15:00-05,0.008,0.168,17182,2019-10-26 23:15:00
1122239,1122239,5679,2019-10-26 23:30:00-05,0.008,0.206,17183,2019-10-26 23:30:00
1122240,1122240,5679,2019-10-26 23:45:00-05,0.008,0.237,17184,2019-10-26 23:45:00
1122241,1122241,5679,2019-10-27 00:00:00-05,0.008,0.169,17185,2019-10-27 00:00:00
1122242,1122242,5679,2019-10-27 00:15:00-05,0.008,0.173,17186,2019-10-27 00:15:00
1122243,1122243,5679,2019-10-27 00:30:00-05,0.008,0.181,17187,2019-10-27 00:30:00
1122244,1122244,5679,2019-10-27 00:45:00-05,0.008,0.411,17188,2019-10-27 00:45:00
1122245,1122245,5679,2019-10-27 01:00:00-05,0.008,0.39,17189,2019-10-27 01:00:00
1122246,1122246,5679,2019-10-27 01:15:00-05,0.008,0.334,17190,2019-10-27 01:15:00
1122247,1122247,5679,2019-10-27 01:30:00-05,0.008,0.347,17191,2019-10-27 01:30:00
1122248,1122248,5679,2019-10-27 01:45:00-05,0.008,0.312,17192,2019-10-27 01:45:00
1122249,1122249,5679,2019-10-27 02:00:00-05,0.008,0.272,17193,2019-10-27 02:00:00
1122250,1122250,5679,2019-10-27 02:15:00-05,0.008,0.291,17194,2019-10-27 02:15:00
1122251,1122251,5679,2019-10-27 02:30:00-05,0.008,0.363,17195,2019-10-27 02:30:00
1122252,1122252,5679,2019-10-27 02:45:00-05,0.008,0.271,17196,2019-10-27 02:45:00
1122253,1122253,5679,2019-10-27 03:00:00-05,0.008,0.269,17197,2019-10-27 03:00:00
1122254,1122254,5679,2019-10-27 03:15:00-05,0.008,0.257,17198,2019-10-27 03:15:00
1122255,1122255,5679,2019-10-27 03:30:00-05,0.008,0.194,17199,2019-10-27 03:30:00
1122256,1122256,5679,2019-10-27 03:45:00-05,0.008,0.173,17200,2019-10-27 03:45:00
1122257,1122257,5679,2019-10-27 04:00:00-05,0.008,0.173,17201,2019-10-27 04:00:00
1122258,1122258,5679,2019-10-27 04:15:00-05,0.008,0.269,17202,2019-10-27 04:15:00
1122259,1122259,5679,2019-10-27 04:30:00-05,0.008,0.187,17203,2019-10-27 04:30:00
1122260,1122260,5679,2019-10-27 04:45:00-05,0.008,0.173,17204,2019-10-27 04:45:00
1122261,1122261,5679,2019-10-27 05:00:00-05,0.008,0.175,17205,2019-10-27 05:00:00
1122262,1122262,5679,2019-10-27 05:15:00-05,0.007,1.067,17206,2019-10-27 05:15:00
1122263,1122263,5679,2019-10-27 05:30:00-05,0.007,0.987,17207,2019-10-27 05:30:00
1122264,1122264,5679,2019-10-27 05:45:00-05,0.008,0.622,17208,2019-10-27 05:45:00
1122265,1122265,5679,2019-10-27 06:00:00-05,0.007,1.055,17209,2019-10-27 06:00:00
1122266,1122266,5679,2019-10-27 06:15:00-05,0.007,1.105,17210,2019-10-27 06:15:00
1122267,1122267,5679,2019-10-27 06:30:00-05,0.007,0.961,17211,2019-10-27 06:30:00
1122268,1122268,5679,2019-10-27 06:45:00-05,0.008,2.148,17212,2019-10-27 06:45:00
1122269,1122269,5679,2019-10-27 07:00:00-05,0.014,1.943,17213,2019-10-27 07:00:00
1122270,1122270,5679,2019-10-27 07:15:00-05,0.031,1.715,17214,2019-10-27 07:15:00
1122271,1122271,5679,2019-10-27 07:30:00-05,0.077,1.268,17215,2019-10-27 07:30:00
1122272,1122272,5679,2019-10-27 07:45:00-05,0.127,0.503,17216,2019-10-27 07:45:00
1122273,1122273,5679,2019-10-27 08:00:00-05,0.125,0.879,17217,2019-10-27 08:00:00
1122274,1122274,5679,2019-10-27 08:15:00-05,0.112,1.663,17218,2019-10-27 08:15:00
1122275,1122275,5679,2019-10-27 08:30:00-05,0.109,1.59,17219,2019-10-27 08:30:00
1122276,1122276,5679,2019-10-27 08:45:00-05,0.293,1.153,17220,2019-10-27 08:45:00
1122277,1122277,5679,2019-10-27 09:00:00-05,0.395,1.195,17221,2019-10-27 09:00:00
1122278,1122278,5679,2019-10-27 09:15:00-05,0.19,0.627,17222,2019-10-27 09:15:00
1122279,1122279,5679,2019-10-27 09:30:00-05,0.144,0.357,17223,2019-10-27 09:30:00
1122280,1122280,5679,2019-10-27 09:45:00-05,0.208,1.065,17224,2019-10-27 09:45:00
1122281,1122281,5679,2019-10-27 10:00:00-05,0.647,0.155,17225,2019-10-27 10:00:00
1122282,1122282,5679,2019-10-27 10:15:00-05,1.087,-0.305,17226,2019-10-27 10:15:00
1122283,1122283,5679,2019-10-27 10:30:00-05,0.706,0.054,17227,2019-10-27 10:30:00
1122284,1122284,5679,2019-10-27 10:45:00-05,1.456,-0.778,17228,2019-10-27 10:45:00
1122285,1122285,5679,2019-10-27 11:00:00-05,0.862,0.036,17229,2019-10-27 11:00:00
1122286,1122286,5679,2019-10-27 11:15:00-05,0.464,0.466,17230,2019-10-27 11:15:00
1122287,1122287,5679,2019-10-27 11:30:00-05,0.189,0.695,17231,2019-10-27 11:30:00
1122288,1122288,5679,2019-10-27 11:45:00-05,0.305,4.606,17232,2019-10-27 11:45:00
1122289,1122289,5679,2019-10-27 12:00:00-05,0.765,4.119,17233,2019-10-27 12:00:00
1122290,1122290,5679,2019-10-27 12:15:00-05,0.314,1.942,17234,2019-10-27 12:15:00
1122291,1122291,5679,2019-10-27 12:30:00-05,0.292,2.168,17235,2019-10-27 12:30:00
1122292,1122292,5679,2019-10-27 12:45:00-05,0.711,2.706,17236,2019-10-27 12:45:00
1122293,1122293,5679,2019-10-27 13:00:00-05,0.612,1.255,17237,2019-10-27 13:00:00
1122294,1122294,5679,2019-10-27 13:15:00-05,0.581,-0.026,17238,2019-10-27 13:15:00
1122295,1122295,5679,2019-10-27 13:30:00-05,0.262,0.431,17239,2019-10-27 13:30:00
1122296,1122296,5679,2019-10-27 13:45:00-05,0.575,0.138,17240,2019-10-27 13:45:00
1122297,1122297,5679,2019-10-27 14:00:00-05,0.704,0.163,17241,2019-10-27 14:00:00
1122298,1122298,5679,2019-10-27 14:15:00-05,0.598,-0.03,17242,2019-10-27 14:15:00
1122299,1122299,5679,2019-10-27 14:30:00-05,0.361,0.236,17243,2019-10-27 14:30:00
1122300,1122300,5679,2019-10-27 14:45:00-05,0.41,0.664,17244,2019-10-27 14:45:00
1122301,1122301,5679,2019-10-27 15:00:00-05,0.212,0.544,17245,2019-10-27 15:00:00
1122302,1122302,5679,2019-10-27 15:15:00-05,0.338,0.408,17246,2019-10-27 15:15:00
1122303,1122303,5679,2019-10-27 15:30:00-05,0.224,0.695,17247,2019-10-27 15:30:00
1122304,1122304,5679,2019-10-27 15:45:00-05,0.712,0.143,17248,2019-10-27 15:45:00
1122305,1122305,5679,2019-10-27 16:00:00-05,0.306,0.855,17249,2019-10-27 16:00:00
1122306,1122306,5679,2019-10-27 16:15:00-05,0.076,0.618,17250,2019-10-27 16:15:00
1122307,1122307,5679,2019-10-27 16:30:00-05,0.022,0.534,17251,2019-10-27 16:30:00
1122308,1122308,5679,2019-10-27 16:45:00-05,0.008,0.9,17252,2019-10-27 16:45:00
1122309,1122309,5679,2019-10-27 17:00:00-05,0.008,0.91,17253,2019-10-27 17:00:00
1122310,1122310,5679,2019-10-27 17:15:00-05,0.008,0.957,17254,2019-10-27 17:15:00
1122311,1122311,5679,2019-10-27 17:30:00-05,0.008,1.153,17255,2019-10-27 17:30:00
1122312,1122312,5679,2019-10-27 17:45:00-05,0.006,1.587,17256,2019-10-27 17:45:00
1122313,1122313,5679,2019-10-27 18:00:00-05,0.006,1.48,17257,2019-10-27 18:00:00
1122314,1122314,5679,2019-10-27 18:15:00-05,0.006,1.136,17258,2019-10-27 18:15:00
1122315,1122315,5679,2019-10-27 18:30:00-05,0.006,1.498,17259,2019-10-27 18:30:00
1122316,1122316,5679,2019-10-27 18:45:00-05,0.007,0.854,17260,2019-10-27 18:45:00
1122317,1122317,5679,2019-10-27 19:00:00-05,0.007,0.697,17261,2019-10-27 19:00:00
1122318,1122318,5679,2019-10-27 19:15:00-05,0.007,0.676,17262,2019-10-27 19:15:00
1122319,1122319,5679,2019-10-27 19:30:00-05,0.007,0.705,17263,2019-10-27 19:30:00
1122320,1122320,5679,2019-10-27 19:45:00-05,0.007,0.658,17264,2019-10-27 19:45:00
1122321,1122321,5679,2019-10-27 20:00:00-05,0.008,0.555,17265,2019-10-27 20:00:00
1122322,1122322,5679,2019-10-27 20:15:00-05,0.008,0.404,17266,2019-10-27 20:15:00
1122323,1122323,5679,2019-10-27 20:30:00-05,0.008,0.409,17267,2019-10-27 20:30:00
1122324,1122324,5679,2019-10-27 20:45:00-05,0.008,0.506,17268,2019-10-27 20:45:00
1122325,1122325,5679,2019-10-27 21:00:00-05,0.007,0.871,17269,2019-10-27 21:00:00
1122326,1122326,5679,2019-10-27 21:15:00-05,0.007,0.685,17270,2019-10-27 21:15:00
1122327,1122327,5679,2019-10-27 21:30:00-05,0.008,0.434,17271,2019-10-27 21:30:00
1122328,1122328,5679,2019-10-27 21:45:00-05,0.008,0.45,17272,2019-10-27 21:45:00
1122329,1122329,5679,2019-10-27 22:00:00-05,0.008,0.411,17273,2019-10-27 22:00:00
1122330,1122330,5679,2019-10-27 22:15:00-05,0.008,0.409,17274,2019-10-27 22:15:00
1122331,1122331,5679,2019-10-27 22:30:00-05,0.008,0.455,17275,2019-10-27 22:30:00
1122332,1122332,5679,2019-10-27 22:45:00-05,0.008,0.483,17276,2019-10-27 22:45:00
1122333,1122333,5679,2019-10-27 23:00:00-05,0.008,0.406,17277,2019-10-27 23:00:00
1122334,1122334,5679,2019-10-27 23:15:00-05,0.008,0.416,17278,2019-10-27 23:15:00
1122335,1122335,5679,2019-10-27 23:30:00-05,0.007,0.503,17279,2019-10-27 23:30:00
1122336,1122336,5679,2019-10-27 23:45:00-05,0.008,0.399,17280,2019-10-27 23:45:00
1122337,1122337,5679,2019-10-28 00:00:00-05,0.008,0.348,17281,2019-10-28 00:00:00
1122338,1122338,5679,2019-10-28 00:15:00-05,0.008,0.378,17282,2019-10-28 00:15:00
1122339,1122339,5679,2019-10-28 00:30:00-05,0.008,0.32,17283,2019-10-28 00:30:00
1122340,1122340,5679,2019-10-28 00:45:00-05,0.008,0.288,17284,2019-10-28 00:45:00
1122341,1122341,5679,2019-10-28 01:00:00-05,0.008,0.317,17285,2019-10-28 01:00:00
1122342,1122342,5679,2019-10-28 01:15:00-05,0.008,0.497,17286,2019-10-28 01:15:00
1122343,1122343,5679,2019-10-28 01:30:00-05,0.008,0.391,17287,2019-10-28 01:30:00
1122344,1122344,5679,2019-10-28 01:45:00-05,0.008,0.287,17288,2019-10-28 01:45:00
1122345,1122345,5679,2019-10-28 02:00:00-05,0.008,0.357,17289,2019-10-28 02:00:00
1122346,1122346,5679,2019-10-28 02:15:00-05,0.008,0.49,17290,2019-10-28 02:15:00
1122347,1122347,5679,2019-10-28 02:30:00-05,0.008,0.398,17291,2019-10-28 02:30:00
1122348,1122348,5679,2019-10-28 02:45:00-05,0.008,0.394,17292,2019-10-28 02:45:00
1122349,1122349,5679,2019-10-28 03:00:00-05,0.008,0.408,17293,2019-10-28 03:00:00
1122350,1122350,5679,2019-10-28 03:15:00-05,0.008,0.303,17294,2019-10-28 03:15:00
1122351,1122351,5679,2019-10-28 03:30:00-05,0.008,0.42,17295,2019-10-28 03:30:00
1122352,1122352,5679,2019-10-28 03:45:00-05,0.008,0.248,17296,2019-10-28 03:45:00
1122353,1122353,5679,2019-10-28 04:00:00-05,0.008,0.305,17297,2019-10-28 04:00:00
1122354,1122354,5679,2019-10-28 04:15:00-05,0.008,0.286,17298,2019-10-28 04:15:00
1122355,1122355,5679,2019-10-28 04:30:00-05,0.007,0.606,17299,2019-10-28 04:30:00
1122356,1122356,5679,2019-10-28 04:45:00-05,0.007,0.709,17300,2019-10-28 04:45:00
1122357,1122357,5679,2019-10-28 05:00:00-05,0.007,0.898,17301,2019-10-28 05:00:00
1122358,1122358,5679,2019-10-28 05:15:00-05,0.007,0.582,17302,2019-10-28 05:15:00
1122359,1122359,5679,2019-10-28 05:30:00-05,0.007,0.722,17303,2019-10-28 05:30:00
1122360,1122360,5679,2019-10-28 05:45:00-05,0.007,0.683,17304,2019-10-28 05:45:00
1122361,1122361,5679,2019-10-28 06:00:00-05,0.007,0.663,17305,2019-10-28 06:00:00
1122362,1122362,5679,2019-10-28 06:15:00-05,0.005,1.927,17306,2019-10-28 06:15:00
1122363,1122363,5679,2019-10-28 06:30:00-05,0.002,5.648,17307,2019-10-28 06:30:00
1122364,1122364,5679,2019-10-28 06:45:00-05,0.022,3.468,17308,2019-10-28 06:45:00
1122365,1122365,5679,2019-10-28 07:00:00-05,0.063,1.859,17309,2019-10-28 07:00:00
1122366,1122366,5679,2019-10-28 07:15:00-05,0.123,0.366,17310,2019-10-28 07:15:00
1122367,1122367,5679,2019-10-28 07:30:00-05,0.199,0.313,17311,2019-10-28 07:30:00
1122368,1122368,5679,2019-10-28 07:45:00-05,0.264,0.601,17312,2019-10-28 07:45:00
1122369,1122369,5679,2019-10-28 08:00:00-05,0.244,4.412,17313,2019-10-28 08:00:00
1122370,1122370,5679,2019-10-28 08:15:00-05,0.228,4.951,17314,2019-10-28 08:15:00
1122371,1122371,5679,2019-10-28 08:30:00-05,0.27,4.566,17315,2019-10-28 08:30:00
1122372,1122372,5679,2019-10-28 08:45:00-05,0.273,3.386,17316,2019-10-28 08:45:00
1122373,1122373,5679,2019-10-28 09:00:00-05,0.351,1.777,17317,2019-10-28 09:00:00
1122374,1122374,5679,2019-10-28 09:15:00-05,0.375,3.326,17318,2019-10-28 09:15:00
1122375,1122375,5679,2019-10-28 09:30:00-05,0.327,2.653,17319,2019-10-28 09:30:00
1122376,1122376,5679,2019-10-28 09:45:00-05,0.333,3.362,17320,2019-10-28 09:45:00
1122377,1122377,5679,2019-10-28 10:00:00-05,0.569,2.374,17321,2019-10-28 10:00:00
1122378,1122378,5679,2019-10-28 10:15:00-05,1.27,1.22,17322,2019-10-28 10:15:00
1122379,1122379,5679,2019-10-28 10:30:00-05,2.201,-1.362,17323,2019-10-28 10:30:00
1122380,1122380,5679,2019-10-28 10:45:00-05,2.861,-0.682,17324,2019-10-28 10:45:00
1122381,1122381,5679,2019-10-28 11:00:00-05,3.144,-0.375,17325,2019-10-28 11:00:00
1122382,1122382,5679,2019-10-28 11:15:00-05,3.229,-0.892,17326,2019-10-28 11:15:00
1122383,1122383,5679,2019-10-28 11:30:00-05,3.243,-0.569,17327,2019-10-28 11:30:00
1122384,1122384,5679,2019-10-28 11:45:00-05,3.278,-1.564,17328,2019-10-28 11:45:00
1122385,1122385,5679,2019-10-28 12:00:00-05,3.087,-1.55,17329,2019-10-28 12:00:00
1122386,1122386,5679,2019-10-28 12:15:00-05,2.945,-1.983,17330,2019-10-28 12:15:00
1122387,1122387,5679,2019-10-28 12:30:00-05,2.785,-2.078,17331,2019-10-28 12:30:00
1122388,1122388,5679,2019-10-28 12:45:00-05,2.859,-2.125,17332,2019-10-28 12:45:00
1122389,1122389,5679,2019-10-28 13:00:00-05,2.813,-2.053,17333,2019-10-28 13:00:00
1122390,1122390,5679,2019-10-28 13:15:00-05,2.732,1.325,17334,2019-10-28 13:15:00
1122391,1122391,5679,2019-10-28 13:30:00-05,2.677,0.836,17335,2019-10-28 13:30:00
1122392,1122392,5679,2019-10-28 13:45:00-05,2.434,0.49,17336,2019-10-28 13:45:00
1122393,1122393,5679,2019-10-28 14:00:00-05,2.253,-1.246,17337,2019-10-28 14:00:00
1122394,1122394,5679,2019-10-28 14:15:00-05,2.071,-1.53,17338,2019-10-28 14:15:00
1122395,1122395,5679,2019-10-28 14:30:00-05,1.691,-1.09,17339,2019-10-28 14:30:00
1122396,1122396,5679,2019-10-28 14:45:00-05,1.411,-0.541,17340,2019-10-28 14:45:00
1122397,1122397,5679,2019-10-28 15:00:00-05,1.175,-0.274,17341,2019-10-28 15:00:00
1122398,1122398,5679,2019-10-28 15:15:00-05,0.962,-0.042,17342,2019-10-28 15:15:00
1122399,1122399,5679,2019-10-28 15:30:00-05,0.722,0.064,17343,2019-10-28 15:30:00
1122400,1122400,5679,2019-10-28 15:45:00-05,0.515,0.487,17344,2019-10-28 15:45:00
1122401,1122401,5679,2019-10-28 16:00:00-05,0.185,0.511,17345,2019-10-28 16:00:00
1122402,1122402,5679,2019-10-28 16:15:00-05,0.096,0.539,17346,2019-10-28 16:15:00
1122403,1122403,5679,2019-10-28 16:30:00-05,0.061,0.737,17347,2019-10-28 16:30:00
1122404,1122404,5679,2019-10-28 16:45:00-05,0.028,1.232,17348,2019-10-28 16:45:00
1122405,1122405,5679,2019-10-28 17:00:00-05,0.008,0.695,17349,2019-10-28 17:00:00
1122406,1122406,5679,2019-10-28 17:15:00-05,0.001,5.33,17350,2019-10-28 17:15:00
1122407,1122407,5679,2019-10-28 17:30:00-05,-0.003,8.016,17351,2019-10-28 17:30:00
1122408,1122408,5679,2019-10-28 17:45:00-05,-0.002,7.862,17352,2019-10-28 17:45:00
1122409,1122409,5679,2019-10-28 18:00:00-05,-0.001,7.566,17353,2019-10-28 18:00:00
1122410,1122410,5679,2019-10-28 18:15:00-05,-0.001,7.451,17354,2019-10-28 18:15:00
1122411,1122411,5679,2019-10-28 18:30:00-05,0.001,5.085,17355,2019-10-28 18:30:00
1122412,1122412,5679,2019-10-28 18:45:00-05,0.006,0.787,17356,2019-10-28 18:45:00
1122413,1122413,5679,2019-10-28 19:00:00-05,0.006,0.653,17357,2019-10-28 19:00:00
1122414,1122414,5679,2019-10-28 19:15:00-05,0.006,0.686,17358,2019-10-28 19:15:00
1122415,1122415,5679,2019-10-28 19:30:00-05,0.006,0.676,17359,2019-10-28 19:30:00
1122416,1122416,5679,2019-10-28 19:45:00-05,0.006,0.75,17360,2019-10-28 19:45:00
1122417,1122417,5679,2019-10-28 20:00:00-05,0.006,0.766,17361,2019-10-28 20:00:00
1122418,1122418,5679,2019-10-28 20:15:00-05,0.006,0.708,17362,2019-10-28 20:15:00
1122419,1122419,5679,2019-10-28 20:30:00-05,0.006,0.766,17363,2019-10-28 20:30:00
1122420,1122420,5679,2019-10-28 20:45:00-05,0.006,0.7,17364,2019-10-28 20:45:00
1122421,1122421,5679,2019-10-28 21:00:00-05,0.006,0.63,17365,2019-10-28 21:00:00
1122422,1122422,5679,2019-10-28 21:15:00-05,0.007,0.521,17366,2019-10-28 21:15:00
1122423,1122423,5679,2019-10-28 21:30:00-05,0.007,0.612,17367,2019-10-28 21:30:00
1122424,1122424,5679,2019-10-28 21:45:00-05,0.007,0.473,17368,2019-10-28 21:45:00
1122425,1122425,5679,2019-10-28 22:00:00-05,0.007,0.293,17369,2019-10-28 22:00:00
1122426,1122426,5679,2019-10-28 22:15:00-05,0.007,0.418,17370,2019-10-28 22:15:00
1122427,1122427,5679,2019-10-28 22:30:00-05,0.007,0.41,17371,2019-10-28 22:30:00
1122428,1122428,5679,2019-10-28 22:45:00-05,0.007,0.28,17372,2019-10-28 22:45:00
1122429,1122429,5679,2019-10-28 23:00:00-05,0.007,0.319,17373,2019-10-28 23:00:00
1122430,1122430,5679,2019-10-28 23:15:00-05,0.007,0.395,17374,2019-10-28 23:15:00
1122431,1122431,5679,2019-10-28 23:30:00-05,0.007,0.527,17375,2019-10-28 23:30:00
1122432,1122432,5679,2019-10-28 23:45:00-05,0.007,0.423,17376,2019-10-28 23:45:00
1122433,1122433,5679,2019-10-29 00:00:00-05,0.007,0.446,17377,2019-10-29 00:00:00
1122434,1122434,5679,2019-10-29 00:15:00-05,0.007,0.563,17378,2019-10-29 00:15:00
1122435,1122435,5679,2019-10-29 00:30:00-05,0.007,0.467,17379,2019-10-29 00:30:00
1122436,1122436,5679,2019-10-29 00:45:00-05,0.007,0.48,17380,2019-10-29 00:45:00
1122437,1122437,5679,2019-10-29 01:00:00-05,0.007,0.459,17381,2019-10-29 01:00:00
1122438,1122438,5679,2019-10-29 01:15:00-05,0.007,0.526,17382,2019-10-29 01:15:00
1122439,1122439,5679,2019-10-29 01:30:00-05,0.007,0.506,17383,2019-10-29 01:30:00
1122440,1122440,5679,2019-10-29 01:45:00-05,0.007,0.522,17384,2019-10-29 01:45:00
1122441,1122441,5679,2019-10-29 02:00:00-05,0.007,0.381,17385,2019-10-29 02:00:00
1122442,1122442,5679,2019-10-29 02:15:00-05,0.007,0.564,17386,2019-10-29 02:15:00
1122443,1122443,5679,2019-10-29 02:30:00-05,0.007,0.428,17387,2019-10-29 02:30:00
1122444,1122444,5679,2019-10-29 02:45:00-05,0.007,0.416,17388,2019-10-29 02:45:00
1122445,1122445,5679,2019-10-29 03:00:00-05,0.007,0.604,17389,2019-10-29 03:00:00
1122446,1122446,5679,2019-10-29 03:15:00-05,0.007,0.476,17390,2019-10-29 03:15:00
1122447,1122447,5679,2019-10-29 03:30:00-05,0.007,0.474,17391,2019-10-29 03:30:00
1122448,1122448,5679,2019-10-29 03:45:00-05,0.007,0.653,17392,2019-10-29 03:45:00
1122449,1122449,5679,2019-10-29 04:00:00-05,0.007,0.504,17393,2019-10-29 04:00:00
1122450,1122450,5679,2019-10-29 04:15:00-05,0.007,0.439,17394,2019-10-29 04:15:00
1122451,1122451,5679,2019-10-29 04:30:00-05,0.007,0.502,17395,2019-10-29 04:30:00
1122452,1122452,5679,2019-10-29 04:45:00-05,0.007,0.517,17396,2019-10-29 04:45:00
1122453,1122453,5679,2019-10-29 05:00:00-05,0.007,0.804,17397,2019-10-29 05:00:00
1122454,1122454,5679,2019-10-29 05:15:00-05,0.007,0.467,17398,2019-10-29 05:15:00
1122455,1122455,5679,2019-10-29 05:30:00-05,0.007,0.498,17399,2019-10-29 05:30:00
1122456,1122456,5679,2019-10-29 05:45:00-05,0.006,1.646,17400,2019-10-29 05:45:00
1122457,1122457,5679,2019-10-29 06:00:00-05,0.006,1.176,17401,2019-10-29 06:00:00
1122458,1122458,5679,2019-10-29 06:15:00-05,0.007,0.796,17402,2019-10-29 06:15:00
1122459,1122459,5679,2019-10-29 06:30:00-05,0.013,1.123,17403,2019-10-29 06:30:00
1122460,1122460,5679,2019-10-29 06:45:00-05,0.04,1.256,17404,2019-10-29 06:45:00
1122461,1122461,5679,2019-10-29 07:00:00-05,0.115,0.438,17405,2019-10-29 07:00:00
1122462,1122462,5679,2019-10-29 07:15:00-05,0.193,0.643,17406,2019-10-29 07:15:00
1122463,1122463,5679,2019-10-29 07:30:00-05,0.265,1.337,17407,2019-10-29 07:30:00
1122464,1122464,5679,2019-10-29 07:45:00-05,0.341,1.287,17408,2019-10-29 07:45:00
1122465,1122465,5679,2019-10-29 08:00:00-05,0.358,0.89,17409,2019-10-29 08:00:00
1122466,1122466,5679,2019-10-29 08:15:00-05,0.403,0.425,17410,2019-10-29 08:15:00
1122467,1122467,5679,2019-10-29 08:30:00-05,0.49,0.161,17411,2019-10-29 08:30:00
1122468,1122468,5679,2019-10-29 08:45:00-05,0.642,0.196,17412,2019-10-29 08:45:00
1122469,1122469,5679,2019-10-29 09:00:00-05,0.844,0.269,17413,2019-10-29 09:00:00
1122470,1122470,5679,2019-10-29 09:15:00-05,0.885,0.268,17414,2019-10-29 09:15:00
1122471,1122471,5679,2019-10-29 09:30:00-05,0.801,-0.335,17415,2019-10-29 09:30:00
1122472,1122472,5679,2019-10-29 09:45:00-05,1.006,-0.409,17416,2019-10-29 09:45:00
1122473,1122473,5679,2019-10-29 10:00:00-05,1.082,0.079,17417,2019-10-29 10:00:00
1122474,1122474,5679,2019-10-29 10:15:00-05,1.017,-0.368,17418,2019-10-29 10:15:00
1122475,1122475,5679,2019-10-29 10:30:00-05,1.838,-1.153,17419,2019-10-29 10:30:00
1122476,1122476,5679,2019-10-29 10:45:00-05,1.624,-1.055,17420,2019-10-29 10:45:00
1122477,1122477,5679,2019-10-29 11:00:00-05,1.494,-0.885,17421,2019-10-29 11:00:00
1122478,1122478,5679,2019-10-29 11:15:00-05,1.301,-0.632,17422,2019-10-29 11:15:00
1122479,1122479,5679,2019-10-29 11:30:00-05,2.509,-1.985,17423,2019-10-29 11:30:00
1122480,1122480,5679,2019-10-29 11:45:00-05,3.259,-2.619,17424,2019-10-29 11:45:00
1122481,1122481,5679,2019-10-29 12:00:00-05,3.005,-1.979,17425,2019-10-29 12:00:00
1122482,1122482,5679,2019-10-29 12:15:00-05,3.087,-2.435,17426,2019-10-29 12:15:00
1122483,1122483,5679,2019-10-29 12:30:00-05,3.198,-2.74,17427,2019-10-29 12:30:00
1122484,1122484,5679,2019-10-29 12:45:00-05,2.762,-2.333,17428,2019-10-29 12:45:00
1122485,1122485,5679,2019-10-29 13:00:00-05,2.881,-2.375,17429,2019-10-29 13:00:00
1122486,1122486,5679,2019-10-29 13:15:00-05,2.87,-2.414,17430,2019-10-29 13:15:00
1122487,1122487,5679,2019-10-29 13:30:00-05,2.83,-2.438,17431,2019-10-29 13:30:00
1122488,1122488,5679,2019-10-29 13:45:00-05,2.652,-2.148,17432,2019-10-29 13:45:00
1122489,1122489,5679,2019-10-29 14:00:00-05,2.32,-1.767,17433,2019-10-29 14:00:00
1122490,1122490,5679,2019-10-29 14:15:00-05,2.007,-1.362,17434,2019-10-29 14:15:00
1122491,1122491,5679,2019-10-29 14:30:00-05,1.717,-1.129,17435,2019-10-29 14:30:00
1122492,1122492,5679,2019-10-29 14:45:00-05,1.552,-0.794,17436,2019-10-29 14:45:00
1122493,1122493,5679,2019-10-29 15:00:00-05,1.335,-0.741,17437,2019-10-29 15:00:00
1122494,1122494,5679,2019-10-29 15:15:00-05,1.164,-0.528,17438,2019-10-29 15:15:00
1122495,1122495,5679,2019-10-29 15:30:00-05,0.654,0.061,17439,2019-10-29 15:30:00
1122496,1122496,5679,2019-10-29 15:45:00-05,0.353,2.807,17440,2019-10-29 15:45:00
1122497,1122497,5679,2019-10-29 16:00:00-05,0.386,7.622,17441,2019-10-29 16:00:00
1122498,1122498,5679,2019-10-29 16:15:00-05,0.187,7.569,17442,2019-10-29 16:15:00
1122499,1122499,5679,2019-10-29 16:30:00-05,0.114,7.822,17443,2019-10-29 16:30:00
1122500,1122500,5679,2019-10-29 16:45:00-05,0.035,7.826,17444,2019-10-29 16:45:00
1122501,1122501,5679,2019-10-29 17:00:00-05,0.0,7.711,17445,2019-10-29 17:00:00
1122502,1122502,5679,2019-10-29 17:15:00-05,0.0,5.535,17446,2019-10-29 17:15:00
1122503,1122503,5679,2019-10-29 17:30:00-05,0.005,0.912,17447,2019-10-29 17:30:00
1122504,1122504,5679,2019-10-29 17:45:00-05,0.005,0.95,17448,2019-10-29 17:45:00
1122505,1122505,5679,2019-10-29 18:00:00-05,0.005,0.933,17449,2019-10-29 18:00:00
1122506,1122506,5679,2019-10-29 18:15:00-05,0.005,0.967,17450,2019-10-29 18:15:00
1122507,1122507,5679,2019-10-29 18:30:00-05,0.006,0.829,17451,2019-10-29 18:30:00
1122508,1122508,5679,2019-10-29 18:45:00-05,0.006,0.838,17452,2019-10-29 18:45:00
1122509,1122509,5679,2019-10-29 19:00:00-05,0.006,1.03,17453,2019-10-29 19:00:00
1122510,1122510,5679,2019-10-29 19:15:00-05,0.006,0.803,17454,2019-10-29 19:15:00
1122511,1122511,5679,2019-10-29 19:30:00-05,0.006,0.806,17455,2019-10-29 19:30:00
1122512,1122512,5679,2019-10-29 19:45:00-05,0.006,0.735,17456,2019-10-29 19:45:00
1122513,1122513,5679,2019-10-29 20:00:00-05,0.006,0.694,17457,2019-10-29 20:00:00
1122514,1122514,5679,2019-10-29 20:15:00-05,0.006,0.829,17458,2019-10-29 20:15:00
1122515,1122515,5679,2019-10-29 20:30:00-05,0.007,0.667,17459,2019-10-29 20:30:00
1122516,1122516,5679,2019-10-29 20:45:00-05,0.006,0.657,17460,2019-10-29 20:45:00
1122517,1122517,5679,2019-10-29 21:00:00-05,0.007,0.636,17461,2019-10-29 21:00:00
1122518,1122518,5679,2019-10-29 21:15:00-05,0.007,0.586,17462,2019-10-29 21:15:00
1122519,1122519,5679,2019-10-29 21:30:00-05,0.007,0.489,17463,2019-10-29 21:30:00
1122520,1122520,5679,2019-10-29 21:45:00-05,0.007,0.522,17464,2019-10-29 21:45:00
1122521,1122521,5679,2019-10-29 22:00:00-05,0.007,0.468,17465,2019-10-29 22:00:00
1122522,1122522,5679,2019-10-29 22:15:00-05,0.007,0.433,17466,2019-10-29 22:15:00
1122523,1122523,5679,2019-10-29 22:30:00-05,0.007,0.524,17467,2019-10-29 22:30:00
1122524,1122524,5679,2019-10-29 22:45:00-05,0.007,0.417,17468,2019-10-29 22:45:00
1122525,1122525,5679,2019-10-29 23:00:00-05,0.007,0.515,17469,2019-10-29 23:00:00
1122526,1122526,5679,2019-10-29 23:15:00-05,0.007,0.463,17470,2019-10-29 23:15:00
1122527,1122527,5679,2019-10-29 23:30:00-05,0.007,0.401,17471,2019-10-29 23:30:00
1122528,1122528,5679,2019-10-29 23:45:00-05,0.007,0.427,17472,2019-10-29 23:45:00
1122529,1122529,5679,2019-10-30 00:00:00-05,0.007,0.276,17473,2019-10-30 00:00:00
1122530,1122530,5679,2019-10-30 00:15:00-05,0.007,0.418,17474,2019-10-30 00:15:00
1122531,1122531,5679,2019-10-30 00:30:00-05,0.007,0.446,17475,2019-10-30 00:30:00
1122532,1122532,5679,2019-10-30 00:45:00-05,0.007,0.423,17476,2019-10-30 00:45:00
1122533,1122533,5679,2019-10-30 01:00:00-05,0.007,0.448,17477,2019-10-30 01:00:00
1122534,1122534,5679,2019-10-30 01:15:00-05,0.007,0.273,17478,2019-10-30 01:15:00
1122535,1122535,5679,2019-10-30 01:30:00-05,0.007,0.371,17479,2019-10-30 01:30:00
1122536,1122536,5679,2019-10-30 01:45:00-05,0.007,0.539,17480,2019-10-30 01:45:00
1122537,1122537,5679,2019-10-30 02:00:00-05,0.007,0.465,17481,2019-10-30 02:00:00
1122538,1122538,5679,2019-10-30 02:15:00-05,0.007,0.359,17482,2019-10-30 02:15:00
1122539,1122539,5679,2019-10-30 02:30:00-05,0.007,0.496,17483,2019-10-30 02:30:00
1122540,1122540,5679,2019-10-30 02:45:00-05,0.007,0.464,17484,2019-10-30 02:45:00
1122541,1122541,5679,2019-10-30 03:00:00-05,0.007,0.394,17485,2019-10-30 03:00:00
1122542,1122542,5679,2019-10-30 03:15:00-05,0.007,0.548,17486,2019-10-30 03:15:00
1122543,1122543,5679,2019-10-30 03:30:00-05,0.007,0.416,17487,2019-10-30 03:30:00
1122544,1122544,5679,2019-10-30 03:45:00-05,0.007,0.449,17488,2019-10-30 03:45:00
1122545,1122545,5679,2019-10-30 04:00:00-05,0.007,0.522,17489,2019-10-30 04:00:00
1122546,1122546,5679,2019-10-30 04:15:00-05,0.007,0.368,17490,2019-10-30 04:15:00
1122547,1122547,5679,2019-10-30 04:30:00-05,0.007,0.512,17491,2019-10-30 04:30:00
1122548,1122548,5679,2019-10-30 04:45:00-05,0.006,1.489,17492,2019-10-30 04:45:00
1122549,1122549,5679,2019-10-30 05:00:00-05,0.007,0.784,17493,2019-10-30 05:00:00
1122550,1122550,5679,2019-10-30 05:15:00-05,0.007,0.854,17494,2019-10-30 05:15:00
1122551,1122551,5679,2019-10-30 05:30:00-05,0.007,0.98,17495,2019-10-30 05:30:00
1122552,1122552,5679,2019-10-30 05:45:00-05,0.006,1.13,17496,2019-10-30 05:45:00
1122553,1122553,5679,2019-10-30 06:00:00-05,0.006,1.2,17497,2019-10-30 06:00:00
1122554,1122554,5679,2019-10-30 06:15:00-05,0.005,2.047,17498,2019-10-30 06:15:00
1122555,1122555,5679,2019-10-30 06:30:00-05,0.005,1.678,17499,2019-10-30 06:30:00
1122556,1122556,5679,2019-10-30 06:45:00-05,0.009,0.624,17500,2019-10-30 06:45:00
1122557,1122557,5679,2019-10-30 07:00:00-05,0.016,0.937,17501,2019-10-30 07:00:00
1122558,1122558,5679,2019-10-30 07:15:00-05,0.029,0.77,17502,2019-10-30 07:15:00
1122559,1122559,5679,2019-10-30 07:30:00-05,0.075,1.589,17503,2019-10-30 07:30:00
1122560,1122560,5679,2019-10-30 07:45:00-05,0.115,1.541,17504,2019-10-30 07:45:00
1122561,1122561,5679,2019-10-30 08:00:00-05,0.194,0.963,17505,2019-10-30 08:00:00
1122562,1122562,5679,2019-10-30 08:15:00-05,0.198,0.499,17506,2019-10-30 08:15:00
1122563,1122563,5679,2019-10-30 08:30:00-05,0.172,0.525,17507,2019-10-30 08:30:00
1122564,1122564,5679,2019-10-30 08:45:00-05,0.178,1.201,17508,2019-10-30 08:45:00
1122565,1122565,5679,2019-10-30 09:00:00-05,0.227,1.286,17509,2019-10-30 09:00:00
1122566,1122566,5679,2019-10-30 09:15:00-05,0.305,1.888,17510,2019-10-30 09:15:00
1122567,1122567,5679,2019-10-30 09:30:00-05,0.467,6.817,17511,2019-10-30 09:30:00
1122568,1122568,5679,2019-10-30 09:45:00-05,0.378,7.524,17512,2019-10-30 09:45:00
1122569,1122569,5679,2019-10-30 10:00:00-05,0.539,7.405,17513,2019-10-30 10:00:00
1122570,1122570,5679,2019-10-30 10:15:00-05,0.538,1.602,17514,2019-10-30 10:15:00
1122571,1122571,5679,2019-10-30 10:30:00-05,0.4,0.038,17515,2019-10-30 10:30:00
1122572,1122572,5679,2019-10-30 10:45:00-05,0.306,0.485,17516,2019-10-30 10:45:00
1122573,1122573,5679,2019-10-30 11:00:00-05,0.347,1.003,17517,2019-10-30 11:00:00
1122574,1122574,5679,2019-10-30 11:15:00-05,0.542,-0.009,17518,2019-10-30 11:15:00
1122575,1122575,5679,2019-10-30 11:30:00-05,0.583,0.295,17519,2019-10-30 11:30:00
1122576,1122576,5679,2019-10-30 11:45:00-05,0.873,0.627,17520,2019-10-30 11:45:00
1122577,1122577,5679,2019-10-30 12:00:00-05,0.552,0.063,17521,2019-10-30 12:00:00
1122578,1122578,5679,2019-10-30 12:15:00-05,0.479,0.757,17522,2019-10-30 12:15:00
1122579,1122579,5679,2019-10-30 12:30:00-05,0.301,0.402,17523,2019-10-30 12:30:00
1122580,1122580,5679,2019-10-30 12:45:00-05,0.309,0.244,17524,2019-10-30 12:45:00
1122581,1122581,5679,2019-10-30 13:00:00-05,0.524,0.148,17525,2019-10-30 13:00:00
1122582,1122582,5679,2019-10-30 13:15:00-05,0.517,0.256,17526,2019-10-30 13:15:00
1122583,1122583,5679,2019-10-30 13:30:00-05,0.172,0.262,17527,2019-10-30 13:30:00
1122584,1122584,5679,2019-10-30 13:45:00-05,0.159,0.336,17528,2019-10-30 13:45:00
1122585,1122585,5679,2019-10-30 14:00:00-05,0.154,0.312,17529,2019-10-30 14:00:00
1122586,1122586,5679,2019-10-30 14:15:00-05,0.096,0.513,17530,2019-10-30 14:15:00
1122587,1122587,5679,2019-10-30 14:30:00-05,0.102,0.543,17531,2019-10-30 14:30:00
1122588,1122588,5679,2019-10-30 14:45:00-05,0.102,1.341,17532,2019-10-30 14:45:00
1122589,1122589,5679,2019-10-30 15:00:00-05,0.135,11.397,17533,2019-10-30 15:00:00
1122590,1122590,5679,2019-10-30 15:15:00-05,0.225,10.124,17534,2019-10-30 15:15:00
1122591,1122591,5679,2019-10-30 15:30:00-05,0.219,8.543,17535,2019-10-30 15:30:00
1122592,1122592,5679,2019-10-30 15:45:00-05,0.18,7.884,17536,2019-10-30 15:45:00
1122593,1122593,5679,2019-10-30 16:00:00-05,0.101,7.843,17537,2019-10-30 16:00:00
1122594,1122594,5679,2019-10-30 16:15:00-05,0.038,6.228,17538,2019-10-30 16:15:00
1122595,1122595,5679,2019-10-30 16:30:00-05,0.016,1.157,17539,2019-10-30 16:30:00
1122596,1122596,5679,2019-10-30 16:45:00-05,0.006,0.778,17540,2019-10-30 16:45:00
1122597,1122597,5679,2019-10-30 17:00:00-05,0.006,0.832,17541,2019-10-30 17:00:00
1122598,1122598,5679,2019-10-30 17:15:00-05,0.005,1.03,17542,2019-10-30 17:15:00
1122599,1122599,5679,2019-10-30 17:30:00-05,0.005,1.373,17543,2019-10-30 17:30:00
1122600,1122600,5679,2019-10-30 17:45:00-05,0.005,1.748,17544,2019-10-30 17:45:00
1122601,1122601,5679,2019-10-30 18:00:00-05,0.006,1.44,17545,2019-10-30 18:00:00
1122602,1122602,5679,2019-10-30 18:15:00-05,0.006,1.447,17546,2019-10-30 18:15:00
1122603,1122603,5679,2019-10-30 18:30:00-05,0.006,1.714,17547,2019-10-30 18:30:00
1122604,1122604,5679,2019-10-30 18:45:00-05,0.007,0.647,17548,2019-10-30 18:45:00
1122605,1122605,5679,2019-10-30 19:00:00-05,0.006,0.708,17549,2019-10-30 19:00:00
1122606,1122606,5679,2019-10-30 19:15:00-05,0.006,0.698,17550,2019-10-30 19:15:00
1122607,1122607,5679,2019-10-30 19:30:00-05,0.007,0.744,17551,2019-10-30 19:30:00
1122608,1122608,5679,2019-10-30 19:45:00-05,0.007,0.728,17552,2019-10-30 19:45:00
1122609,1122609,5679,2019-10-30 20:00:00-05,0.007,0.858,17553,2019-10-30 20:00:00
1122610,1122610,5679,2019-10-30 20:15:00-05,0.007,0.767,17554,2019-10-30 20:15:00
1122611,1122611,5679,2019-10-30 20:30:00-05,0.006,0.949,17555,2019-10-30 20:30:00
1122612,1122612,5679,2019-10-30 20:45:00-05,0.006,0.888,17556,2019-10-30 20:45:00
1122613,1122613,5679,2019-10-30 21:00:00-05,0.007,0.689,17557,2019-10-30 21:00:00
1122614,1122614,5679,2019-10-30 21:15:00-05,0.007,0.692,17558,2019-10-30 21:15:00
1122615,1122615,5679,2019-10-30 21:30:00-05,0.007,0.679,17559,2019-10-30 21:30:00
1122616,1122616,5679,2019-10-30 21:45:00-05,0.006,1.038,17560,2019-10-30 21:45:00
1122617,1122617,5679,2019-10-30 22:00:00-05,0.007,0.673,17561,2019-10-30 22:00:00
1122618,1122618,5679,2019-10-30 22:15:00-05,0.007,0.618,17562,2019-10-30 22:15:00
1122619,1122619,5679,2019-10-30 22:30:00-05,0.007,0.672,17563,2019-10-30 22:30:00
1122620,1122620,5679,2019-10-30 22:45:00-05,0.007,0.695,17564,2019-10-30 22:45:00
1122621,1122621,5679,2019-10-30 23:00:00-05,0.007,0.685,17565,2019-10-30 23:00:00
1122622,1122622,5679,2019-10-30 23:15:00-05,0.007,0.601,17566,2019-10-30 23:15:00
1122623,1122623,5679,2019-10-30 23:30:00-05,0.007,0.671,17567,2019-10-30 23:30:00
1122624,1122624,5679,2019-10-30 23:45:00-05,0.007,0.585,17568,2019-10-30 23:45:00
1122625,1122625,5679,2019-10-31 00:00:00-05,0.007,0.52,17569,2019-10-31 00:00:00
1122626,1122626,5679,2019-10-31 00:15:00-05,0.007,0.608,17570,2019-10-31 00:15:00
1122627,1122627,5679,2019-10-31 00:30:00-05,0.007,0.642,17571,2019-10-31 00:30:00
1122628,1122628,5679,2019-10-31 00:45:00-05,0.007,0.386,17572,2019-10-31 00:45:00
1122629,1122629,5679,2019-10-31 01:00:00-05,0.007,0.371,17573,2019-10-31 01:00:00
1122630,1122630,5679,2019-10-31 01:15:00-05,0.007,0.372,17574,2019-10-31 01:15:00
1122631,1122631,5679,2019-10-31 01:30:00-05,0.007,0.392,17575,2019-10-31 01:30:00
1122632,1122632,5679,2019-10-31 01:45:00-05,0.007,0.364,17576,2019-10-31 01:45:00
1122633,1122633,5679,2019-10-31 02:00:00-05,0.007,0.359,17577,2019-10-31 02:00:00
1122634,1122634,5679,2019-10-31 02:15:00-05,0.007,0.302,17578,2019-10-31 02:15:00
1122635,1122635,5679,2019-10-31 02:30:00-05,0.007,0.447,17579,2019-10-31 02:30:00
1122636,1122636,5679,2019-10-31 02:45:00-05,0.007,0.605,17580,2019-10-31 02:45:00
1122637,1122637,5679,2019-10-31 03:00:00-05,0.007,0.434,17581,2019-10-31 03:00:00
1122638,1122638,5679,2019-10-31 03:15:00-05,0.007,0.477,17582,2019-10-31 03:15:00
1122639,1122639,5679,2019-10-31 03:30:00-05,0.006,0.997,17583,2019-10-31 03:30:00
1122640,1122640,5679,2019-10-31 03:45:00-05,0.006,0.857,17584,2019-10-31 03:45:00
1122641,1122641,5679,2019-10-31 04:00:00-05,0.007,0.706,17585,2019-10-31 04:00:00
1122642,1122642,5679,2019-10-31 04:15:00-05,0.007,0.576,17586,2019-10-31 04:15:00
1122643,1122643,5679,2019-10-31 04:30:00-05,0.007,0.448,17587,2019-10-31 04:30:00
1122644,1122644,5679,2019-10-31 04:45:00-05,0.007,0.399,17588,2019-10-31 04:45:00
1122645,1122645,5679,2019-10-31 05:00:00-05,0.007,0.493,17589,2019-10-31 05:00:00
1122646,1122646,5679,2019-10-31 05:15:00-05,0.007,0.393,17590,2019-10-31 05:15:00
1122647,1122647,5679,2019-10-31 05:30:00-05,0.007,0.565,17591,2019-10-31 05:30:00
1122648,1122648,5679,2019-10-31 05:45:00-05,0.006,1.013,17592,2019-10-31 05:45:00
1122649,1122649,5679,2019-10-31 06:00:00-05,0.007,0.805,17593,2019-10-31 06:00:00
1122650,1122650,5679,2019-10-31 06:15:00-05,0.005,2.266,17594,2019-10-31 06:15:00
1122651,1122651,5679,2019-10-31 06:30:00-05,0.006,1.537,17595,2019-10-31 06:30:00
1122652,1122652,5679,2019-10-31 06:45:00-05,0.008,0.573,17596,2019-10-31 06:45:00
1122653,1122653,5679,2019-10-31 07:00:00-05,0.014,1.164,17597,2019-10-31 07:00:00
1122654,1122654,5679,2019-10-31 07:15:00-05,0.026,0.606,17598,2019-10-31 07:15:00
1122655,1122655,5679,2019-10-31 07:30:00-05,0.13,0.845,17599,2019-10-31 07:30:00
1122656,1122656,5679,2019-10-31 07:45:00-05,0.227,1.064,17600,2019-10-31 07:45:00
1122657,1122657,5679,2019-10-31 08:00:00-05,0.255,1.348,17601,2019-10-31 08:00:00
1122658,1122658,5679,2019-10-31 08:15:00-05,0.414,0.183,17602,2019-10-31 08:15:00
1122659,1122659,5679,2019-10-31 08:30:00-05,0.347,0.319,17603,2019-10-31 08:30:00
1122660,1122660,5679,2019-10-31 08:45:00-05,0.354,0.241,17604,2019-10-31 08:45:00
1122661,1122661,5679,2019-10-31 09:00:00-05,0.374,0.087,17605,2019-10-31 09:00:00
1122662,1122662,5679,2019-10-31 09:15:00-05,0.336,0.077,17606,2019-10-31 09:15:00
1122663,1122663,5679,2019-10-31 09:30:00-05,0.244,0.226,17607,2019-10-31 09:30:00
1122664,1122664,5679,2019-10-31 09:45:00-05,0.202,0.392,17608,2019-10-31 09:45:00
1122665,1122665,5679,2019-10-31 10:00:00-05,0.246,1.185,17609,2019-10-31 10:00:00
1122666,1122666,5679,2019-10-31 10:15:00-05,0.192,0.287,17610,2019-10-31 10:15:00
1122667,1122667,5679,2019-10-31 10:30:00-05,0.126,0.624,17611,2019-10-31 10:30:00
1122668,1122668,5679,2019-10-31 10:45:00-05,0.159,0.526,17612,2019-10-31 10:45:00
1122669,1122669,5679,2019-10-31 11:00:00-05,0.269,0.427,17613,2019-10-31 11:00:00
1122670,1122670,5679,2019-10-31 11:15:00-05,0.37,0.212,17614,2019-10-31 11:15:00
1122671,1122671,5679,2019-10-31 11:30:00-05,0.252,0.299,17615,2019-10-31 11:30:00
1122672,1122672,5679,2019-10-31 11:45:00-05,0.154,0.372,17616,2019-10-31 11:45:00
1122673,1122673,5679,2019-10-31 12:00:00-05,0.285,0.396,17617,2019-10-31 12:00:00
1122674,1122674,5679,2019-10-31 12:15:00-05,0.144,0.442,17618,2019-10-31 12:15:00
1122675,1122675,5679,2019-10-31 12:30:00-05,0.083,0.388,17619,2019-10-31 12:30:00
1122676,1122676,5679,2019-10-31 12:45:00-05,0.088,0.368,17620,2019-10-31 12:45:00
1122677,1122677,5679,2019-10-31 13:00:00-05,0.105,5.891,17621,2019-10-31 13:00:00
1122678,1122678,5679,2019-10-31 13:15:00-05,0.073,7.8,17622,2019-10-31 13:15:00
1122679,1122679,5679,2019-10-31 13:30:00-05,0.155,7.182,17623,2019-10-31 13:30:00
1122680,1122680,5679,2019-10-31 13:45:00-05,0.067,7.359,17624,2019-10-31 13:45:00
1122681,1122681,5679,2019-10-31 14:00:00-05,0.121,7.273,17625,2019-10-31 14:00:00
1122682,1122682,5679,2019-10-31 14:15:00-05,0.199,7.311,17626,2019-10-31 14:15:00
1122683,1122683,5679,2019-10-31 14:30:00-05,0.153,6.364,17627,2019-10-31 14:30:00
1122684,1122684,5679,2019-10-31 14:45:00-05,0.124,0.81,17628,2019-10-31 14:45:00
1122685,1122685,5679,2019-10-31 15:00:00-05,0.113,0.608,17629,2019-10-31 15:00:00
1122686,1122686,5679,2019-10-31 15:15:00-05,0.068,0.706,17630,2019-10-31 15:15:00
1122687,1122687,5679,2019-10-31 15:30:00-05,0.039,0.708,17631,2019-10-31 15:30:00
1122688,1122688,5679,2019-10-31 15:45:00-05,0.031,0.721,17632,2019-10-31 15:45:00
1122689,1122689,5679,2019-10-31 16:00:00-05,0.017,0.677,17633,2019-10-31 16:00:00
1122690,1122690,5679,2019-10-31 16:15:00-05,0.014,0.62,17634,2019-10-31 16:15:00
1122691,1122691,5679,2019-10-31 16:30:00-05,0.007,0.958,17635,2019-10-31 16:30:00
1122692,1122692,5679,2019-10-31 16:45:00-05,0.006,0.535,17636,2019-10-31 16:45:00
1122693,1122693,5679,2019-10-31 17:00:00-05,0.006,1.108,17637,2019-10-31 17:00:00
1122694,1122694,5679,2019-10-31 17:15:00-05,0.006,0.881,17638,2019-10-31 17:15:00
1122695,1122695,5679,2019-10-31 17:30:00-05,0.006,0.862,17639,2019-10-31 17:30:00
1122696,1122696,5679,2019-10-31 17:45:00-05,0.006,0.696,17640,2019-10-31 17:45:00
1122697,1122697,5679,2019-10-31 18:00:00-05,0.006,0.725,17641,2019-10-31 18:00:00
1122698,1122698,5679,2019-10-31 18:15:00-05,0.006,0.675,17642,2019-10-31 18:15:00
1122699,1122699,5679,2019-10-31 18:30:00-05,0.006,0.782,17643,2019-10-31 18:30:00
1122700,1122700,5679,2019-10-31 18:45:00-05,0.005,1.496,17644,2019-10-31 18:45:00
1122701,1122701,5679,2019-10-31 19:00:00-05,0.005,1.471,17645,2019-10-31 19:00:00
1122702,1122702,5679,2019-10-31 19:15:00-05,0.006,1.307,17646,2019-10-31 19:15:00
1122703,1122703,5679,2019-10-31 19:30:00-05,0.006,1.146,17647,2019-10-31 19:30:00
1122704,1122704,5679,2019-10-31 19:45:00-05,0.006,1.064,17648,2019-10-31 19:45:00
1122705,1122705,5679,2019-10-31 20:00:00-05,0.006,0.968,17649,2019-10-31 20:00:00
1122706,1122706,5679,2019-10-31 20:15:00-05,0.006,0.938,17650,2019-10-31 20:15:00
1122707,1122707,5679,2019-10-31 20:30:00-05,0.006,0.853,17651,2019-10-31 20:30:00
1122708,1122708,5679,2019-10-31 20:45:00-05,0.006,0.949,17652,2019-10-31 20:45:00
1122709,1122709,5679,2019-10-31 21:00:00-05,0.006,1.069,17653,2019-10-31 21:00:00
1122710,1122710,5679,2019-10-31 21:15:00-05,0.006,0.919,17654,2019-10-31 21:15:00
1122711,1122711,5679,2019-10-31 21:30:00-05,0.006,0.734,17655,2019-10-31 21:30:00
1122712,1122712,5679,2019-10-31 21:45:00-05,0.006,0.856,17656,2019-10-31 21:45:00
1122713,1122713,5679,2019-10-31 22:00:00-05,0.006,0.802,17657,2019-10-31 22:00:00
1122714,1122714,5679,2019-10-31 22:15:00-05,0.006,0.739,17658,2019-10-31 22:15:00
1122715,1122715,5679,2019-10-31 22:30:00-05,0.006,0.697,17659,2019-10-31 22:30:00
1122716,1122716,5679,2019-10-31 22:45:00-05,0.006,0.669,17660,2019-10-31 22:45:00
1122717,1122717,5679,2019-10-31 23:00:00-05,0.006,0.727,17661,2019-10-31 23:00:00
1122718,1122718,5679,2019-10-31 23:15:00-05,0.007,0.65,17662,2019-10-31 23:15:00
1122719,1122719,5679,2019-10-31 23:30:00-05,0.007,0.786,17663,2019-10-31 23:30:00
1122720,1122720,5679,2019-10-31 23:45:00-05,0.007,0.782,17664,2019-10-31 23:45:00
